0.000000000000000000e+00 -1.007093743632877514e+00 1.000000000000000056e-01
4.016064257028112428e-01 -1.073304468454735261e+00 1.000000000000000056e-01
8.032128514056224855e-01 -8.194019096737968910e-01 1.000000000000000056e-01
1.204819277108433617e+00 -8.512487295031635481e-01 1.000000000000000056e-01
1.606425702811244971e+00 -7.973006488022240656e-01 1.000000000000000056e-01
2.008032128514056325e+00 -7.603749283755735222e-01 1.000000000000000056e-01
2.409638554216867234e+00 -1.473956866339443561e+00 1.000000000000000056e-01
2.811244979919678588e+00 -1.383883822695292976e+00 1.000000000000000056e-01
3.212851405622489942e+00 -1.467531238318352749e+00 1.000000000000000056e-01
3.614457831325301296e+00 -1.385842987484455335e+00 1.000000000000000056e-01
4.016064257028112650e+00 -1.099757620318059015e+00 1.000000000000000056e-01
4.417670682730923559e+00 -5.191321736511851359e-01 1.000000000000000056e-01
4.819277108433734469e+00 1.576902985981727678e-01 1.000000000000000056e-01
5.220883534136546267e+00 4.992906095990435889e-01 1.000000000000000056e-01
5.622489959839357176e+00 6.742556875252676551e-01 1.000000000000000056e-01
6.024096385542168974e+00 5.570578313955352190e-01 1.000000000000000056e-01
6.425702811244979884e+00 5.203577119698394871e-01 1.000000000000000056e-01
6.827309236947790794e+00 2.347874144777407079e-01 1.000000000000000056e-01
7.228915662650602592e+00 2.713171003613898402e-02 1.000000000000000056e-01
7.630522088353413501e+00 -4.909866206626279372e-01 1.000000000000000056e-01
8.032128514056225299e+00 -4.560191085985872417e-01 1.000000000000000056e-01
8.433734939759036209e+00 -3.572745010608181504e-01 1.000000000000000056e-01
8.835341365461847118e+00 -4.427382361384296638e-02 1.000000000000000056e-01
9.236947791164658028e+00 5.342750004215073290e-01 1.000000000000000056e-01
9.638554216867468938e+00 7.227194191445002192e-01 1.000000000000000056e-01
1.004016064257028162e+01 1.000674932341103052e+00 1.000000000000000056e-01
1.044176706827309253e+01 8.208738946616305210e-01 1.000000000000000056e-01
1.084337349397590344e+01 7.601004800287389784e-01 1.000000000000000056e-01
1.124497991967871435e+01 6.340672355500730495e-01 1.000000000000000056e-01
1.164658634538152526e+01 2.107858894423321194e-01 1.000000000000000056e-01
1.204819277108433795e+01 -1.461878970447799686e-01 1.000000000000000056e-01
1.244979919678714886e+01 -4.933667240257711417e-01 1.000000000000000056e-01
1.285140562248995977e+01 -4.873047075241152548e-01 1.000000000000000056e-01
1.325301204819277068e+01 -4.826472559053969769e-01 1.000000000000000056e-01
1.365461847389558159e+01 -6.463214646097020788e-01 1.000000000000000056e-01
1.405622489959839427e+01 -5.856215495875625177e-01 1.000000000000000056e-01
1.445783132530120518e+01 -5.815893133912264368e-01 1.000000000000000056e-01
1.485943775100401609e+01 -1.512510453650280917e-01 1.000000000000000056e-01
1.526104417670682700e+01 5.680830894882430426e-01 1.000000000000000056e-01
1.566265060240963791e+01 8.987372326603634276e-01 1.000000000000000056e-01
1.606425702811245060e+01 1.243111322807290975e+00 1.000000000000000056e-01
1.646586345381525973e+01 1.242735400222914954e+00 1.000000000000000056e-01
1.686746987951807242e+01 1.077936605346296872e+00 1.000000000000000056e-01
1.726907630522088510e+01 1.015655850599336274e+00 1.000000000000000056e-01
1.767068273092369424e+01 6.289036657397546470e-01 1.000000000000000056e-01
1.807228915662650692e+01 6.036250253102853902e-01 1.000000000000000056e-01
1.847389558232931606e+01 1.263731873514229997e-01 1.000000000000000056e-01
1.887550200803212874e+01 -2.580629899363123259e-01 1.000000000000000056e-01
1.927710843373493788e+01 -6.762883018467151786e-01 1.000000000000000056e-01
1.967871485943775056e+01 -1.391948137466902491e+00 1.000000000000000056e-01
2.008032128514056325e+01 -1.739879546141201550e+00 1.000000000000000056e-01
2.048192771084337238e+01 -1.012329325280059811e+00 1.000000000000000056e-01
2.088353413654618507e+01 -7.170318397213294448e-01 1.000000000000000056e-01
2.128514056224899420e+01 1.193784999745123726e-01 1.000000000000000056e-01
2.168674698795180689e+01 7.423223794994495695e-01 1.000000000000000056e-01
2.208835341365461957e+01 1.290931894013136905e+00 1.000000000000000056e-01
2.248995983935742871e+01 1.546745603608608244e+00 1.000000000000000056e-01
2.289156626506024139e+01 1.431164913410676087e+00 1.000000000000000056e-01
2.329317269076305053e+01 1.423401627303440442e+00 1.000000000000000056e-01
2.369477911646586321e+01 1.200408928831851796e+00 1.000000000000000056e-01
2.409638554216867590e+01 1.310192016869329512e+00 1.000000000000000056e-01
2.449799196787148503e+01 1.245768358783302610e+00 1.000000000000000056e-01
2.489959839357429772e+01 8.212616473283226304e-01 1.000000000000000056e-01
2.530120481927710685e+01 7.444677616870071235e-01 1.000000000000000056e-01
2.570281124497991954e+01 2.577635986298384418e-01 1.000000000000000056e-01
2.610441767068273222e+01 -2.018235449990795349e-01 1.000000000000000056e-01
2.650602409638554136e+01 -4.257736013434747502e-01 1.000000000000000056e-01
2.690763052208835404e+01 -6.893998950861349728e-01 1.000000000000000056e-01
2.730923694779116317e+01 -1.002844965701932045e+00 1.000000000000000056e-01
2.771084337349397586e+01 -8.794438817769599792e-01 1.000000000000000056e-01
2.811244979919678855e+01 -3.685048247699259649e-01 1.000000000000000056e-01
2.851405622489959768e+01 -5.602077273390934642e-02 1.000000000000000056e-01
2.891566265060241037e+01 2.971553148354392770e-01 1.000000000000000056e-01
2.931726907630521950e+01 6.207690576071491773e-01 1.000000000000000056e-01
2.971887550200803219e+01 7.889807806206717844e-01 1.000000000000000056e-01
3.012048192771084487e+01 8.765872984847996596e-01 1.000000000000000056e-01
3.052208835341365400e+01 9.061000376680107271e-01 1.000000000000000056e-01
3.092369477911646669e+01 8.417218903246451722e-01 1.000000000000000056e-01
3.132530120481927582e+01 9.090739915779212366e-01 1.000000000000000056e-01
3.172690763052208851e+01 6.910030842338990009e-01 1.000000000000000056e-01
3.212851405622490120e+01 6.725428551234536867e-01 1.000000000000000056e-01
3.253012048192771033e+01 1.080424523545985727e+00 1.000000000000000056e-01
3.293172690763051946e+01 1.585895852016240948e+00 1.000000000000000056e-01
3.333333333333333570e+01 1.893644361169652512e+00 1.000000000000000056e-01
3.373493975903614484e+01 2.366604802506918404e+00 1.000000000000000056e-01
3.413654618473895397e+01 2.421935842659372007e+00 1.000000000000000056e-01
3.453815261044177021e+01 2.104869530748109785e+00 1.000000000000000056e-01
3.493975903614457934e+01 1.794635779833029243e+00 1.000000000000000056e-01
3.534136546184738847e+01 1.131516599434313042e+00 1.000000000000000056e-01
3.574297188755019761e+01 5.454563541750215849e-01 1.000000000000000056e-01
3.614457831325301385e+01 8.105769760090181242e-02 1.000000000000000056e-01
3.654618473895582298e+01 -3.308969533595749746e-01 1.000000000000000056e-01
3.694779116465863211e+01 -5.069560338832166391e-01 1.000000000000000056e-01
3.734939759036144835e+01 -5.581548140710532735e-01 1.000000000000000056e-01
3.775100401606425748e+01 -6.118194384950423892e-01 1.000000000000000056e-01
3.815261044176706662e+01 -9.867530379306819199e-01 1.000000000000000056e-01
3.855421686746987575e+01 -1.235183201807021014e+00 1.000000000000000056e-01
3.895582329317269199e+01 -1.589251412783604600e+00 1.000000000000000056e-01
3.935742971887550112e+01 -1.766029223631753853e+00 1.000000000000000056e-01
3.975903614457831026e+01 -1.661361013283447541e+00 1.000000000000000056e-01
4.016064257028112650e+01 -1.563846509488998837e+00 1.000000000000000056e-01
4.056224899598393563e+01 -1.023848062371219392e+00 1.000000000000000056e-01
4.096385542168674476e+01 -7.146017942784909094e-01 1.000000000000000056e-01
4.136546184738956100e+01 -7.330049731724688766e-02 1.000000000000000056e-01
4.176706827309237013e+01 3.052041448837479187e-01 1.000000000000000056e-01
4.216867469879517927e+01 9.706534459094985356e-01 1.000000000000000056e-01
4.257028112449798840e+01 1.253267453460031433e+00 1.000000000000000056e-01
4.297188755020080464e+01 1.051363899574798699e+00 1.000000000000000056e-01
4.337349397590361377e+01 6.408682736670259228e-01 1.000000000000000056e-01
4.377510040160642291e+01 2.493459185387824628e-01 1.000000000000000056e-01
4.417670682730923915e+01 -3.346860029056420993e-01 1.000000000000000056e-01
4.457831325301204828e+01 -1.061835683760887106e+00 1.000000000000000056e-01
4.497991967871485741e+01 -1.236902282507147621e+00 1.000000000000000056e-01
4.538152610441767365e+01 -9.841695300407108382e-01 1.000000000000000056e-01
4.578313253012048278e+01 -7.973827678748670600e-01 1.000000000000000056e-01
4.618473895582329192e+01 -5.726391522851992377e-01 1.000000000000000056e-01
4.658634538152610105e+01 -2.785836486029363290e-01 1.000000000000000056e-01
4.698795180722891729e+01 -1.452143354673630371e-01 1.000000000000000056e-01
4.738955823293172642e+01 -7.171443860574003293e-02 1.000000000000000056e-01
4.779116465863453556e+01 -1.093752272616180660e-01 1.000000000000000056e-01
4.819277108433735179e+01 6.164053913217850539e-02 1.000000000000000056e-01
4.859437751004016093e+01 1.871913460748235725e-01 1.000000000000000056e-01
4.899598393574297006e+01 -9.885690221287286861e-02 1.000000000000000056e-01
4.939759036144578630e+01 -1.743530259248896319e-01 1.000000000000000056e-01
4.979919678714859543e+01 -5.053867182889190124e-01 1.000000000000000056e-01
5.020080321285140457e+01 -5.654299771521739126e-01 1.000000000000000056e-01
5.060240963855421370e+01 -5.423614288045877085e-01 1.000000000000000056e-01
5.100401606425702994e+01 -3.853406207952795315e-01 1.000000000000000056e-01
5.140562248995983907e+01 9.760665611022481536e-02 1.000000000000000056e-01
5.180722891566264821e+01 6.932460047692983185e-01 1.000000000000000056e-01
5.220883534136546444e+01 1.541331048706739315e+00 1.000000000000000056e-01
5.261044176706827358e+01 2.198818976993091923e+00 1.000000000000000056e-01
5.301204819277108271e+01 2.502859695421090436e+00 1.000000000000000056e-01
5.341365461847389184e+01 2.409405070133556759e+00 1.000000000000000056e-01
5.381526104417670808e+01 1.987290736386678525e+00 1.000000000000000056e-01
5.421686746987951722e+01 1.459918564662089357e+00 1.000000000000000056e-01
5.461847389558232635e+01 1.059887066305679415e+00 1.000000000000000056e-01
5.502008032128514259e+01 7.048169593077103778e-01 1.000000000000000056e-01
5.542168674698795172e+01 5.227009609754948993e-01 1.000000000000000056e-01
5.582329317269076085e+01 6.019831060649829535e-01 1.000000000000000056e-01
5.622489959839357709e+01 1.685697345840030392e-01 1.000000000000000056e-01
5.662650602409638623e+01 -7.040937496144838992e-02 1.000000000000000056e-01
5.702811244979919536e+01 -5.970369461220058627e-01 1.000000000000000056e-01
5.742971887550200449e+01 -5.531828647845282720e-01 1.000000000000000056e-01
5.783132530120482073e+01 -5.928061727795982394e-01 1.000000000000000056e-01
5.823293172690762987e+01 -5.313686974266269569e-01 1.000000000000000056e-01
5.863453815261043900e+01 -7.230788249009563184e-01 1.000000000000000056e-01
5.903614457831325524e+01 -1.134146716091880558e+00 1.000000000000000056e-01
5.943775100401606437e+01 -1.127082152699038886e+00 1.000000000000000056e-01
5.983935742971887350e+01 -9.815736105435817205e-01 1.000000000000000056e-01
6.024096385542168974e+01 -8.422283277201766394e-01 1.000000000000000056e-01
6.064257028112449888e+01 -8.273740350710809821e-01 1.000000000000000056e-01
6.104417670682730801e+01 -8.134267372857757472e-01 1.000000000000000056e-01
6.144578313253011714e+01 -8.043695477081902467e-01 1.000000000000000056e-01
6.184738955823293338e+01 -6.974369861339024812e-01 1.000000000000000056e-01
6.224899598393574252e+01 -7.201721051057770051e-01 1.000000000000000056e-01
6.265060240963855165e+01 -7.911575735536566789e-01 1.000000000000000056e-01
6.305220883534136789e+01 -7.711829869791184677e-01 1.000000000000000056e-01
6.345381526104417702e+01 -7.024147429763930583e-01 1.000000000000000056e-01
6.385542168674698615e+01 -8.156119584442395043e-01 1.000000000000000056e-01
6.425702811244980239e+01 -1.079348946286206701e+00 1.000000000000000056e-01
6.465863453815261153e+01 -1.453015625247921161e+00 1.000000000000000056e-01
6.506024096385542066e+01 -1.790702304425865199e+00 1.000000000000000056e-01
6.546184738955822979e+01 -1.978555718645174988e+00 1.000000000000000056e-01
6.586345381526103893e+01 -1.985769111777112794e+00 1.000000000000000056e-01
6.626506024096384806e+01 -2.000404393596197039e+00 1.000000000000000056e-01
6.666666666666667140e+01 -1.820957184337023360e+00 1.000000000000000056e-01
6.706827309236948054e+01 -1.711065464133271652e+00 1.000000000000000056e-01
6.746987951807228967e+01 -1.507811550619292840e+00 1.000000000000000056e-01
6.787148594377509880e+01 -1.233765405263555825e+00 1.000000000000000056e-01
6.827309236947790794e+01 -9.035841111954026061e-01 1.000000000000000056e-01
6.867469879518071707e+01 -8.165626986992621239e-01 1.000000000000000056e-01
6.907630522088354041e+01 -6.773180564240766088e-01 1.000000000000000056e-01
6.947791164658634955e+01 -7.821250390046395884e-01 1.000000000000000056e-01
6.987951807228915868e+01 -7.183627424669576378e-01 1.000000000000000056e-01
7.028112449799196781e+01 -5.126452816483180186e-01 1.000000000000000056e-01
7.068273092369477695e+01 -4.545195059494201439e-01 1.000000000000000056e-01
7.108433734939758608e+01 -5.964626418206041558e-01 1.000000000000000056e-01
7.148594377510039521e+01 -7.379816650058594885e-01 1.000000000000000056e-01
7.188755020080321856e+01 -1.069141677830027337e+00 1.000000000000000056e-01
7.228915662650602769e+01 -1.239320308380230440e+00 1.000000000000000056e-01
7.269076305220883683e+01 -7.080169834851814947e-01 1.000000000000000056e-01
7.309236947791164596e+01 -2.867260431284173183e-01 1.000000000000000056e-01
7.349397590361445509e+01 4.413514221305862573e-01 1.000000000000000056e-01
7.389558232931726423e+01 8.119114291723409371e-01 1.000000000000000056e-01
7.429718875502007336e+01 8.757901091401563143e-01 1.000000000000000056e-01
7.469879518072289670e+01 1.020841649900466885e+00 1.000000000000000056e-01
7.510040160642570584e+01 1.130229652116773842e+00 1.000000000000000056e-01
7.550200803212851497e+01 1.082984008506996609e+00 1.000000000000000056e-01
7.590361445783132410e+01 1.143826729057935809e+00 1.000000000000000056e-01
7.630522088353413324e+01 1.371023865075548409e+00 1.000000000000000056e-01
7.670682730923694237e+01 1.224128311119561774e+00 1.000000000000000056e-01
7.710843373493975150e+01 1.015762373296035248e+00 1.000000000000000056e-01
7.751004016064257485e+01 4.333355200613299707e-01 1.000000000000000056e-01
7.791164658634538398e+01 -5.740480133206922186e-01 1.000000000000000056e-01
7.831325301204819311e+01 -1.292335828369356232e+00 1.000000000000000056e-01
7.871485943775100225e+01 -1.853771189940087272e+00 1.000000000000000056e-01
7.911646586345381138e+01 -2.312070311745017204e+00 1.000000000000000056e-01
7.951807228915662051e+01 -2.220259936947548418e+00 1.000000000000000056e-01
7.991967871485944386e+01 -2.314488039941442477e+00 1.000000000000000056e-01
8.032128514056225299e+01 -2.250589520296477630e+00 1.000000000000000056e-01
8.072289156626506212e+01 -2.034530977727215806e+00 1.000000000000000056e-01
8.112449799196787126e+01 -2.161522454480642619e+00 1.000000000000000056e-01
8.152610441767068039e+01 -2.491044925220392781e+00 1.000000000000000056e-01
8.192771084337348952e+01 -2.551804795922727909e+00 1.000000000000000056e-01
8.232931726907629866e+01 -2.946936216226737848e+00 1.000000000000000056e-01
8.273092369477912200e+01 -3.112261436924018021e+00 1.000000000000000056e-01
8.313253012048193114e+01 -3.385609863083169024e+00 1.000000000000000056e-01
8.353413654618474027e+01 -3.337169879028635044e+00 1.000000000000000056e-01
8.393574297188754940e+01 -2.863552719867114682e+00 1.000000000000000056e-01
8.433734939759035854e+01 -2.561295703889185482e+00 1.000000000000000056e-01
8.473895582329316767e+01 -2.059663285368702024e+00 1.000000000000000056e-01
8.514056224899597680e+01 -1.454245310653746959e+00 1.000000000000000056e-01
8.554216867469880015e+01 -1.090941455906566881e+00 1.000000000000000056e-01
8.594377510040160928e+01 -5.571661122460114246e-01 1.000000000000000056e-01
8.634538152610441841e+01 -3.464070132759163867e-01 1.000000000000000056e-01
8.674698795180722755e+01 5.971192524378641231e-01 1.000000000000000056e-01
8.714859437751003668e+01 1.529140817030506305e+00 1.000000000000000056e-01
8.755020080321284581e+01 2.044295347041943156e+00 1.000000000000000056e-01
8.795180722891566916e+01 2.616549946332377807e+00 1.000000000000000056e-01
8.835341365461847829e+01 2.992409352563406344e+00 1.000000000000000056e-01
8.875502008032128742e+01 3.328281475681192703e+00 1.000000000000000056e-01
8.915662650602409656e+01 3.572628885879529204e+00 1.000000000000000056e-01
8.955823293172690569e+01 4.259973719354990251e+00 1.000000000000000056e-01
8.995983935742971482e+01 4.518797316993929059e+00 1.000000000000000056e-01
9.036144578313252396e+01 4.840878808945531020e+00 1.000000000000000056e-01
9.076305220883534730e+01 4.640560335433866257e+00 1.000000000000000056e-01
9.116465863453815643e+01 4.188669471167750125e+00 1.000000000000000056e-01
9.156626506024096557e+01 3.531576553478465552e+00 1.000000000000000056e-01
9.196787148594377470e+01 2.546277554537898169e+00 1.000000000000000056e-01
9.236947791164658383e+01 1.691825081793313146e+00 1.000000000000000056e-01
9.277108433734939297e+01 9.623725607829818340e-01 1.000000000000000056e-01
9.317269076305220210e+01 2.837150960114047105e-01 1.000000000000000056e-01
9.357429718875502545e+01 4.220662239649822789e-01 1.000000000000000056e-01
9.397590361445783458e+01 3.425569526934868492e-01 1.000000000000000056e-01
9.437751004016064371e+01 1.628172774876217865e-01 1.000000000000000056e-01
9.477911646586345285e+01 1.774114841324692937e-01 1.000000000000000056e-01
9.518072289156626198e+01 -2.729898351885030050e-01 1.000000000000000056e-01
9.558232931726907111e+01 -6.703084932452703093e-01 1.000000000000000056e-01
9.598393574297188025e+01 -9.779280454761615227e-01 1.000000000000000056e-01
9.638554216867470359e+01 -1.276023698823052888e+00 1.000000000000000056e-01
9.678714859437751272e+01 -1.292674042173948434e+00 1.000000000000000056e-01
9.718875502008032186e+01 -1.093608168079658327e+00 1.000000000000000056e-01
9.759036144578313099e+01 -9.873497785178165786e-01 1.000000000000000056e-01
9.799196787148594012e+01 -4.231938222742809841e-01 1.000000000000000056e-01
9.839357429718874926e+01 -7.488226269759426512e-02 1.000000000000000056e-01
9.879518072289157260e+01 2.959827637813015888e-03 1.000000000000000056e-01
9.919678714859438173e+01 6.774576821284813977e-02 1.000000000000000056e-01
9.959839357429719087e+01 4.308351531627542808e-01 1.000000000000000056e-01
1.000000000000000000e+02 6.750099390186188320e-01 1.000000000000000056e-01
