0.000000000000000000e+00 -7.812074047594582682e-01 1.000000000000000056e-01
4.016064257028112428e-01 -6.992289186684508273e-01 1.000000000000000056e-01
8.032128514056224855e-01 -5.096804598936545139e-01 1.000000000000000056e-01
1.204819277108433617e+00 -3.842115431949116866e-01 1.000000000000000056e-01
1.606425702811244971e+00 -1.221191379210237321e-01 1.000000000000000056e-01
2.008032128514056325e+00 5.211246974220497957e-02 1.000000000000000056e-01
2.409638554216867234e+00 4.998374541520873016e-01 1.000000000000000056e-01
2.811244979919678588e+00 4.638681642867505395e-01 1.000000000000000056e-01
3.212851405622489942e+00 5.094956594978281572e-01 1.000000000000000056e-01
3.614457831325301296e+00 7.318654644440438783e-01 1.000000000000000056e-01
4.016064257028112650e+00 7.711876554012384588e-01 1.000000000000000056e-01
4.417670682730923559e+00 5.041162537269223698e-01 1.000000000000000056e-01
4.819277108433734469e+00 3.473626894887041350e-02 1.000000000000000056e-01
5.220883534136546267e+00 -3.120418372530499584e-01 1.000000000000000056e-01
5.622489959839357176e+00 -5.746798527395945433e-01 1.000000000000000056e-01
6.024096385542168974e+00 -6.617322325896044521e-01 1.000000000000000056e-01
6.425702811244979884e+00 -2.240643629097950618e-01 1.000000000000000056e-01
6.827309236947790794e+00 3.440203664989975318e-01 1.000000000000000056e-01
7.228915662650602592e+00 5.459776225074706169e-01 1.000000000000000056e-01
7.630522088353413501e+00 6.650547614329818114e-01 1.000000000000000056e-01
8.032128514056225299e+00 -9.120863968735520855e-02 1.000000000000000056e-01
8.433734939759036209e+00 -7.676506185362906853e-01 1.000000000000000056e-01
8.835341365461847118e+00 -1.578999253971061556e+00 1.000000000000000056e-01
9.236947791164658028e+00 -2.380755852148946694e+00 1.000000000000000056e-01
9.638554216867468938e+00 -1.902409107515054654e+00 1.000000000000000056e-01
1.004016064257028162e+01 -1.397185459435918986e+00 1.000000000000000056e-01
1.044176706827309253e+01 -8.836279677258294107e-01 1.000000000000000056e-01
1.084337349397590344e+01 -2.973228325764432634e-01 1.000000000000000056e-01
1.124497991967871435e+01 4.516367275089598343e-01 1.000000000000000056e-01
1.164658634538152526e+01 1.151309987379641742e+00 1.000000000000000056e-01
1.204819277108433795e+01 2.272635775513759171e+00 1.000000000000000056e-01
1.244979919678714886e+01 2.420240817326584803e+00 1.000000000000000056e-01
1.285140562248995977e+01 2.485271468669708383e+00 1.000000000000000056e-01
1.325301204819277068e+01 2.044624859064796851e+00 1.000000000000000056e-01
1.365461847389558159e+01 1.239819289291349325e+00 1.000000000000000056e-01
1.405622489959839427e+01 5.989229641920698066e-01 1.000000000000000056e-01
1.445783132530120518e+01 -1.101779319865668072e-01 1.000000000000000056e-01
1.485943775100401609e+01 -7.935984694818841723e-01 1.000000000000000056e-01
1.526104417670682700e+01 -1.191815665574818883e+00 1.000000000000000056e-01
1.566265060240963791e+01 -1.392981386103834707e+00 1.000000000000000056e-01
1.606425702811245060e+01 -1.460563411920655419e+00 1.000000000000000056e-01
1.646586345381525973e+01 -1.855278667588887043e+00 1.000000000000000056e-01
1.686746987951807242e+01 -2.567666922495768222e+00 1.000000000000000056e-01
1.726907630522088510e+01 -3.423375864248574985e+00 1.000000000000000056e-01
1.767068273092369424e+01 -3.498684353988015250e+00 1.000000000000000056e-01
1.807228915662650692e+01 -3.714440355624098800e+00 1.000000000000000056e-01
1.847389558232931606e+01 -3.392939768761913832e+00 1.000000000000000056e-01
1.887550200803212874e+01 -2.649940081395558700e+00 1.000000000000000056e-01
1.927710843373493788e+01 -1.999369753011150053e+00 1.000000000000000056e-01
1.967871485943775056e+01 -1.516932922702373343e+00 1.000000000000000056e-01
2.008032128514056325e+01 -1.307300072498972732e+00 1.000000000000000056e-01
2.048192771084337238e+01 -1.522061309731979728e+00 1.000000000000000056e-01
2.088353413654618507e+01 -1.913055555857253731e+00 1.000000000000000056e-01
2.128514056224899420e+01 -2.204624828196765751e+00 1.000000000000000056e-01
2.168674698795180689e+01 -2.219138572603760018e+00 1.000000000000000056e-01
2.208835341365461957e+01 -1.743315190478998300e+00 1.000000000000000056e-01
2.248995983935742871e+01 -1.246447925786741573e+00 1.000000000000000056e-01
2.289156626506024139e+01 -7.068218555947389792e-01 1.000000000000000056e-01
2.329317269076305053e+01 2.335773084364692331e-01 1.000000000000000056e-01
2.369477911646586321e+01 4.674218431097886262e-01 1.000000000000000056e-01
2.409638554216867590e+01 3.943910534823321656e-01 1.000000000000000056e-01
2.449799196787148503e+01 1.388731917634921098e-01 1.000000000000000056e-01
2.489959839357429772e+01 -9.277755180597402340e-02 1.000000000000000056e-01
2.530120481927710685e+01 -1.864971227213211014e-01 1.000000000000000056e-01
2.570281124497991954e+01 -1.716934890451070062e-01 1.000000000000000056e-01
2.610441767068273222e+01 -5.436013058783274454e-01 1.000000000000000056e-01
2.650602409638554136e+01 -4.573660917672462412e-01 1.000000000000000056e-01
2.690763052208835404e+01 -9.862832054858337028e-01 1.000000000000000056e-01
2.730923694779116317e+01 -1.206280000187345269e+00 1.000000000000000056e-01
2.771084337349397586e+01 -1.563384622086571696e+00 1.000000000000000056e-01
2.811244979919678855e+01 -1.942075536323570883e+00 1.000000000000000056e-01
2.851405622489959768e+01 -1.786225603314328003e+00 1.000000000000000056e-01
2.891566265060241037e+01 -1.586180173094163148e+00 1.000000000000000056e-01
2.931726907630521950e+01 -1.219727868988776720e+00 1.000000000000000056e-01
2.971887550200803219e+01 -9.389227432764909453e-01 1.000000000000000056e-01
3.012048192771084487e+01 -7.411431873414923155e-01 1.000000000000000056e-01
3.052208835341365400e+01 -2.932118989963219957e-01 1.000000000000000056e-01
3.092369477911646669e+01 -1.386649604407181879e-01 1.000000000000000056e-01
3.132530120481927582e+01 4.430040533766632649e-01 1.000000000000000056e-01
3.172690763052208851e+01 9.644087174090862913e-01 1.000000000000000056e-01
3.212851405622490120e+01 1.260438532845811643e+00 1.000000000000000056e-01
3.253012048192771033e+01 9.386150678924509716e-01 1.000000000000000056e-01
3.293172690763051946e+01 9.216320266307758136e-01 1.000000000000000056e-01
3.333333333333333570e+01 8.889768484923450398e-01 1.000000000000000056e-01
3.373493975903614484e+01 4.806308798472579413e-01 1.000000000000000056e-01
3.413654618473895397e+01 6.758861630833887246e-02 1.000000000000000056e-01
3.453815261044177021e+01 -6.047786512183426222e-01 1.000000000000000056e-01
3.493975903614457934e+01 -7.861316893842575926e-01 1.000000000000000056e-01
3.534136546184738847e+01 -4.795945333910490715e-01 1.000000000000000056e-01
3.574297188755019761e+01 2.839204637907555284e-01 1.000000000000000056e-01
3.614457831325301385e+01 9.978302819309619043e-01 1.000000000000000056e-01
3.654618473895582298e+01 1.743991928759562438e+00 1.000000000000000056e-01
3.694779116465863211e+01 1.904140878005485371e+00 1.000000000000000056e-01
3.734939759036144835e+01 1.915471842481849096e+00 1.000000000000000056e-01
3.775100401606425748e+01 1.722428883844386416e+00 1.000000000000000056e-01
3.815261044176706662e+01 1.593504393759156645e+00 1.000000000000000056e-01
3.855421686746987575e+01 1.227547937450689464e+00 1.000000000000000056e-01
3.895582329317269199e+01 1.304266100112058790e+00 1.000000000000000056e-01
3.935742971887550112e+01 1.151946664814903709e+00 1.000000000000000056e-01
3.975903614457831026e+01 1.397075416598891673e+00 1.000000000000000056e-01
4.016064257028112650e+01 1.597023794481060355e+00 1.000000000000000056e-01
4.056224899598393563e+01 1.781567788259333707e+00 1.000000000000000056e-01
4.096385542168674476e+01 1.658223505706569956e+00 1.000000000000000056e-01
4.136546184738956100e+01 1.143701518933917471e+00 1.000000000000000056e-01
4.176706827309237013e+01 7.612151653835173004e-01 1.000000000000000056e-01
4.216867469879517927e+01 3.405055569541586280e-01 1.000000000000000056e-01
4.257028112449798840e+01 2.217026712463295302e-01 1.000000000000000056e-01
4.297188755020080464e+01 6.915785112025091275e-01 1.000000000000000056e-01
4.337349397590361377e+01 4.549985100853884967e-01 1.000000000000000056e-01
4.377510040160642291e+01 5.792957148504702669e-01 1.000000000000000056e-01
4.417670682730923915e+01 9.307628246797443605e-01 1.000000000000000056e-01
4.457831325301204828e+01 1.444466537617284052e+00 1.000000000000000056e-01
4.497991967871485741e+01 1.950224279677682082e+00 1.000000000000000056e-01
4.538152610441767365e+01 1.855679890877558913e+00 1.000000000000000056e-01
4.578313253012048278e+01 1.489366668625265788e+00 1.000000000000000056e-01
4.618473895582329192e+01 1.025419006674990419e+00 1.000000000000000056e-01
4.658634538152610105e+01 1.599152075606508072e-01 1.000000000000000056e-01
4.698795180722891729e+01 -6.228702285102040159e-01 1.000000000000000056e-01
4.738955823293172642e+01 -1.424868167255035178e+00 1.000000000000000056e-01
4.779116465863453556e+01 -2.501849945393606944e+00 1.000000000000000056e-01
4.819277108433735179e+01 -3.405726982234686506e+00 1.000000000000000056e-01
4.859437751004016093e+01 -4.023856350670537374e+00 1.000000000000000056e-01
4.899598393574297006e+01 -4.155970833183561197e+00 1.000000000000000056e-01
4.939759036144578630e+01 -4.056730770434841205e+00 1.000000000000000056e-01
4.979919678714859543e+01 -4.252863041208664541e+00 1.000000000000000056e-01
5.020080321285140457e+01 -3.777394011674173324e+00 1.000000000000000056e-01
5.060240963855421370e+01 -3.155570827903070086e+00 1.000000000000000056e-01
5.100401606425702994e+01 -2.248306187852265658e+00 1.000000000000000056e-01
5.140562248995983907e+01 -1.106774129760417003e+00 1.000000000000000056e-01
5.180722891566264821e+01 1.399411464170164099e-01 1.000000000000000056e-01
5.220883534136546444e+01 1.244882349454136561e+00 1.000000000000000056e-01
5.261044176706827358e+01 1.990413176175863219e+00 1.000000000000000056e-01
5.301204819277108271e+01 2.152919145019946967e+00 1.000000000000000056e-01
5.341365461847389184e+01 1.795601249901438212e+00 1.000000000000000056e-01
5.381526104417670808e+01 8.491776106403138291e-01 1.000000000000000056e-01
5.421686746987951722e+01 -2.718585176168821227e-01 1.000000000000000056e-01
5.461847389558232635e+01 -1.002653432433914027e+00 1.000000000000000056e-01
5.502008032128514259e+01 -1.495913319787045337e+00 1.000000000000000056e-01
5.542168674698795172e+01 -1.114868333378814302e+00 1.000000000000000056e-01
5.582329317269076085e+01 -6.564536522839483634e-01 1.000000000000000056e-01
5.622489959839357709e+01 2.257187457062423408e-01 1.000000000000000056e-01
5.662650602409638623e+01 4.081197395787347637e-01 1.000000000000000056e-01
5.702811244979919536e+01 7.213805245703750479e-01 1.000000000000000056e-01
5.742971887550200449e+01 1.095359092495154618e+00 1.000000000000000056e-01
5.783132530120482073e+01 1.320192629618444746e+00 1.000000000000000056e-01
5.823293172690762987e+01 1.123668082363373344e+00 1.000000000000000056e-01
5.863453815261043900e+01 8.498679594604304777e-01 1.000000000000000056e-01
5.903614457831325524e+01 2.554037509310933540e-01 1.000000000000000056e-01
5.943775100401606437e+01 3.325204661203809975e-01 1.000000000000000056e-01
5.983935742971887350e+01 7.216428466289678822e-02 1.000000000000000056e-01
6.024096385542168974e+01 -2.482835889202412716e-01 1.000000000000000056e-01
6.064257028112449888e+01 -5.430044577843322617e-01 1.000000000000000056e-01
6.104417670682730801e+01 -6.130222411544863359e-01 1.000000000000000056e-01
6.144578313253011714e+01 -1.487109801164197276e-01 1.000000000000000056e-01
6.184738955823293338e+01 7.260558619542406555e-01 1.000000000000000056e-01
6.224899598393574252e+01 1.547109218518748275e+00 1.000000000000000056e-01
6.265060240963855165e+01 1.880583434043677116e+00 1.000000000000000056e-01
6.305220883534136789e+01 1.949478967878631286e+00 1.000000000000000056e-01
6.345381526104417702e+01 1.789008218870953071e+00 1.000000000000000056e-01
6.385542168674698615e+01 1.524040752416254030e+00 1.000000000000000056e-01
6.425702811244980239e+01 1.599119693083621341e+00 1.000000000000000056e-01
6.465863453815261153e+01 1.632792960167602780e+00 1.000000000000000056e-01
6.506024096385542066e+01 1.374241644865366707e+00 1.000000000000000056e-01
6.546184738955822979e+01 9.476578100009961370e-01 1.000000000000000056e-01
6.586345381526103893e+01 4.604184772525606317e-01 1.000000000000000056e-01
6.626506024096384806e+01 1.545706433467230190e-01 1.000000000000000056e-01
6.666666666666667140e+01 -3.857561968332235969e-01 1.000000000000000056e-01
6.706827309236948054e+01 -2.305112503957781056e-01 1.000000000000000056e-01
6.746987951807228967e+01 -1.241642562899687996e-01 1.000000000000000056e-01
6.787148594377509880e+01 3.842585117043613718e-01 1.000000000000000056e-01
6.827309236947790794e+01 9.859359702040720874e-01 1.000000000000000056e-01
6.867469879518071707e+01 1.103228009334564330e+00 1.000000000000000056e-01
6.907630522088354041e+01 1.108841635220072952e+00 1.000000000000000056e-01
6.947791164658634955e+01 9.645294711610130634e-01 1.000000000000000056e-01
6.987951807228915868e+01 3.357375525985824005e-01 1.000000000000000056e-01
7.028112449799196781e+01 -3.216934839917003353e-01 1.000000000000000056e-01
7.068273092369477695e+01 -9.139991404827885191e-01 1.000000000000000056e-01
7.108433734939758608e+01 -1.175482532407756242e+00 1.000000000000000056e-01
7.148594377510039521e+01 -6.692205607227910136e-01 1.000000000000000056e-01
7.188755020080321856e+01 -2.216848708715891125e-01 1.000000000000000056e-01
7.228915662650602769e+01 -9.703367820232154661e-02 1.000000000000000056e-01
7.269076305220883683e+01 -5.604404864683238535e-03 1.000000000000000056e-01
7.309236947791164596e+01 -2.355558897491575043e-01 1.000000000000000056e-01
7.349397590361445509e+01 -6.415807555735517642e-01 1.000000000000000056e-01
7.389558232931726423e+01 -7.394493011101442859e-01 1.000000000000000056e-01
7.429718875502007336e+01 -8.139066540169570541e-01 1.000000000000000056e-01
7.469879518072289670e+01 -4.268842610552193162e-01 1.000000000000000056e-01
7.510040160642570584e+01 -1.413503217018931002e-01 1.000000000000000056e-01
7.550200803212851497e+01 5.783792667236330176e-02 1.000000000000000056e-01
7.590361445783132410e+01 -1.126144383865593790e-01 1.000000000000000056e-01
7.630522088353413324e+01 -3.971984112740638562e-01 1.000000000000000056e-01
7.670682730923694237e+01 -8.427945325248455966e-01 1.000000000000000056e-01
7.710843373493975150e+01 -8.120397128777510076e-01 1.000000000000000056e-01
7.751004016064257485e+01 -5.491047580882914003e-01 1.000000000000000056e-01
7.791164658634538398e+01 -6.121463121586607770e-01 1.000000000000000056e-01
7.831325301204819311e+01 -7.403337759259336348e-01 1.000000000000000056e-01
7.871485943775100225e+01 -1.332897543062221191e+00 1.000000000000000056e-01
7.911646586345381138e+01 -1.434629228831939329e+00 1.000000000000000056e-01
7.951807228915662051e+01 -1.408008311161053516e+00 1.000000000000000056e-01
7.991967871485944386e+01 -1.121938209385098251e+00 1.000000000000000056e-01
8.032128514056225299e+01 -6.312175552349807983e-01 1.000000000000000056e-01
8.072289156626506212e+01 -2.553796530225240224e-01 1.000000000000000056e-01
8.112449799196787126e+01 -2.490519174210910069e-01 1.000000000000000056e-01
8.152610441767068039e+01 -3.009820970816308727e-01 1.000000000000000056e-01
8.192771084337348952e+01 -8.708453136455496235e-01 1.000000000000000056e-01
8.232931726907629866e+01 -1.277891941461509306e+00 1.000000000000000056e-01
8.273092369477912200e+01 -1.682929949759891297e+00 1.000000000000000056e-01
8.313253012048193114e+01 -2.007597865153124328e+00 1.000000000000000056e-01
8.353413654618474027e+01 -1.513215297739030962e+00 1.000000000000000056e-01
8.393574297188754940e+01 -5.906011189481198409e-01 1.000000000000000056e-01
8.433734939759035854e+01 2.717641866536416040e-02 1.000000000000000056e-01
8.473895582329316767e+01 1.052239206341373468e+00 1.000000000000000056e-01
8.514056224899597680e+01 1.575186868100755699e+00 1.000000000000000056e-01
8.554216867469880015e+01 1.666499881735485689e+00 1.000000000000000056e-01
8.594377510040160928e+01 1.836528078473031567e+00 1.000000000000000056e-01
8.634538152610441841e+01 1.820013265149259762e+00 1.000000000000000056e-01
8.674698795180722755e+01 2.306087451581279701e+00 1.000000000000000056e-01
8.714859437751003668e+01 2.901337853722832261e+00 1.000000000000000056e-01
8.755020080321284581e+01 3.478352385266484159e+00 1.000000000000000056e-01
8.795180722891566916e+01 3.702942722167521961e+00 1.000000000000000056e-01
8.835341365461847829e+01 3.445881405597537306e+00 1.000000000000000056e-01
8.875502008032128742e+01 3.070277904450676498e+00 1.000000000000000056e-01
8.915662650602409656e+01 2.218522034572379287e+00 1.000000000000000056e-01
8.955823293172690569e+01 1.255240594466091153e+00 1.000000000000000056e-01
8.995983935742971482e+01 5.945035348732926606e-01 1.000000000000000056e-01
9.036144578313252396e+01 -3.418952015680824519e-01 1.000000000000000056e-01
9.076305220883534730e+01 -7.690033788821412086e-01 1.000000000000000056e-01
9.116465863453815643e+01 -1.026537284760120183e+00 1.000000000000000056e-01
9.156626506024096557e+01 -1.035945410984747683e+00 1.000000000000000056e-01
9.196787148594377470e+01 -5.385853154671706999e-01 1.000000000000000056e-01
9.236947791164658383e+01 -3.706508903181022774e-01 1.000000000000000056e-01
9.277108433734939297e+01 -2.309448015252175135e-01 1.000000000000000056e-01
9.317269076305220210e+01 -5.160281046124515214e-01 1.000000000000000056e-01
9.357429718875502545e+01 -9.116721381652240774e-01 1.000000000000000056e-01
9.397590361445783458e+01 -1.144946236667081507e+00 1.000000000000000056e-01
9.437751004016064371e+01 -1.429565461704453977e+00 1.000000000000000056e-01
9.477911646586345285e+01 -1.631440319878117551e+00 1.000000000000000056e-01
9.518072289156626198e+01 -1.357656706431799698e+00 1.000000000000000056e-01
9.558232931726907111e+01 -5.314589182895825825e-01 1.000000000000000056e-01
9.598393574297188025e+01 3.271961241904159934e-01 1.000000000000000056e-01
9.638554216867470359e+01 9.078392418015860388e-01 1.000000000000000056e-01
9.678714859437751272e+01 1.314016604791634180e+00 1.000000000000000056e-01
9.718875502008032186e+01 1.356466913722444101e+00 1.000000000000000056e-01
9.759036144578313099e+01 1.105754906131195758e+00 1.000000000000000056e-01
9.799196787148594012e+01 6.740063127467283977e-01 1.000000000000000056e-01
9.839357429718874926e+01 5.905311738493055351e-01 1.000000000000000056e-01
9.879518072289157260e+01 2.195817494918378965e-01 1.000000000000000056e-01
9.919678714859438173e+01 -7.104599662449092579e-01 1.000000000000000056e-01
9.959839357429719087e+01 -1.169468677362085707e+00 1.000000000000000056e-01
1.000000000000000000e+02 -1.721145438052608778e+00 1.000000000000000056e-01
