0.000000000000000000e+00 1.182595779053185192e-01 1.000000000000000056e-01
4.016064257028112428e-01 2.544271147881512762e-01 1.000000000000000056e-01
8.032128514056224855e-01 1.790334195272461071e-01 1.000000000000000056e-01
1.204819277108433617e+00 2.133450316561305293e-01 1.000000000000000056e-01
1.606425702811244971e+00 8.838821749407077544e-02 1.000000000000000056e-01
2.008032128514056325e+00 -4.954592806947187289e-01 1.000000000000000056e-01
2.409638554216867234e+00 -4.080248154513130832e-01 1.000000000000000056e-01
2.811244979919678588e+00 3.956471177731573086e-01 1.000000000000000056e-01
3.212851405622489942e+00 1.643045532710653678e+00 1.000000000000000056e-01
3.614457831325301296e+00 2.626137834219489875e+00 1.000000000000000056e-01
4.016064257028112650e+00 2.487721778381324800e+00 1.000000000000000056e-01
4.417670682730923559e+00 2.105662164209468834e+00 1.000000000000000056e-01
4.819277108433734469e+00 1.323230080761207850e+00 1.000000000000000056e-01
5.220883534136546267e+00 5.732811651209840376e-01 1.000000000000000056e-01
5.622489959839357176e+00 6.552591478224974175e-02 1.000000000000000056e-01
6.024096385542168974e+00 -1.707165222891451339e-01 1.000000000000000056e-01
6.425702811244979884e+00 -8.654424956673395508e-01 1.000000000000000056e-01
6.827309236947790794e+00 -1.202234534373195052e+00 1.000000000000000056e-01
7.228915662650602592e+00 -1.237147627807873684e+00 1.000000000000000056e-01
7.630522088353413501e+00 -1.015560321109727715e+00 1.000000000000000056e-01
8.032128514056225299e+00 -4.353304239878124648e-01 1.000000000000000056e-01
8.433734939759036209e+00 1.840915255442953646e-01 1.000000000000000056e-01
8.835341365461847118e+00 5.074141344709292012e-01 1.000000000000000056e-01
9.236947791164658028e+00 7.836857995326989013e-01 1.000000000000000056e-01
9.638554216867468938e+00 1.309319359060422849e+00 1.000000000000000056e-01
1.004016064257028162e+01 1.893774520413777696e+00 1.000000000000000056e-01
1.044176706827309253e+01 2.225340930124050765e+00 1.000000000000000056e-01
1.084337349397590344e+01 2.641944837925880307e+00 1.000000000000000056e-01
1.124497991967871435e+01 2.626969540065981601e+00 1.000000000000000056e-01
1.164658634538152526e+01 2.454773725412696450e+00 1.000000000000000056e-01
1.204819277108433795e+01 2.006353984558180592e+00 1.000000000000000056e-01
1.244979919678714886e+01 1.773216740771808020e+00 1.000000000000000056e-01
1.285140562248995977e+01 1.007348542481920184e+00 1.000000000000000056e-01
1.325301204819277068e+01 1.122987132533186105e-01 1.000000000000000056e-01
1.365461847389558159e+01 -1.106176980777688446e+00 1.000000000000000056e-01
1.405622489959839427e+01 -2.308196866794217428e+00 1.000000000000000056e-01
1.445783132530120518e+01 -3.415695252977839935e+00 1.000000000000000056e-01
1.485943775100401609e+01 -3.474863811079185627e+00 1.000000000000000056e-01
1.526104417670682700e+01 -2.461194060970106623e+00 1.000000000000000056e-01
1.566265060240963791e+01 -1.486554049475932837e+00 1.000000000000000056e-01
1.606425702811245060e+01 -8.358079639379152326e-01 1.000000000000000056e-01
1.646586345381525973e+01 -5.992671766247129606e-01 1.000000000000000056e-01
1.686746987951807242e+01 -8.024092682170177460e-01 1.000000000000000056e-01
1.726907630522088510e+01 -1.050424854080243220e+00 1.000000000000000056e-01
1.767068273092369424e+01 -9.114418024350761094e-01 1.000000000000000056e-01
1.807228915662650692e+01 -7.600873213675871654e-01 1.000000000000000056e-01
1.847389558232931606e+01 -7.809281871984943280e-01 1.000000000000000056e-01
1.887550200803212874e+01 -6.595306752029220787e-01 1.000000000000000056e-01
1.927710843373493788e+01 -7.294717789641367300e-01 1.000000000000000056e-01
1.967871485943775056e+01 -8.566403527643222660e-01 1.000000000000000056e-01
2.008032128514056325e+01 -2.850771307029291157e-01 1.000000000000000056e-01
2.048192771084337238e+01 5.773684535101952786e-01 1.000000000000000056e-01
2.088353413654618507e+01 1.860592468479982609e+00 1.000000000000000056e-01
2.128514056224899420e+01 2.417194334836850977e+00 1.000000000000000056e-01
2.168674698795180689e+01 2.396325648044414613e+00 1.000000000000000056e-01
2.208835341365461957e+01 1.677084136050019936e+00 1.000000000000000056e-01
2.248995983935742871e+01 6.623734807026003812e-01 1.000000000000000056e-01
2.289156626506024139e+01 -8.164710603954669632e-03 1.000000000000000056e-01
2.329317269076305053e+01 -5.345105810425208048e-01 1.000000000000000056e-01
2.369477911646586321e+01 -7.098539057639945415e-01 1.000000000000000056e-01
2.409638554216867590e+01 -7.421629590769688312e-01 1.000000000000000056e-01
2.449799196787148503e+01 -5.638904777581369432e-01 1.000000000000000056e-01
2.489959839357429772e+01 -1.456180291007154737e-01 1.000000000000000056e-01
2.530120481927710685e+01 3.238924387750703460e-01 1.000000000000000056e-01
2.570281124497991954e+01 4.136471303826485535e-01 1.000000000000000056e-01
2.610441767068273222e+01 4.608802930176754131e-01 1.000000000000000056e-01
2.650602409638554136e+01 7.172861800149129552e-01 1.000000000000000056e-01
2.690763052208835404e+01 1.271444615513804610e+00 1.000000000000000056e-01
2.730923694779116317e+01 1.767920037561572011e+00 1.000000000000000056e-01
2.771084337349397586e+01 1.919588476073082806e+00 1.000000000000000056e-01
2.811244979919678855e+01 2.157189234330392669e+00 1.000000000000000056e-01
2.851405622489959768e+01 2.025989327723042521e+00 1.000000000000000056e-01
2.891566265060241037e+01 1.878176897422602298e+00 1.000000000000000056e-01
2.931726907630521950e+01 1.684535928878473143e+00 1.000000000000000056e-01
2.971887550200803219e+01 1.775398637506057753e+00 1.000000000000000056e-01
3.012048192771084487e+01 1.766584928634838292e+00 1.000000000000000056e-01
3.052208835341365400e+01 1.678962060541804746e+00 1.000000000000000056e-01
3.092369477911646669e+01 1.025873819686345501e+00 1.000000000000000056e-01
3.132530120481927582e+01 3.578172799464918175e-01 1.000000000000000056e-01
3.172690763052208851e+01 -3.238620314093297314e-01 1.000000000000000056e-01
3.212851405622490120e+01 -5.749242205847731046e-01 1.000000000000000056e-01
3.253012048192771033e+01 -5.394878184977143221e-01 1.000000000000000056e-01
3.293172690763051946e+01 -1.400390656361852892e-01 1.000000000000000056e-01
3.333333333333333570e+01 2.516858795588646225e-01 1.000000000000000056e-01
3.373493975903614484e+01 8.969542611710372704e-01 1.000000000000000056e-01
3.413654618473895397e+01 5.635636310497625923e-01 1.000000000000000056e-01
3.453815261044177021e+01 4.602003553600384489e-01 1.000000000000000056e-01
3.493975903614457934e+01 -2.473501346558164976e-02 1.000000000000000056e-01
3.534136546184738847e+01 -4.944404141927530860e-01 1.000000000000000056e-01
3.574297188755019761e+01 -6.974737582507195555e-01 1.000000000000000056e-01
3.614457831325301385e+01 -4.067999625449211787e-01 1.000000000000000056e-01
3.654618473895582298e+01 1.732616971876663747e-01 1.000000000000000056e-01
3.694779116465863211e+01 3.512294184906146199e-01 1.000000000000000056e-01
3.734939759036144835e+01 7.248146344143509001e-01 1.000000000000000056e-01
3.775100401606425748e+01 8.597140221207815181e-01 1.000000000000000056e-01
3.815261044176706662e+01 4.691523289707791866e-01 1.000000000000000056e-01
3.855421686746987575e+01 5.483803334222437931e-01 1.000000000000000056e-01
3.895582329317269199e+01 3.093060931361754085e-01 1.000000000000000056e-01
3.935742971887550112e+01 1.251355102143360265e-01 1.000000000000000056e-01
3.975903614457831026e+01 -3.426911788312059781e-01 1.000000000000000056e-01
4.016064257028112650e+01 -9.791591469528326819e-01 1.000000000000000056e-01
4.056224899598393563e+01 -1.478619627020621774e+00 1.000000000000000056e-01
4.096385542168674476e+01 -1.854355878619380338e+00 1.000000000000000056e-01
4.136546184738956100e+01 -1.368773843715845873e+00 1.000000000000000056e-01
4.176706827309237013e+01 -5.313318990283441012e-01 1.000000000000000056e-01
4.216867469879517927e+01 6.814912867093923798e-02 1.000000000000000056e-01
4.257028112449798840e+01 9.107573897977960797e-01 1.000000000000000056e-01
4.297188755020080464e+01 9.718124959050310485e-01 1.000000000000000056e-01
4.337349397590361377e+01 7.808296086956649784e-01 1.000000000000000056e-01
4.377510040160642291e+01 9.129993527927960928e-01 1.000000000000000056e-01
4.417670682730923915e+01 1.205094975966107151e+00 1.000000000000000056e-01
4.457831325301204828e+01 1.579185156437589610e+00 1.000000000000000056e-01
4.497991967871485741e+01 1.498053532886091777e+00 1.000000000000000056e-01
4.538152610441767365e+01 9.260800447153436643e-01 1.000000000000000056e-01
4.578313253012048278e+01 1.923954097872037639e-01 1.000000000000000056e-01
4.618473895582329192e+01 -5.606746575392200782e-01 1.000000000000000056e-01
4.658634538152610105e+01 -9.140288615453292520e-01 1.000000000000000056e-01
4.698795180722891729e+01 -3.725183064224386609e-01 1.000000000000000056e-01
4.738955823293172642e+01 -2.669794544415617921e-01 1.000000000000000056e-01
4.779116465863453556e+01 -1.506608757971226731e-01 1.000000000000000056e-01
4.819277108433735179e+01 -4.528816914815127492e-01 1.000000000000000056e-01
4.859437751004016093e+01 -5.524600101302430399e-01 1.000000000000000056e-01
4.899598393574297006e+01 -2.401856924270547866e-01 1.000000000000000056e-01
4.939759036144578630e+01 2.904656221926644744e-01 1.000000000000000056e-01
4.979919678714859543e+01 6.210448704577178347e-01 1.000000000000000056e-01
5.020080321285140457e+01 4.752958625452847197e-01 1.000000000000000056e-01
5.060240963855421370e+01 2.417358101522380509e-01 1.000000000000000056e-01
5.100401606425702994e+01 -3.544242729648825474e-01 1.000000000000000056e-01
5.140562248995983907e+01 -7.910919136885710135e-01 1.000000000000000056e-01
5.180722891566264821e+01 -6.155451886494449631e-01 1.000000000000000056e-01
5.220883534136546444e+01 -5.323999524353060231e-01 1.000000000000000056e-01
5.261044176706827358e+01 -5.116521951980348426e-01 1.000000000000000056e-01
5.301204819277108271e+01 -6.960584793018087524e-01 1.000000000000000056e-01
5.341365461847389184e+01 -1.050986819070541367e+00 1.000000000000000056e-01
5.381526104417670808e+01 -1.590056432494667327e+00 1.000000000000000056e-01
5.421686746987951722e+01 -1.875309486296216521e+00 1.000000000000000056e-01
5.461847389558232635e+01 -2.047469541489896461e+00 1.000000000000000056e-01
5.502008032128514259e+01 -1.886216950319907548e+00 1.000000000000000056e-01
5.542168674698795172e+01 -1.592814709750590030e+00 1.000000000000000056e-01
5.582329317269076085e+01 -1.055760903670542872e+00 1.000000000000000056e-01
5.622489959839357709e+01 -1.539879457181949629e-01 1.000000000000000056e-01
5.662650602409638623e+01 8.326029412172828437e-01 1.000000000000000056e-01
5.702811244979919536e+01 2.070242048497476617e+00 1.000000000000000056e-01
5.742971887550200449e+01 3.297456288424856830e+00 1.000000000000000056e-01
5.783132530120482073e+01 3.783620326678295509e+00 1.000000000000000056e-01
5.823293172690762987e+01 3.128474479911953487e+00 1.000000000000000056e-01
5.863453815261043900e+01 1.680035662230738192e+00 1.000000000000000056e-01
5.903614457831325524e+01 -5.000710767896840436e-02 1.000000000000000056e-01
5.943775100401606437e+01 -1.478558298846130326e+00 1.000000000000000056e-01
5.983935742971887350e+01 -1.754679641354397912e+00 1.000000000000000056e-01
6.024096385542168974e+01 -1.865942022246620535e+00 1.000000000000000056e-01
6.064257028112449888e+01 -1.767080484379822014e+00 1.000000000000000056e-01
6.104417670682730801e+01 -1.720493361521663545e+00 1.000000000000000056e-01
6.144578313253011714e+01 -1.315614316391444882e+00 1.000000000000000056e-01
6.184738955823293338e+01 -9.885707181740476246e-01 1.000000000000000056e-01
6.224899598393574252e+01 -1.033021277592885756e+00 1.000000000000000056e-01
6.265060240963855165e+01 -1.306535356946517012e+00 1.000000000000000056e-01
6.305220883534136789e+01 -1.931292676658666219e+00 1.000000000000000056e-01
6.345381526104417702e+01 -1.829452759102308868e+00 1.000000000000000056e-01
6.385542168674698615e+01 -1.525758117452149953e+00 1.000000000000000056e-01
6.425702811244980239e+01 -7.392146909280776779e-01 1.000000000000000056e-01
6.465863453815261153e+01 -1.307140193023411112e-01 1.000000000000000056e-01
6.506024096385542066e+01 5.601867560861526485e-01 1.000000000000000056e-01
6.546184738955822979e+01 1.659497479618583959e+00 1.000000000000000056e-01
6.586345381526103893e+01 2.587773230485590048e+00 1.000000000000000056e-01
6.626506024096384806e+01 3.157153371713257606e+00 1.000000000000000056e-01
6.666666666666667140e+01 2.818992901573597720e+00 1.000000000000000056e-01
6.706827309236948054e+01 2.527696942644729550e+00 1.000000000000000056e-01
6.746987951807228967e+01 1.611945773959979844e+00 1.000000000000000056e-01
6.787148594377509880e+01 7.786950574299258410e-01 1.000000000000000056e-01
6.827309236947790794e+01 -2.347005757471542220e-01 1.000000000000000056e-01
6.867469879518071707e+01 -8.368296004022665047e-01 1.000000000000000056e-01
6.907630522088354041e+01 -1.166223958156121121e+00 1.000000000000000056e-01
6.947791164658634955e+01 -1.037579264384012268e+00 1.000000000000000056e-01
6.987951807228915868e+01 -8.397038415182741522e-01 1.000000000000000056e-01
7.028112449799196781e+01 -3.894732435015377248e-02 1.000000000000000056e-01
7.068273092369477695e+01 3.545434426432431119e-01 1.000000000000000056e-01
7.108433734939758608e+01 3.083365062939191770e-01 1.000000000000000056e-01
7.148594377510039521e+01 4.138105061736922496e-01 1.000000000000000056e-01
7.188755020080321856e+01 1.396135141647683042e-01 1.000000000000000056e-01
7.228915662650602769e+01 -8.259022862868994896e-02 1.000000000000000056e-01
7.269076305220883683e+01 -1.582794670104125945e-01 1.000000000000000056e-01
7.309236947791164596e+01 1.586574143142053528e-01 1.000000000000000056e-01
7.349397590361445509e+01 4.586638799044981951e-01 1.000000000000000056e-01
7.389558232931726423e+01 1.539561254180401018e-01 1.000000000000000056e-01
7.429718875502007336e+01 -1.331844007099858840e-01 1.000000000000000056e-01
7.469879518072289670e+01 -7.598675783111615012e-02 1.000000000000000056e-01
7.510040160642570584e+01 1.845635999817852868e-01 1.000000000000000056e-01
7.550200803212851497e+01 6.801065608595080469e-01 1.000000000000000056e-01
7.590361445783132410e+01 8.255675094983784268e-01 1.000000000000000056e-01
7.630522088353413324e+01 1.020713228659130500e+00 1.000000000000000056e-01
7.670682730923694237e+01 9.291363613581375969e-01 1.000000000000000056e-01
7.710843373493975150e+01 4.712004763962467924e-01 1.000000000000000056e-01
7.751004016064257485e+01 -6.535033511614951607e-02 1.000000000000000056e-01
7.791164658634538398e+01 -8.073373270869259599e-01 1.000000000000000056e-01
7.831325301204819311e+01 -1.135484593247435781e+00 1.000000000000000056e-01
7.871485943775100225e+01 -9.764271809546475334e-01 1.000000000000000056e-01
7.911646586345381138e+01 -4.339689622122024915e-01 1.000000000000000056e-01
7.951807228915662051e+01 -1.796782532795186960e-01 1.000000000000000056e-01
7.991967871485944386e+01 5.995659968580583504e-02 1.000000000000000056e-01
8.032128514056225299e+01 3.995638880439523755e-01 1.000000000000000056e-01
8.072289156626506212e+01 9.050298022458128644e-01 1.000000000000000056e-01
8.112449799196787126e+01 8.427423301853228521e-01 1.000000000000000056e-01
8.152610441767068039e+01 6.184202627949054731e-01 1.000000000000000056e-01
8.192771084337348952e+01 -3.572792430964834010e-01 1.000000000000000056e-01
8.232931726907629866e+01 -1.069942181774205192e+00 1.000000000000000056e-01
8.273092369477912200e+01 -1.624677543561036330e+00 1.000000000000000056e-01
8.313253012048193114e+01 -1.856440220317202572e+00 1.000000000000000056e-01
8.353413654618474027e+01 -2.123465668253825545e+00 1.000000000000000056e-01
8.393574297188754940e+01 -2.515253622478115680e+00 1.000000000000000056e-01
8.433734939759035854e+01 -2.121618777474262529e+00 1.000000000000000056e-01
8.473895582329316767e+01 -1.848217885511359571e+00 1.000000000000000056e-01
8.514056224899597680e+01 -7.963193053264545629e-01 1.000000000000000056e-01
8.554216867469880015e+01 3.219694120828701933e-02 1.000000000000000056e-01
8.594377510040160928e+01 7.503905162041961674e-01 1.000000000000000056e-01
8.634538152610441841e+01 8.490444968043312501e-01 1.000000000000000056e-01
8.674698795180722755e+01 4.964104320472952914e-01 1.000000000000000056e-01
8.714859437751003668e+01 -3.167262809873462592e-02 1.000000000000000056e-01
8.755020080321284581e+01 -2.454674936982811362e-01 1.000000000000000056e-01
8.795180722891566916e+01 -6.256512363326984794e-01 1.000000000000000056e-01
8.835341365461847829e+01 -3.930836534928114911e-01 1.000000000000000056e-01
8.875502008032128742e+01 -3.532191312797121063e-01 1.000000000000000056e-01
8.915662650602409656e+01 -4.840832657059734867e-02 1.000000000000000056e-01
8.955823293172690569e+01 -2.815297992296542651e-01 1.000000000000000056e-01
8.995983935742971482e+01 -1.369493245180732344e-01 1.000000000000000056e-01
9.036144578313252396e+01 -2.143042823599662361e-01 1.000000000000000056e-01
9.076305220883534730e+01 7.537154930981453393e-01 1.000000000000000056e-01
9.116465863453815643e+01 1.912940178889280141e+00 1.000000000000000056e-01
9.156626506024096557e+01 2.979259580415492881e+00 1.000000000000000056e-01
9.196787148594377470e+01 4.012928859983815322e+00 1.000000000000000056e-01
9.236947791164658383e+01 4.012492053826498761e+00 1.000000000000000056e-01
9.277108433734939297e+01 3.469157331483140538e+00 1.000000000000000056e-01
9.317269076305220210e+01 2.187452823860009943e+00 1.000000000000000056e-01
9.357429718875502545e+01 1.050158470603577365e+00 1.000000000000000056e-01
9.397590361445783458e+01 2.645152246838788912e-01 1.000000000000000056e-01
9.437751004016064371e+01 -2.271413244464979275e-01 1.000000000000000056e-01
9.477911646586345285e+01 5.087577491527669506e-03 1.000000000000000056e-01
9.518072289156626198e+01 2.098210192988114731e-01 1.000000000000000056e-01
9.558232931726907111e+01 7.493133718244828767e-01 1.000000000000000056e-01
9.598393574297188025e+01 9.790820600495007131e-01 1.000000000000000056e-01
9.638554216867470359e+01 1.644393774117447249e+00 1.000000000000000056e-01
9.678714859437751272e+01 1.417650004396325381e+00 1.000000000000000056e-01
9.718875502008032186e+01 1.022832285887437687e+00 1.000000000000000056e-01
9.759036144578313099e+01 8.683697879909229034e-01 1.000000000000000056e-01
9.799196787148594012e+01 4.636228852362377362e-01 1.000000000000000056e-01
9.839357429718874926e+01 -4.687925380799923825e-01 1.000000000000000056e-01
9.879518072289157260e+01 -8.741163410654092525e-01 1.000000000000000056e-01
9.919678714859438173e+01 -1.162641439873701721e+00 1.000000000000000056e-01
9.959839357429719087e+01 -1.317058128229488201e+00 1.000000000000000056e-01
1.000000000000000000e+02 -1.567841261655046559e+00 1.000000000000000056e-01
