0.000000000000000000e+00 -1.655702886311624988e+00 1.000000000000000056e-01
4.016064257028112428e-01 -1.543655198868515876e+00 1.000000000000000056e-01
8.032128514056224855e-01 -1.094544513345146353e+00 1.000000000000000056e-01
1.204819277108433617e+00 -1.055006735092810954e+00 1.000000000000000056e-01
1.606425702811244971e+00 -1.013647738617552196e+00 1.000000000000000056e-01
2.008032128514056325e+00 -6.897475001368587044e-01 1.000000000000000056e-01
2.409638554216867234e+00 -7.672053038596269303e-01 1.000000000000000056e-01
2.811244979919678588e+00 -7.648533199321427833e-01 1.000000000000000056e-01
3.212851405622489942e+00 -1.141760616383278970e+00 1.000000000000000056e-01
3.614457831325301296e+00 -1.450349184338498576e+00 1.000000000000000056e-01
4.016064257028112650e+00 -1.931094501599941893e+00 1.000000000000000056e-01
4.417670682730923559e+00 -2.177537507929062865e+00 1.000000000000000056e-01
4.819277108433734469e+00 -2.200978678912740794e+00 1.000000000000000056e-01
5.220883534136546267e+00 -2.535053089068505905e+00 1.000000000000000056e-01
5.622489959839357176e+00 -2.655971319470070924e+00 1.000000000000000056e-01
6.024096385542168974e+00 -2.983659124426754072e+00 1.000000000000000056e-01
6.425702811244979884e+00 -2.808269790566936930e+00 1.000000000000000056e-01
6.827309236947790794e+00 -2.710905487195416796e+00 1.000000000000000056e-01
7.228915662650602592e+00 -2.417150758986225334e+00 1.000000000000000056e-01
7.630522088353413501e+00 -1.959701053471550436e+00 1.000000000000000056e-01
8.032128514056225299e+00 -1.516087723221612560e+00 1.000000000000000056e-01
8.433734939759036209e+00 -9.004203541292944424e-01 1.000000000000000056e-01
8.835341365461847118e+00 -4.601938395237311075e-01 1.000000000000000056e-01
9.236947791164658028e+00 2.033870448003115006e-01 1.000000000000000056e-01
9.638554216867468938e+00 -2.767243515527345599e-02 1.000000000000000056e-01
1.004016064257028162e+01 3.690525815474116067e-01 1.000000000000000056e-01
1.044176706827309253e+01 3.770941249664987449e-01 1.000000000000000056e-01
1.084337349397590344e+01 2.724024192496393160e-01 1.000000000000000056e-01
1.124497991967871435e+01 9.681883997533123620e-02 1.000000000000000056e-01
1.164658634538152526e+01 9.886238630125465665e-02 1.000000000000000056e-01
1.204819277108433795e+01 -9.024755951613193383e-03 1.000000000000000056e-01
1.244979919678714886e+01 -1.673246219197149220e-01 1.000000000000000056e-01
1.285140562248995977e+01 -3.024527665096208295e-01 1.000000000000000056e-01
1.325301204819277068e+01 -4.742367618516063477e-01 1.000000000000000056e-01
1.365461847389558159e+01 -5.414429225436143689e-01 1.000000000000000056e-01
1.405622489959839427e+01 -4.535929578466718626e-01 1.000000000000000056e-01
1.445783132530120518e+01 -6.753955618845829401e-01 1.000000000000000056e-01
1.485943775100401609e+01 -4.397758831520404699e-01 1.000000000000000056e-01
1.526104417670682700e+01 -2.315387844288996078e-01 1.000000000000000056e-01
1.566265060240963791e+01 -3.188639216407878063e-01 1.000000000000000056e-01
1.606425702811245060e+01 -1.628202407366943494e-01 1.000000000000000056e-01
1.646586345381525973e+01 2.603570300376487068e-03 1.000000000000000056e-01
1.686746987951807242e+01 -4.131622300934208875e-02 1.000000000000000056e-01
1.726907630522088510e+01 -2.913053378568795093e-01 1.000000000000000056e-01
1.767068273092369424e+01 -2.034469779274410417e-01 1.000000000000000056e-01
1.807228915662650692e+01 -7.366153058834012946e-01 1.000000000000000056e-01
1.847389558232931606e+01 -5.965974846126048670e-01 1.000000000000000056e-01
1.887550200803212874e+01 -9.837500626014145100e-01 1.000000000000000056e-01
1.927710843373493788e+01 -1.305465846067357605e+00 1.000000000000000056e-01
1.967871485943775056e+01 -1.673872893017007923e+00 1.000000000000000056e-01
2.008032128514056325e+01 -2.128864816811222305e+00 1.000000000000000056e-01
2.048192771084337238e+01 -2.697944139133064301e+00 1.000000000000000056e-01
2.088353413654618507e+01 -2.966428523943903439e+00 1.000000000000000056e-01
2.128514056224899420e+01 -2.948845905832108372e+00 1.000000000000000056e-01
2.168674698795180689e+01 -2.985182263927008250e+00 1.000000000000000056e-01
2.208835341365461957e+01 -2.797857941286157502e+00 1.000000000000000056e-01
2.248995983935742871e+01 -2.443337777222112095e+00 1.000000000000000056e-01
2.289156626506024139e+01 -1.811377184608177426e+00 1.000000000000000056e-01
2.329317269076305053e+01 -1.529058405137839749e+00 1.000000000000000056e-01
2.369477911646586321e+01 -1.078701056936371749e+00 1.000000000000000056e-01
2.409638554216867590e+01 -8.101850957739442638e-01 1.000000000000000056e-01
2.449799196787148503e+01 -3.637456619505213817e-01 1.000000000000000056e-01
2.489959839357429772e+01 5.861900059697409959e-02 1.000000000000000056e-01
2.530120481927710685e+01 3.646556843366247080e-01 1.000000000000000056e-01
2.570281124497991954e+01 6.427308784838539069e-01 1.000000000000000056e-01
2.610441767068273222e+01 3.664433368248736778e-01 1.000000000000000056e-01
2.650602409638554136e+01 -1.150340902515958330e-01 1.000000000000000056e-01
2.690763052208835404e+01 -5.550628289399728299e-01 1.000000000000000056e-01
2.730923694779116317e+01 -1.006965253992655684e+00 1.000000000000000056e-01
2.771084337349397586e+01 -1.440668708546552157e+00 1.000000000000000056e-01
2.811244979919678855e+01 -1.748485982600284316e+00 1.000000000000000056e-01
2.851405622489959768e+01 -1.725087599466716970e+00 1.000000000000000056e-01
2.891566265060241037e+01 -1.530190201725547539e+00 1.000000000000000056e-01
2.931726907630521950e+01 -1.436014142929996407e+00 1.000000000000000056e-01
2.971887550200803219e+01 -1.520295951942209456e+00 1.000000000000000056e-01
3.012048192771084487e+01 -1.095518217601991529e+00 1.000000000000000056e-01
3.052208835341365400e+01 -1.152268693389238097e+00 1.000000000000000056e-01
3.092369477911646669e+01 -1.001605498374034120e+00 1.000000000000000056e-01
3.132530120481927582e+01 -8.958705796101620322e-01 1.000000000000000056e-01
3.172690763052208851e+01 -6.967713123488005200e-01 1.000000000000000056e-01
3.212851405622490120e+01 -6.444380030415113314e-01 1.000000000000000056e-01
3.253012048192771033e+01 -5.264041070972758085e-01 1.000000000000000056e-01
3.293172690763051946e+01 -6.185286191582695103e-02 1.000000000000000056e-01
3.333333333333333570e+01 4.657676255223658357e-02 1.000000000000000056e-01
3.373493975903614484e+01 1.642438061722495957e-01 1.000000000000000056e-01
3.413654618473895397e+01 1.249405714770446818e-01 1.000000000000000056e-01
3.453815261044177021e+01 2.612061620342644441e-01 1.000000000000000056e-01
3.493975903614457934e+01 2.788161590585132021e-01 1.000000000000000056e-01
3.534136546184738847e+01 -3.514951809172492392e-02 1.000000000000000056e-01
3.574297188755019761e+01 -3.602316343106187202e-01 1.000000000000000056e-01
3.614457831325301385e+01 -8.215432127231739878e-01 1.000000000000000056e-01
3.654618473895582298e+01 -1.131924751475572144e+00 1.000000000000000056e-01
3.694779116465863211e+01 -1.445021645368280927e+00 1.000000000000000056e-01
3.734939759036144835e+01 -1.913368520786220328e+00 1.000000000000000056e-01
3.775100401606425748e+01 -2.024141499108086162e+00 1.000000000000000056e-01
3.815261044176706662e+01 -2.200085951200862588e+00 1.000000000000000056e-01
3.855421686746987575e+01 -2.119191751146881852e+00 1.000000000000000056e-01
3.895582329317269199e+01 -1.997241588302074211e+00 1.000000000000000056e-01
3.935742971887550112e+01 -1.773772177023050567e+00 1.000000000000000056e-01
3.975903614457831026e+01 -1.431747002816188941e+00 1.000000000000000056e-01
4.016064257028112650e+01 -1.028739909248048034e+00 1.000000000000000056e-01
4.056224899598393563e+01 -7.126444830349949466e-01 1.000000000000000056e-01
4.096385542168674476e+01 -5.170432091551334652e-01 1.000000000000000056e-01
4.136546184738956100e+01 -2.513141006902740449e-01 1.000000000000000056e-01
4.176706827309237013e+01 -4.806949304731890360e-03 1.000000000000000056e-01
4.216867469879517927e+01 2.409258054194894361e-01 1.000000000000000056e-01
4.257028112449798840e+01 2.247103783594715520e-01 1.000000000000000056e-01
4.297188755020080464e+01 2.178126473872302737e-01 1.000000000000000056e-01
4.337349397590361377e+01 -1.660992479920002721e-02 1.000000000000000056e-01
4.377510040160642291e+01 -4.032823468713699899e-01 1.000000000000000056e-01
4.417670682730923915e+01 -1.323369932573911889e+00 1.000000000000000056e-01
4.457831325301204828e+01 -2.016610378008469873e+00 1.000000000000000056e-01
4.497991967871485741e+01 -2.434024728895336942e+00 1.000000000000000056e-01
4.538152610441767365e+01 -2.586500508471743842e+00 1.000000000000000056e-01
4.578313253012048278e+01 -2.492542724079928274e+00 1.000000000000000056e-01
4.618473895582329192e+01 -2.313293604630306977e+00 1.000000000000000056e-01
4.658634538152610105e+01 -2.050136418198710953e+00 1.000000000000000056e-01
4.698795180722891729e+01 -1.089428316165108157e+00 1.000000000000000056e-01
4.738955823293172642e+01 -7.799810032337957111e-01 1.000000000000000056e-01
4.779116465863453556e+01 -4.968044401527193510e-01 1.000000000000000056e-01
4.819277108433735179e+01 -2.867029091867933643e-01 1.000000000000000056e-01
4.859437751004016093e+01 -1.489358163026972548e-01 1.000000000000000056e-01
4.899598393574297006e+01 -3.178265526304912547e-01 1.000000000000000056e-01
4.939759036144578630e+01 -2.935540231450984860e-01 1.000000000000000056e-01
4.979919678714859543e+01 -3.724189433983002284e-01 1.000000000000000056e-01
5.020080321285140457e+01 -3.359823518881173143e-01 1.000000000000000056e-01
5.060240963855421370e+01 -6.755546080818868315e-01 1.000000000000000056e-01
5.100401606425702994e+01 -9.739325887451364405e-01 1.000000000000000056e-01
5.140562248995983907e+01 -1.012536149219518178e+00 1.000000000000000056e-01
5.180722891566264821e+01 -1.595011725503916900e+00 1.000000000000000056e-01
5.220883534136546444e+01 -1.847915047154986556e+00 1.000000000000000056e-01
5.261044176706827358e+01 -2.193903845033899902e+00 1.000000000000000056e-01
5.301204819277108271e+01 -2.395549404677757899e+00 1.000000000000000056e-01
5.341365461847389184e+01 -2.288996549407945391e+00 1.000000000000000056e-01
5.381526104417670808e+01 -2.435135637906077122e+00 1.000000000000000056e-01
5.421686746987951722e+01 -2.259549964303196656e+00 1.000000000000000056e-01
5.461847389558232635e+01 -2.121194274867136187e+00 1.000000000000000056e-01
5.502008032128514259e+01 -1.808633543579167613e+00 1.000000000000000056e-01
5.542168674698795172e+01 -1.520185419529615833e+00 1.000000000000000056e-01
5.582329317269076085e+01 -1.348913265469996903e+00 1.000000000000000056e-01
5.622489959839357709e+01 -7.523592744268021715e-01 1.000000000000000056e-01
5.662650602409638623e+01 -6.653094075654063522e-01 1.000000000000000056e-01
5.702811244979919536e+01 -3.305822851195083789e-01 1.000000000000000056e-01
5.742971887550200449e+01 3.815550345869632431e-03 1.000000000000000056e-01
5.783132530120482073e+01 5.326537322793182261e-01 1.000000000000000056e-01
5.823293172690762987e+01 6.140421129481410389e-01 1.000000000000000056e-01
5.863453815261043900e+01 8.409745528457361896e-01 1.000000000000000056e-01
5.903614457831325524e+01 1.106538490420634346e+00 1.000000000000000056e-01
5.943775100401606437e+01 1.706465277803837610e+00 1.000000000000000056e-01
5.983935742971887350e+01 1.668203644880396297e+00 1.000000000000000056e-01
6.024096385542168974e+01 1.736283143273931406e+00 1.000000000000000056e-01
6.064257028112449888e+01 1.312318484563206100e+00 1.000000000000000056e-01
6.104417670682730801e+01 7.084558909847422647e-01 1.000000000000000056e-01
6.144578313253011714e+01 4.176194768166321403e-01 1.000000000000000056e-01
6.184738955823293338e+01 -3.463678186852721108e-01 1.000000000000000056e-01
6.224899598393574252e+01 -7.599444858388928470e-01 1.000000000000000056e-01
6.265060240963855165e+01 -1.156349729842409912e+00 1.000000000000000056e-01
6.305220883534136789e+01 -1.160164808203010711e+00 1.000000000000000056e-01
6.345381526104417702e+01 -1.219276516514647524e+00 1.000000000000000056e-01
6.385542168674698615e+01 -1.160098642384733481e+00 1.000000000000000056e-01
6.425702811244980239e+01 -7.139361078198122046e-01 1.000000000000000056e-01
6.465863453815261153e+01 -5.372952570373465964e-01 1.000000000000000056e-01
6.506024096385542066e+01 -3.454550767028640723e-01 1.000000000000000056e-01
6.546184738955822979e+01 -6.152389964488719221e-02 1.000000000000000056e-01
6.586345381526103893e+01 -3.888521583798015824e-02 1.000000000000000056e-01
6.626506024096384806e+01 3.152717372691569153e-01 1.000000000000000056e-01
6.666666666666667140e+01 5.769778706672197277e-01 1.000000000000000056e-01
6.706827309236948054e+01 8.253594696980737222e-01 1.000000000000000056e-01
6.746987951807228967e+01 1.369246136425767979e+00 1.000000000000000056e-01
6.787148594377509880e+01 2.095600540962109015e+00 1.000000000000000056e-01
6.827309236947790794e+01 2.537981783414363424e+00 1.000000000000000056e-01
6.867469879518071707e+01 2.827558561250143931e+00 1.000000000000000056e-01
6.907630522088354041e+01 3.390506103037016494e+00 1.000000000000000056e-01
6.947791164658634955e+01 2.907252587746950390e+00 1.000000000000000056e-01
6.987951807228915868e+01 2.725256688152023710e+00 1.000000000000000056e-01
7.028112449799196781e+01 2.139436251357867746e+00 1.000000000000000056e-01
7.068273092369477695e+01 1.511532351411422948e+00 1.000000000000000056e-01
7.108433734939758608e+01 6.942987231041961582e-01 1.000000000000000056e-01
7.148594377510039521e+01 2.831848197384052579e-01 1.000000000000000056e-01
7.188755020080321856e+01 -3.885049437339232470e-01 1.000000000000000056e-01
7.228915662650602769e+01 -6.376361908507878207e-01 1.000000000000000056e-01
7.269076305220883683e+01 -4.878766681194692811e-01 1.000000000000000056e-01
7.309236947791164596e+01 -5.156898949234330898e-01 1.000000000000000056e-01
7.349397590361445509e+01 -7.273014424132011324e-02 1.000000000000000056e-01
7.389558232931726423e+01 4.539476589679920515e-01 1.000000000000000056e-01
7.429718875502007336e+01 8.611161843500024782e-01 1.000000000000000056e-01
7.469879518072289670e+01 1.038629363579683718e+00 1.000000000000000056e-01
7.510040160642570584e+01 1.442882586295737957e+00 1.000000000000000056e-01
7.550200803212851497e+01 1.573166888736965419e+00 1.000000000000000056e-01
7.590361445783132410e+01 1.536075039310279555e+00 1.000000000000000056e-01
7.630522088353413324e+01 1.496210192185974064e+00 1.000000000000000056e-01
7.670682730923694237e+01 1.331958713472190858e+00 1.000000000000000056e-01
7.710843373493975150e+01 1.106691661599824350e+00 1.000000000000000056e-01
7.751004016064257485e+01 1.198224422646727794e+00 1.000000000000000056e-01
7.791164658634538398e+01 9.325019587591978354e-01 1.000000000000000056e-01
7.831325301204819311e+01 9.039663241692504903e-01 1.000000000000000056e-01
7.871485943775100225e+01 8.395602500539227631e-01 1.000000000000000056e-01
7.911646586345381138e+01 6.180013259869742148e-01 1.000000000000000056e-01
7.951807228915662051e+01 3.934336379218602575e-01 1.000000000000000056e-01
7.991967871485944386e+01 2.504041600211666108e-01 1.000000000000000056e-01
8.032128514056225299e+01 3.176449490796481867e-02 1.000000000000000056e-01
8.072289156626506212e+01 -7.627851761215345694e-03 1.000000000000000056e-01
8.112449799196787126e+01 3.435971907242317547e-02 1.000000000000000056e-01
8.152610441767068039e+01 1.235057748468161576e-01 1.000000000000000056e-01
8.192771084337348952e+01 2.331175699554303427e-01 1.000000000000000056e-01
8.232931726907629866e+01 1.503580380605519240e-01 1.000000000000000056e-01
8.273092369477912200e+01 9.670132860632213445e-02 1.000000000000000056e-01
8.313253012048193114e+01 2.997749273114719282e-01 1.000000000000000056e-01
8.353413654618474027e+01 3.635933621689105832e-01 1.000000000000000056e-01
8.393574297188754940e+01 8.662362578368294486e-01 1.000000000000000056e-01
8.433734939759035854e+01 1.144119676454221857e+00 1.000000000000000056e-01
8.473895582329316767e+01 1.464388721149552097e+00 1.000000000000000056e-01
8.514056224899597680e+01 1.326256239334322462e+00 1.000000000000000056e-01
8.554216867469880015e+01 1.209420289888011313e+00 1.000000000000000056e-01
8.594377510040160928e+01 1.062408731762899627e+00 1.000000000000000056e-01
8.634538152610441841e+01 8.213593134666081763e-01 1.000000000000000056e-01
8.674698795180722755e+01 6.197019643708510106e-01 1.000000000000000056e-01
8.714859437751003668e+01 4.128797096061418981e-01 1.000000000000000056e-01
8.755020080321284581e+01 7.273328705400861072e-01 1.000000000000000056e-01
8.795180722891566916e+01 7.525460743805036934e-01 1.000000000000000056e-01
8.835341365461847829e+01 8.275856258658362830e-01 1.000000000000000056e-01
8.875502008032128742e+01 8.956759737264633481e-01 1.000000000000000056e-01
8.915662650602409656e+01 9.248266939435452194e-01 1.000000000000000056e-01
8.955823293172690569e+01 1.303351357855981663e+00 1.000000000000000056e-01
8.995983935742971482e+01 1.100651195816262806e+00 1.000000000000000056e-01
9.036144578313252396e+01 1.286691232935019746e+00 1.000000000000000056e-01
9.076305220883534730e+01 1.269542686080676219e+00 1.000000000000000056e-01
9.116465863453815643e+01 1.028691759612058387e+00 1.000000000000000056e-01
9.156626506024096557e+01 8.637021553512317373e-01 1.000000000000000056e-01
9.196787148594377470e+01 6.168972140707020824e-01 1.000000000000000056e-01
9.236947791164658383e+01 7.794429696729689994e-01 1.000000000000000056e-01
9.277108433734939297e+01 6.457903982273931476e-01 1.000000000000000056e-01
9.317269076305220210e+01 8.624375231636161043e-01 1.000000000000000056e-01
9.357429718875502545e+01 8.668024680349133426e-01 1.000000000000000056e-01
9.397590361445783458e+01 6.842818225744963234e-01 1.000000000000000056e-01
9.437751004016064371e+01 3.291883987329544126e-01 1.000000000000000056e-01
9.477911646586345285e+01 -4.716427235456540495e-02 1.000000000000000056e-01
9.518072289156626198e+01 -5.393830015179797988e-01 1.000000000000000056e-01
9.558232931726907111e+01 -7.854935095024919711e-01 1.000000000000000056e-01
9.598393574297188025e+01 -9.943216902632228127e-01 1.000000000000000056e-01
9.638554216867470359e+01 -1.043189175862220264e+00 1.000000000000000056e-01
9.678714859437751272e+01 -8.409941330795861480e-01 1.000000000000000056e-01
9.718875502008032186e+01 -5.530780670647692521e-01 1.000000000000000056e-01
9.759036144578313099e+01 -7.292883095696006679e-01 1.000000000000000056e-01
9.799196787148594012e+01 -9.226085839978767078e-01 1.000000000000000056e-01
9.839357429718874926e+01 -7.896200308729998119e-01 1.000000000000000056e-01
9.879518072289157260e+01 -1.153892054439921377e+00 1.000000000000000056e-01
9.919678714859438173e+01 -1.197868720691106947e+00 1.000000000000000056e-01
9.959839357429719087e+01 -1.506980299392601141e+00 1.000000000000000056e-01
1.000000000000000000e+02 -1.461115273914005197e+00 1.000000000000000056e-01
