0.000000000000000000e+00 -3.004677155767533359e-01 1.000000000000000056e-01
4.016064257028112428e-01 -4.881364764417737701e-01 1.000000000000000056e-01
8.032128514056224855e-01 -4.133893027374928586e-01 1.000000000000000056e-01
1.204819277108433617e+00 -7.967134285047533515e-01 1.000000000000000056e-01
1.606425702811244971e+00 -6.564078964186490506e-01 1.000000000000000056e-01
2.008032128514056325e+00 -6.588830874103706048e-01 1.000000000000000056e-01
2.409638554216867234e+00 -7.300743936830643710e-01 1.000000000000000056e-01
2.811244979919678588e+00 -5.373877532927325840e-01 1.000000000000000056e-01
3.212851405622489942e+00 -3.443974969235913952e-01 1.000000000000000056e-01
3.614457831325301296e+00 2.748837195684601317e-02 1.000000000000000056e-01
4.016064257028112650e+00 3.541236734216347548e-01 1.000000000000000056e-01
4.417670682730923559e+00 5.722262843403147503e-01 1.000000000000000056e-01
4.819277108433734469e+00 9.644894324196865432e-01 1.000000000000000056e-01
5.220883534136546267e+00 1.310668566389302070e+00 1.000000000000000056e-01
5.622489959839357176e+00 1.811595471485801356e+00 1.000000000000000056e-01
6.024096385542168974e+00 1.968050409642424281e+00 1.000000000000000056e-01
6.425702811244979884e+00 2.106164370343749592e+00 1.000000000000000056e-01
6.827309236947790794e+00 1.957784151282862650e+00 1.000000000000000056e-01
7.228915662650602592e+00 1.948923797730993224e+00 1.000000000000000056e-01
7.630522088353413501e+00 1.886510306585788888e+00 1.000000000000000056e-01
8.032128514056225299e+00 1.506281511477815638e+00 1.000000000000000056e-01
8.433734939759036209e+00 1.329342041088099613e+00 1.000000000000000056e-01
8.835341365461847118e+00 1.012875685757021804e+00 1.000000000000000056e-01
9.236947791164658028e+00 1.252287019369889842e+00 1.000000000000000056e-01
9.638554216867468938e+00 1.217130554556013600e+00 1.000000000000000056e-01
1.004016064257028162e+01 1.324439711528662356e+00 1.000000000000000056e-01
1.044176706827309253e+01 1.383914500476267406e+00 1.000000000000000056e-01
1.084337349397590344e+01 1.306616487855895903e+00 1.000000000000000056e-01
1.124497991967871435e+01 9.832131251366358349e-01 1.000000000000000056e-01
1.164658634538152526e+01 8.440960281119199715e-01 1.000000000000000056e-01
1.204819277108433795e+01 3.713044032545210205e-01 1.000000000000000056e-01
1.244979919678714886e+01 7.388691864644750251e-02 1.000000000000000056e-01
1.285140562248995977e+01 -1.915436664740124972e-01 1.000000000000000056e-01
1.325301204819277068e+01 -5.858127027964921130e-01 1.000000000000000056e-01
1.365461847389558159e+01 -8.395154698818412253e-01 1.000000000000000056e-01
1.405622489959839427e+01 -6.069481076334251046e-01 1.000000000000000056e-01
1.445783132530120518e+01 -5.301475305144012218e-01 1.000000000000000056e-01
1.485943775100401609e+01 -1.318717481316383777e-01 1.000000000000000056e-01
1.526104417670682700e+01 5.104505302649639531e-02 1.000000000000000056e-01
1.566265060240963791e+01 5.122260820897085454e-01 1.000000000000000056e-01
1.606425702811245060e+01 1.047730854961862690e+00 1.000000000000000056e-01
1.646586345381525973e+01 1.287001955816573284e+00 1.000000000000000056e-01
1.686746987951807242e+01 1.428140568707162883e+00 1.000000000000000056e-01
1.726907630522088510e+01 1.412307678972676284e+00 1.000000000000000056e-01
1.767068273092369424e+01 1.169461907086024155e+00 1.000000000000000056e-01
1.807228915662650692e+01 1.099668318789983612e+00 1.000000000000000056e-01
1.847389558232931606e+01 8.383101900853926480e-01 1.000000000000000056e-01
1.887550200803212874e+01 6.770234565420281125e-01 1.000000000000000056e-01
1.927710843373493788e+01 5.596820454280940771e-01 1.000000000000000056e-01
1.967871485943775056e+01 3.935903811150868181e-01 1.000000000000000056e-01
2.008032128514056325e+01 7.260596467166896550e-01 1.000000000000000056e-01
2.048192771084337238e+01 7.232021674053339400e-01 1.000000000000000056e-01
2.088353413654618507e+01 1.001187469312341705e+00 1.000000000000000056e-01
2.128514056224899420e+01 1.367830398946798365e+00 1.000000000000000056e-01
2.168674698795180689e+01 1.368750560080569612e+00 1.000000000000000056e-01
2.208835341365461957e+01 1.148399156981224190e+00 1.000000000000000056e-01
2.248995983935742871e+01 8.662979693472725451e-01 1.000000000000000056e-01
2.289156626506024139e+01 7.999461135096450626e-01 1.000000000000000056e-01
2.329317269076305053e+01 1.461325916369106137e-01 1.000000000000000056e-01
2.369477911646586321e+01 -2.081025214213094721e-01 1.000000000000000056e-01
2.409638554216867590e+01 -1.928578281991882304e-01 1.000000000000000056e-01
2.449799196787148503e+01 -1.853201166387194454e-01 1.000000000000000056e-01
2.489959839357429772e+01 3.594597298573724564e-01 1.000000000000000056e-01
2.530120481927710685e+01 6.207048600348216150e-01 1.000000000000000056e-01
2.570281124497991954e+01 6.003494259291536350e-01 1.000000000000000056e-01
2.610441767068273222e+01 9.036751787613311881e-01 1.000000000000000056e-01
2.650602409638554136e+01 8.438835859318374322e-01 1.000000000000000056e-01
2.690763052208835404e+01 8.893775159270015385e-01 1.000000000000000056e-01
2.730923694779116317e+01 9.650689158268604961e-01 1.000000000000000056e-01
2.771084337349397586e+01 1.142180293421894310e+00 1.000000000000000056e-01
2.811244979919678855e+01 1.259407020415887368e+00 1.000000000000000056e-01
2.851405622489959768e+01 1.349454543175567123e+00 1.000000000000000056e-01
2.891566265060241037e+01 1.534915640265489323e+00 1.000000000000000056e-01
2.931726907630521950e+01 1.740809110704039320e+00 1.000000000000000056e-01
2.971887550200803219e+01 1.777186597573693128e+00 1.000000000000000056e-01
3.012048192771084487e+01 1.793800227808633130e+00 1.000000000000000056e-01
3.052208835341365400e+01 1.934678385889392116e+00 1.000000000000000056e-01
3.092369477911646669e+01 1.827432632814946389e+00 1.000000000000000056e-01
3.132530120481927582e+01 1.804114751216749468e+00 1.000000000000000056e-01
3.172690763052208851e+01 2.215177867033207182e+00 1.000000000000000056e-01
3.212851405622490120e+01 2.245959629062300511e+00 1.000000000000000056e-01
3.253012048192771033e+01 2.592328907079250122e+00 1.000000000000000056e-01
3.293172690763051946e+01 2.920865841954092268e+00 1.000000000000000056e-01
3.333333333333333570e+01 3.224359892000380867e+00 1.000000000000000056e-01
3.373493975903614484e+01 3.345338116931356964e+00 1.000000000000000056e-01
3.413654618473895397e+01 3.706721887561031714e+00 1.000000000000000056e-01
3.453815261044177021e+01 3.780098025831689856e+00 1.000000000000000056e-01
3.493975903614457934e+01 3.961702268159642770e+00 1.000000000000000056e-01
3.534136546184738847e+01 3.626513496671297077e+00 1.000000000000000056e-01
3.574297188755019761e+01 3.526791103489224533e+00 1.000000000000000056e-01
3.614457831325301385e+01 3.173940619958675935e+00 1.000000000000000056e-01
3.654618473895582298e+01 3.013206785345398764e+00 1.000000000000000056e-01
3.694779116465863211e+01 2.166690643102730185e+00 1.000000000000000056e-01
3.734939759036144835e+01 1.652920938301158493e+00 1.000000000000000056e-01
3.775100401606425748e+01 1.353686117860076976e+00 1.000000000000000056e-01
3.815261044176706662e+01 8.355860237520829070e-01 1.000000000000000056e-01
3.855421686746987575e+01 2.970962681838919539e-01 1.000000000000000056e-01
3.895582329317269199e+01 1.409227544471549631e-01 1.000000000000000056e-01
3.935742971887550112e+01 2.631222095534950511e-03 1.000000000000000056e-01
3.975903614457831026e+01 3.722956115744616851e-02 1.000000000000000056e-01
4.016064257028112650e+01 2.406477701690957482e-01 1.000000000000000056e-01
4.056224899598393563e+01 4.977483924984402730e-01 1.000000000000000056e-01
4.096385542168674476e+01 7.637228513663657514e-01 1.000000000000000056e-01
4.136546184738956100e+01 9.681623060633590683e-01 1.000000000000000056e-01
4.176706827309237013e+01 1.250240548149149200e+00 1.000000000000000056e-01
4.216867469879517927e+01 1.227730848786129814e+00 1.000000000000000056e-01
4.257028112449798840e+01 1.617707474670953438e+00 1.000000000000000056e-01
4.297188755020080464e+01 1.872929151555434268e+00 1.000000000000000056e-01
4.337349397590361377e+01 2.503574110299235045e+00 1.000000000000000056e-01
4.377510040160642291e+01 2.967984252209221019e+00 1.000000000000000056e-01
4.417670682730923915e+01 3.414945528933436503e+00 1.000000000000000056e-01
4.457831325301204828e+01 3.753393182158092589e+00 1.000000000000000056e-01
4.497991967871485741e+01 3.965019902400881868e+00 1.000000000000000056e-01
4.538152610441767365e+01 3.792965895010163457e+00 1.000000000000000056e-01
4.578313253012048278e+01 3.739253044180073093e+00 1.000000000000000056e-01
4.618473895582329192e+01 3.297128157950603100e+00 1.000000000000000056e-01
4.658634538152610105e+01 2.675932733744011305e+00 1.000000000000000056e-01
4.698795180722891729e+01 2.097087867006217188e+00 1.000000000000000056e-01
4.738955823293172642e+01 1.357895226135156674e+00 1.000000000000000056e-01
4.779116465863453556e+01 6.698441436261088899e-01 1.000000000000000056e-01
4.819277108433735179e+01 1.774824182723465094e-01 1.000000000000000056e-01
4.859437751004016093e+01 -2.976032665063167992e-01 1.000000000000000056e-01
4.899598393574297006e+01 -7.049921453185852283e-01 1.000000000000000056e-01
4.939759036144578630e+01 -9.069735565844514458e-01 1.000000000000000056e-01
4.979919678714859543e+01 -1.175186596998040622e+00 1.000000000000000056e-01
5.020080321285140457e+01 -1.302594497739001378e+00 1.000000000000000056e-01
5.060240963855421370e+01 -1.343361891033242550e+00 1.000000000000000056e-01
5.100401606425702994e+01 -1.198669317944629720e+00 1.000000000000000056e-01
5.140562248995983907e+01 -1.101172841719535667e+00 1.000000000000000056e-01
5.180722891566264821e+01 -7.724245405997006708e-01 1.000000000000000056e-01
5.220883534136546444e+01 -4.894745679580560505e-01 1.000000000000000056e-01
5.261044176706827358e+01 -1.188597624220290166e-01 1.000000000000000056e-01
5.301204819277108271e+01 6.456177279329863850e-02 1.000000000000000056e-01
5.341365461847389184e+01 -2.562605707477469963e-01 1.000000000000000056e-01
5.381526104417670808e+01 -6.040396590774026464e-01 1.000000000000000056e-01
5.421686746987951722e+01 -8.908159926095921000e-01 1.000000000000000056e-01
5.461847389558232635e+01 -1.220061136684343683e+00 1.000000000000000056e-01
5.502008032128514259e+01 -1.453165229094291133e+00 1.000000000000000056e-01
5.542168674698795172e+01 -1.616073442519467829e+00 1.000000000000000056e-01
5.582329317269076085e+01 -1.375595694117595746e+00 1.000000000000000056e-01
5.622489959839357709e+01 -1.023736582534322537e+00 1.000000000000000056e-01
5.662650602409638623e+01 -6.798187698277525781e-01 1.000000000000000056e-01
5.702811244979919536e+01 -1.872835593194420445e-01 1.000000000000000056e-01
5.742971887550200449e+01 6.921342631276242163e-02 1.000000000000000056e-01
5.783132530120482073e+01 2.200292736835653684e-01 1.000000000000000056e-01
5.823293172690762987e+01 1.872964240362310906e-01 1.000000000000000056e-01
5.863453815261043900e+01 -1.518467982742217059e-01 1.000000000000000056e-01
5.903614457831325524e+01 -3.635762232144040262e-01 1.000000000000000056e-01
5.943775100401606437e+01 -9.552650120696123404e-01 1.000000000000000056e-01
5.983935742971887350e+01 -1.184988051487307903e+00 1.000000000000000056e-01
6.024096385542168974e+01 -1.516353980311880623e+00 1.000000000000000056e-01
6.064257028112449888e+01 -1.624888205456803014e+00 1.000000000000000056e-01
6.104417670682730801e+01 -1.727171803583415155e+00 1.000000000000000056e-01
6.144578313253011714e+01 -2.150499469660587692e+00 1.000000000000000056e-01
6.184738955823293338e+01 -2.014754083894324754e+00 1.000000000000000056e-01
6.224899598393574252e+01 -1.715200732427786257e+00 1.000000000000000056e-01
6.265060240963855165e+01 -1.506114807777385378e+00 1.000000000000000056e-01
6.305220883534136789e+01 -1.212606350318618853e+00 1.000000000000000056e-01
6.345381526104417702e+01 -9.331490866249645411e-01 1.000000000000000056e-01
6.385542168674698615e+01 -1.144523234357669728e-01 1.000000000000000056e-01
6.425702811244980239e+01 1.599886709142286645e-01 1.000000000000000056e-01
6.465863453815261153e+01 5.312149629164475417e-01 1.000000000000000056e-01
6.506024096385542066e+01 6.858796677517873253e-01 1.000000000000000056e-01
6.546184738955822979e+01 6.635614641479251619e-01 1.000000000000000056e-01
6.586345381526103893e+01 4.190141609154020008e-01 1.000000000000000056e-01
6.626506024096384806e+01 -3.800290280563352330e-02 1.000000000000000056e-01
6.666666666666667140e+01 -1.235315421837454297e-01 1.000000000000000056e-01
6.706827309236948054e+01 -7.640415484026333859e-01 1.000000000000000056e-01
6.746987951807228967e+01 -1.093422164951418862e+00 1.000000000000000056e-01
6.787148594377509880e+01 -1.396432774774048147e+00 1.000000000000000056e-01
6.827309236947790794e+01 -1.555381522723317200e+00 1.000000000000000056e-01
6.867469879518071707e+01 -1.778139308814428832e+00 1.000000000000000056e-01
6.907630522088354041e+01 -1.597829141157610877e+00 1.000000000000000056e-01
6.947791164658634955e+01 -1.545382625534159837e+00 1.000000000000000056e-01
6.987951807228915868e+01 -1.340023500646557286e+00 1.000000000000000056e-01
7.028112449799196781e+01 -1.317888488713587991e+00 1.000000000000000056e-01
7.068273092369477695e+01 -1.038396523438692043e+00 1.000000000000000056e-01
7.108433734939758608e+01 -7.147061482612251382e-01 1.000000000000000056e-01
7.148594377510039521e+01 -7.710602897932017363e-01 1.000000000000000056e-01
7.188755020080321856e+01 -7.646655663526656932e-01 1.000000000000000056e-01
7.228915662650602769e+01 -1.102271671528129549e+00 1.000000000000000056e-01
7.269076305220883683e+01 -1.487406751939923666e+00 1.000000000000000056e-01
7.309236947791164596e+01 -1.845013196120188548e+00 1.000000000000000056e-01
7.349397590361445509e+01 -1.716206632787972364e+00 1.000000000000000056e-01
7.389558232931726423e+01 -1.645456909805575130e+00 1.000000000000000056e-01
7.429718875502007336e+01 -1.345047568776776226e+00 1.000000000000000056e-01
7.469879518072289670e+01 -1.080132932751289188e+00 1.000000000000000056e-01
7.510040160642570584e+01 -4.892516426784211947e-01 1.000000000000000056e-01
7.550200803212851497e+01 -1.241786920944748657e-01 1.000000000000000056e-01
7.590361445783132410e+01 3.432084337648574901e-02 1.000000000000000056e-01
7.630522088353413324e+01 2.201796027211372908e-01 1.000000000000000056e-01
7.670682730923694237e+01 3.253835019505595394e-01 1.000000000000000056e-01
7.710843373493975150e+01 3.960923715346037488e-01 1.000000000000000056e-01
7.751004016064257485e+01 5.138653118775317052e-01 1.000000000000000056e-01
7.791164658634538398e+01 4.619198171689473109e-01 1.000000000000000056e-01
7.831325301204819311e+01 3.608115868102077517e-01 1.000000000000000056e-01
7.871485943775100225e+01 1.079124101778087819e-01 1.000000000000000056e-01
7.911646586345381138e+01 8.205098293004546572e-02 1.000000000000000056e-01
7.951807228915662051e+01 -1.117891539890975561e-01 1.000000000000000056e-01
7.991967871485944386e+01 -5.413881151115141899e-01 1.000000000000000056e-01
8.032128514056225299e+01 -8.192655754950222136e-01 1.000000000000000056e-01
8.072289156626506212e+01 -1.000404860736478163e+00 1.000000000000000056e-01
8.112449799196787126e+01 -9.242863852278681014e-01 1.000000000000000056e-01
8.152610441767068039e+01 -9.319777960851290954e-01 1.000000000000000056e-01
8.192771084337348952e+01 -8.214288311797588449e-01 1.000000000000000056e-01
8.232931726907629866e+01 -9.355593877069089404e-01 1.000000000000000056e-01
8.273092369477912200e+01 -8.458621183467307514e-01 1.000000000000000056e-01
8.313253012048193114e+01 -8.078847894302638721e-01 1.000000000000000056e-01
8.353413654618474027e+01 -5.866391970064547268e-01 1.000000000000000056e-01
8.393574297188754940e+01 -4.301904664718517735e-01 1.000000000000000056e-01
8.433734939759035854e+01 -2.369738846321559622e-01 1.000000000000000056e-01
8.473895582329316767e+01 1.549816330283481092e-01 1.000000000000000056e-01
8.514056224899597680e+01 8.901125174368608450e-02 1.000000000000000056e-01
8.554216867469880015e+01 3.300924073445866136e-01 1.000000000000000056e-01
8.594377510040160928e+01 3.559106733594299410e-01 1.000000000000000056e-01
8.634538152610441841e+01 3.947502866318586823e-01 1.000000000000000056e-01
8.674698795180722755e+01 3.930953626549666957e-01 1.000000000000000056e-01
8.714859437751003668e+01 4.741174511599477448e-01 1.000000000000000056e-01
8.755020080321284581e+01 1.238642770826675898e-01 1.000000000000000056e-01
8.795180722891566916e+01 -2.783123705957069038e-02 1.000000000000000056e-01
8.835341365461847829e+01 -1.739438935517102422e-02 1.000000000000000056e-01
8.875502008032128742e+01 -2.633687979090798548e-01 1.000000000000000056e-01
8.915662650602409656e+01 -6.988935339887518694e-01 1.000000000000000056e-01
8.955823293172690569e+01 -8.134438086134008206e-01 1.000000000000000056e-01
8.995983935742971482e+01 -1.212781989638696434e+00 1.000000000000000056e-01
9.036144578313252396e+01 -1.464947814162956830e+00 1.000000000000000056e-01
9.076305220883534730e+01 -1.879321464567077493e+00 1.000000000000000056e-01
9.116465863453815643e+01 -2.080954319789544815e+00 1.000000000000000056e-01
9.156626506024096557e+01 -1.949602201868105178e+00 1.000000000000000056e-01
9.196787148594377470e+01 -2.332238284980916898e+00 1.000000000000000056e-01
9.236947791164658383e+01 -2.485725023486960339e+00 1.000000000000000056e-01
9.277108433734939297e+01 -2.653854455788282607e+00 1.000000000000000056e-01
9.317269076305220210e+01 -2.397540405001255870e+00 1.000000000000000056e-01
9.357429718875502545e+01 -1.655336406229710899e+00 1.000000000000000056e-01
9.397590361445783458e+01 -1.472608876416265256e+00 1.000000000000000056e-01
9.437751004016064371e+01 -6.105107751525086224e-01 1.000000000000000056e-01
9.477911646586345285e+01 -3.252668058735978529e-01 1.000000000000000056e-01
9.518072289156626198e+01 2.232954098702895906e-01 1.000000000000000056e-01
9.558232931726907111e+01 8.479249217872981692e-01 1.000000000000000056e-01
9.598393574297188025e+01 4.969086445839954180e-01 1.000000000000000056e-01
9.638554216867470359e+01 4.287377023596360970e-01 1.000000000000000056e-01
9.678714859437751272e+01 2.907297698243226369e-01 1.000000000000000056e-01
9.718875502008032186e+01 -2.479785315512797461e-01 1.000000000000000056e-01
9.759036144578313099e+01 -3.671708414016685018e-01 1.000000000000000056e-01
9.799196787148594012e+01 -5.275724984933967132e-01 1.000000000000000056e-01
9.839357429718874926e+01 -9.251657621169917523e-01 1.000000000000000056e-01
9.879518072289157260e+01 -1.156440456603377021e+00 1.000000000000000056e-01
9.919678714859438173e+01 -1.696304109106562708e+00 1.000000000000000056e-01
9.959839357429719087e+01 -2.047228634301559325e+00 1.000000000000000056e-01
1.000000000000000000e+02 -2.374704261228390401e+00 1.000000000000000056e-01
