0.000000000000000000e+00 3.757160536617531132e+00 1.000000000000000056e-01
4.016064257028112428e-01 3.496329638146010943e+00 1.000000000000000056e-01
8.032128514056224855e-01 3.111442618127345572e+00 1.000000000000000056e-01
1.204819277108433617e+00 2.694480015049048660e+00 1.000000000000000056e-01
1.606425702811244971e+00 2.688210524035238969e+00 1.000000000000000056e-01
2.008032128514056325e+00 2.378747484932300260e+00 1.000000000000000056e-01
2.409638554216867234e+00 2.238022748285541930e+00 1.000000000000000056e-01
2.811244979919678588e+00 1.904761508651360291e+00 1.000000000000000056e-01
3.212851405622489942e+00 1.893608068528405575e+00 1.000000000000000056e-01
3.614457831325301296e+00 1.417693886121400793e+00 1.000000000000000056e-01
4.016064257028112650e+00 1.570637292400204332e+00 1.000000000000000056e-01
4.417670682730923559e+00 1.135232983911556026e+00 1.000000000000000056e-01
4.819277108433734469e+00 1.506187054109628498e+00 1.000000000000000056e-01
5.220883534136546267e+00 1.431016335723640287e+00 1.000000000000000056e-01
5.622489959839357176e+00 1.392853993752273700e+00 1.000000000000000056e-01
6.024096385542168974e+00 1.938253133929329186e+00 1.000000000000000056e-01
6.425702811244979884e+00 1.717901291492061500e+00 1.000000000000000056e-01
6.827309236947790794e+00 1.849481277016035818e+00 1.000000000000000056e-01
7.228915662650602592e+00 1.673686884406057507e+00 1.000000000000000056e-01
7.630522088353413501e+00 1.482193811091151892e+00 1.000000000000000056e-01
8.032128514056225299e+00 1.081459270368305692e+00 1.000000000000000056e-01
8.433734939759036209e+00 1.048947453626365212e+00 1.000000000000000056e-01
8.835341365461847118e+00 5.896500294151389987e-01 1.000000000000000056e-01
9.236947791164658028e+00 3.608341282452981469e-01 1.000000000000000056e-01
9.638554216867468938e+00 -2.186809310428909636e-01 1.000000000000000056e-01
1.004016064257028162e+01 -4.540476779255455675e-01 1.000000000000000056e-01
1.044176706827309253e+01 -8.166937755486848305e-01 1.000000000000000056e-01
1.084337349397590344e+01 -8.466867323959612612e-01 1.000000000000000056e-01
1.124497991967871435e+01 -1.132909590302419334e+00 1.000000000000000056e-01
1.164658634538152526e+01 -1.377909900483970551e+00 1.000000000000000056e-01
1.204819277108433795e+01 -1.042342656755363306e+00 1.000000000000000056e-01
1.244979919678714886e+01 -1.131315190185811392e+00 1.000000000000000056e-01
1.285140562248995977e+01 -1.371722601412447062e+00 1.000000000000000056e-01
1.325301204819277068e+01 -9.356191171703406306e-01 1.000000000000000056e-01
1.365461847389558159e+01 -7.954682969743486209e-01 1.000000000000000056e-01
1.405622489959839427e+01 -4.827471060420797100e-01 1.000000000000000056e-01
1.445783132530120518e+01 -1.666377631796560344e-01 1.000000000000000056e-01
1.485943775100401609e+01 5.225809379907202512e-01 1.000000000000000056e-01
1.526104417670682700e+01 9.109773539251512231e-01 1.000000000000000056e-01
1.566265060240963791e+01 1.201860874870201989e+00 1.000000000000000056e-01
1.606425702811245060e+01 1.587034926358049880e+00 1.000000000000000056e-01
1.646586345381525973e+01 1.812580662513482155e+00 1.000000000000000056e-01
1.686746987951807242e+01 1.729889330913998879e+00 1.000000000000000056e-01
1.726907630522088510e+01 1.229540817638818728e+00 1.000000000000000056e-01
1.767068273092369424e+01 1.170705563800851667e+00 1.000000000000000056e-01
1.807228915662650692e+01 7.650230929772712241e-01 1.000000000000000056e-01
1.847389558232931606e+01 5.574215420247817798e-01 1.000000000000000056e-01
1.887550200803212874e+01 4.511747410048037588e-01 1.000000000000000056e-01
1.927710843373493788e+01 -1.806601736152942117e-03 1.000000000000000056e-01
1.967871485943775056e+01 -2.114536157972963792e-01 1.000000000000000056e-01
2.008032128514056325e+01 -5.259895080721961325e-01 1.000000000000000056e-01
2.048192771084337238e+01 -9.830624688460788407e-01 1.000000000000000056e-01
2.088353413654618507e+01 -1.020223895774215128e+00 1.000000000000000056e-01
2.128514056224899420e+01 -1.200022806212790893e+00 1.000000000000000056e-01
2.168674698795180689e+01 -1.447489848658920275e+00 1.000000000000000056e-01
2.208835341365461957e+01 -1.282063970913317696e+00 1.000000000000000056e-01
2.248995983935742871e+01 -1.247053247432953205e+00 1.000000000000000056e-01
2.289156626506024139e+01 -1.072292677824181917e+00 1.000000000000000056e-01
2.329317269076305053e+01 -9.888851313854256642e-01 1.000000000000000056e-01
2.369477911646586321e+01 -5.645457832117685149e-01 1.000000000000000056e-01
2.409638554216867590e+01 -3.474933746723262717e-01 1.000000000000000056e-01
2.449799196787148503e+01 -1.542795849869069980e-01 1.000000000000000056e-01
2.489959839357429772e+01 1.243980953646763310e-01 1.000000000000000056e-01
2.530120481927710685e+01 3.303531834842045600e-01 1.000000000000000056e-01
2.570281124497991954e+01 2.894431080035228532e-01 1.000000000000000056e-01
2.610441767068273222e+01 3.794843978880124702e-01 1.000000000000000056e-01
2.650602409638554136e+01 2.381888143798585045e-01 1.000000000000000056e-01
2.690763052208835404e+01 -1.765859481021863908e-01 1.000000000000000056e-01
2.730923694779116317e+01 -5.429015215676848971e-01 1.000000000000000056e-01
2.771084337349397586e+01 -7.732143594470799464e-01 1.000000000000000056e-01
2.811244979919678855e+01 -7.889933557435695466e-01 1.000000000000000056e-01
2.851405622489959768e+01 -6.680588575191147571e-01 1.000000000000000056e-01
2.891566265060241037e+01 -7.679167490273706154e-01 1.000000000000000056e-01
2.931726907630521950e+01 -6.090624593454316837e-01 1.000000000000000056e-01
2.971887550200803219e+01 -4.629929316332632161e-01 1.000000000000000056e-01
3.012048192771084487e+01 -2.843455094738924771e-01 1.000000000000000056e-01
3.052208835341365400e+01 -3.121833248562778662e-01 1.000000000000000056e-01
3.092369477911646669e+01 -2.890211374071866013e-01 1.000000000000000056e-01
3.132530120481927582e+01 -1.905544442254419324e-01 1.000000000000000056e-01
3.172690763052208851e+01 -4.191229554821032099e-01 1.000000000000000056e-01
3.212851405622490120e+01 -9.297069744753977405e-02 1.000000000000000056e-01
3.253012048192771033e+01 -3.378581320053099524e-01 1.000000000000000056e-01
3.293172690763051946e+01 -6.604744331183799444e-01 1.000000000000000056e-01
3.333333333333333570e+01 -3.901130249168459629e-01 1.000000000000000056e-01
3.373493975903614484e+01 -3.109637273025493975e-01 1.000000000000000056e-01
3.413654618473895397e+01 -3.715213350495838451e-01 1.000000000000000056e-01
3.453815261044177021e+01 3.782725732765514909e-02 1.000000000000000056e-01
3.493975903614457934e+01 4.535277263407438419e-01 1.000000000000000056e-01
3.534136546184738847e+01 9.991959320526229149e-01 1.000000000000000056e-01
3.574297188755019761e+01 1.555947418804889404e+00 1.000000000000000056e-01
3.614457831325301385e+01 1.726732972377935660e+00 1.000000000000000056e-01
3.654618473895582298e+01 2.175743410348854656e+00 1.000000000000000056e-01
3.694779116465863211e+01 2.167134047325672608e+00 1.000000000000000056e-01
3.734939759036144835e+01 2.222121399489482396e+00 1.000000000000000056e-01
3.775100401606425748e+01 2.219899431820716806e+00 1.000000000000000056e-01
3.815261044176706662e+01 2.141676260037066903e+00 1.000000000000000056e-01
3.855421686746987575e+01 1.961051647054089742e+00 1.000000000000000056e-01
3.895582329317269199e+01 1.594443700211330750e+00 1.000000000000000056e-01
3.935742971887550112e+01 1.690254041834932330e+00 1.000000000000000056e-01
3.975903614457831026e+01 1.159041164614010189e+00 1.000000000000000056e-01
4.016064257028112650e+01 7.576371908330608029e-01 1.000000000000000056e-01
4.056224899598393563e+01 5.303271741166240005e-01 1.000000000000000056e-01
4.096385542168674476e+01 1.733955290728932119e-01 1.000000000000000056e-01
4.136546184738956100e+01 -2.218736335061663179e-01 1.000000000000000056e-01
4.176706827309237013e+01 -8.531700226669754195e-02 1.000000000000000056e-01
4.216867469879517927e+01 -1.146264002889325201e-01 1.000000000000000056e-01
4.257028112449798840e+01 7.313872162204027028e-02 1.000000000000000056e-01
4.297188755020080464e+01 -2.351365389064098005e-02 1.000000000000000056e-01
4.337349397590361377e+01 -1.249568035826883194e-01 1.000000000000000056e-01
4.377510040160642291e+01 1.986806984580192365e-02 1.000000000000000056e-01
4.417670682730923915e+01 1.450101025920899622e-01 1.000000000000000056e-01
4.457831325301204828e+01 3.844986392113752816e-01 1.000000000000000056e-01
4.497991967871485741e+01 4.530882180935468240e-01 1.000000000000000056e-01
4.538152610441767365e+01 8.199629475213181529e-01 1.000000000000000056e-01
4.578313253012048278e+01 8.943405136781779063e-01 1.000000000000000056e-01
4.618473895582329192e+01 1.158883765627203299e+00 1.000000000000000056e-01
4.658634538152610105e+01 9.890281995391440040e-01 1.000000000000000056e-01
4.698795180722891729e+01 8.800664998247661464e-01 1.000000000000000056e-01
4.738955823293172642e+01 4.753459369891025466e-01 1.000000000000000056e-01
4.779116465863453556e+01 2.955797816337579209e-01 1.000000000000000056e-01
4.819277108433735179e+01 1.702041988240006187e-01 1.000000000000000056e-01
4.859437751004016093e+01 -2.040685509504311379e-01 1.000000000000000056e-01
4.899598393574297006e+01 -5.394988724842108008e-01 1.000000000000000056e-01
4.939759036144578630e+01 -1.056067795973902879e+00 1.000000000000000056e-01
4.979919678714859543e+01 -1.800663468164035663e+00 1.000000000000000056e-01
5.020080321285140457e+01 -2.280447927687401677e+00 1.000000000000000056e-01
5.060240963855421370e+01 -2.683605482478050863e+00 1.000000000000000056e-01
5.100401606425702994e+01 -2.738264248580170701e+00 1.000000000000000056e-01
5.140562248995983907e+01 -2.656406387700196881e+00 1.000000000000000056e-01
5.180722891566264821e+01 -2.354640845508264579e+00 1.000000000000000056e-01
5.220883534136546444e+01 -2.027933999780396235e+00 1.000000000000000056e-01
5.261044176706827358e+01 -1.742284970252469867e+00 1.000000000000000056e-01
5.301204819277108271e+01 -1.214643231528794054e+00 1.000000000000000056e-01
5.341365461847389184e+01 -1.329999210706239277e+00 1.000000000000000056e-01
5.381526104417670808e+01 -1.276546330503002480e+00 1.000000000000000056e-01
5.421686746987951722e+01 -1.430180811263908280e+00 1.000000000000000056e-01
5.461847389558232635e+01 -1.512011535663486450e+00 1.000000000000000056e-01
5.502008032128514259e+01 -1.554041294916185034e+00 1.000000000000000056e-01
5.542168674698795172e+01 -1.512260267056876550e+00 1.000000000000000056e-01
5.582329317269076085e+01 -1.258937061815319947e+00 1.000000000000000056e-01
5.622489959839357709e+01 -1.087147273642653955e+00 1.000000000000000056e-01
5.662650602409638623e+01 -6.716635936959090003e-01 1.000000000000000056e-01
5.702811244979919536e+01 -5.644433874427908782e-01 1.000000000000000056e-01
5.742971887550200449e+01 -7.504757834335484823e-01 1.000000000000000056e-01
5.783132530120482073e+01 -1.046499177501017286e+00 1.000000000000000056e-01
5.823293172690762987e+01 -9.569560177959186564e-01 1.000000000000000056e-01
5.863453815261043900e+01 -1.145773972589459122e+00 1.000000000000000056e-01
5.903614457831325524e+01 -1.404174677261368132e+00 1.000000000000000056e-01
5.943775100401606437e+01 -1.197238245887464636e+00 1.000000000000000056e-01
5.983935742971887350e+01 -1.310909580956098663e+00 1.000000000000000056e-01
6.024096385542168974e+01 -1.239904811975142129e+00 1.000000000000000056e-01
6.064257028112449888e+01 -1.218717666624521190e+00 1.000000000000000056e-01
6.104417670682730801e+01 -7.395941607522213967e-01 1.000000000000000056e-01
6.144578313253011714e+01 -7.294362062558594761e-01 1.000000000000000056e-01
6.184738955823293338e+01 -7.941237991537583030e-01 1.000000000000000056e-01
6.224899598393574252e+01 -7.307737761563422030e-01 1.000000000000000056e-01
6.265060240963855165e+01 -8.058041053087737771e-01 1.000000000000000056e-01
6.305220883534136789e+01 -1.007262529043972954e+00 1.000000000000000056e-01
6.345381526104417702e+01 -1.003141084108357228e+00 1.000000000000000056e-01
6.385542168674698615e+01 -1.184534278230100934e+00 1.000000000000000056e-01
6.425702811244980239e+01 -1.220618112409225020e+00 1.000000000000000056e-01
6.465863453815261153e+01 -1.149428321680516341e+00 1.000000000000000056e-01
6.506024096385542066e+01 -9.842783195399255058e-01 1.000000000000000056e-01
6.546184738955822979e+01 -4.444726426731463453e-01 1.000000000000000056e-01
6.586345381526103893e+01 -3.073949542227443765e-01 1.000000000000000056e-01
6.626506024096384806e+01 -1.781761239750943859e-01 1.000000000000000056e-01
6.666666666666667140e+01 -6.204398570834822324e-02 1.000000000000000056e-01
6.706827309236948054e+01 -2.217782812919970037e-01 1.000000000000000056e-01
6.746987951807228967e+01 -2.391464542960529960e-01 1.000000000000000056e-01
6.787148594377509880e+01 -5.224488179563924195e-01 1.000000000000000056e-01
6.827309236947790794e+01 -2.117658301693234324e-01 1.000000000000000056e-01
6.867469879518071707e+01 3.706121712193694018e-02 1.000000000000000056e-01
6.907630522088354041e+01 9.334566910523342531e-02 1.000000000000000056e-01
6.947791164658634955e+01 5.963332115452166793e-01 1.000000000000000056e-01
6.987951807228915868e+01 9.187442404531405149e-01 1.000000000000000056e-01
7.028112449799196781e+01 6.421862368206878724e-01 1.000000000000000056e-01
7.068273092369477695e+01 7.765960727909351213e-01 1.000000000000000056e-01
7.108433734939758608e+01 5.726296813070419489e-01 1.000000000000000056e-01
7.148594377510039521e+01 3.761828649011680348e-01 1.000000000000000056e-01
7.188755020080321856e+01 3.400422588156809534e-01 1.000000000000000056e-01
7.228915662650602769e+01 2.522218229781066356e-01 1.000000000000000056e-01
7.269076305220883683e+01 1.846725969946824419e-01 1.000000000000000056e-01
7.309236947791164596e+01 1.655978942115878261e-01 1.000000000000000056e-01
7.349397590361445509e+01 1.817735856552857854e-01 1.000000000000000056e-01
7.389558232931726423e+01 2.631633140016267358e-01 1.000000000000000056e-01
7.429718875502007336e+01 5.502754422804152501e-01 1.000000000000000056e-01
7.469879518072289670e+01 7.291727034036338262e-01 1.000000000000000056e-01
7.510040160642570584e+01 7.691601405838712768e-01 1.000000000000000056e-01
7.550200803212851497e+01 1.186781385909309483e+00 1.000000000000000056e-01
7.590361445783132410e+01 1.010705578237833357e+00 1.000000000000000056e-01
7.630522088353413324e+01 9.668388871907890314e-01 1.000000000000000056e-01
7.670682730923694237e+01 7.662116387883948221e-01 1.000000000000000056e-01
7.710843373493975150e+01 5.646034025563535508e-01 1.000000000000000056e-01
7.751004016064257485e+01 4.068353335736927257e-01 1.000000000000000056e-01
7.791164658634538398e+01 1.673030507431282343e-01 1.000000000000000056e-01
7.831325301204819311e+01 1.956108754552595419e-01 1.000000000000000056e-01
7.871485943775100225e+01 4.435913424275587102e-01 1.000000000000000056e-01
7.911646586345381138e+01 3.919802443965130778e-01 1.000000000000000056e-01
7.951807228915662051e+01 8.790515226517298109e-01 1.000000000000000056e-01
7.991967871485944386e+01 8.817096466735295790e-01 1.000000000000000056e-01
8.032128514056225299e+01 1.215500589479883153e+00 1.000000000000000056e-01
8.072289156626506212e+01 1.384123656360800370e+00 1.000000000000000056e-01
8.112449799196787126e+01 1.576821671401707592e+00 1.000000000000000056e-01
8.152610441767068039e+01 1.576159246300002259e+00 1.000000000000000056e-01
8.192771084337348952e+01 1.736502828479054905e+00 1.000000000000000056e-01
8.232931726907629866e+01 1.691703131791839620e+00 1.000000000000000056e-01
8.273092369477912200e+01 1.567916913449189931e+00 1.000000000000000056e-01
8.313253012048193114e+01 1.465929074358257811e+00 1.000000000000000056e-01
8.353413654618474027e+01 1.218393054926297125e+00 1.000000000000000056e-01
8.393574297188754940e+01 8.064390550682368763e-01 1.000000000000000056e-01
8.433734939759035854e+01 4.617710883339971595e-01 1.000000000000000056e-01
8.473895582329316767e+01 2.236628120983516765e-01 1.000000000000000056e-01
8.514056224899597680e+01 -8.157734534366994916e-02 1.000000000000000056e-01
8.554216867469880015e+01 1.265312903024716218e-01 1.000000000000000056e-01
8.594377510040160928e+01 -1.148227802761728894e-01 1.000000000000000056e-01
8.634538152610441841e+01 -6.598829416719809160e-02 1.000000000000000056e-01
8.674698795180722755e+01 -2.997149311466562605e-01 1.000000000000000056e-01
8.714859437751003668e+01 -2.696691183048381957e-01 1.000000000000000056e-01
8.755020080321284581e+01 -3.215749638689610612e-02 1.000000000000000056e-01
8.795180722891566916e+01 -3.082756139152280084e-01 1.000000000000000056e-01
8.835341365461847829e+01 -2.590234122459971200e-01 1.000000000000000056e-01
8.875502008032128742e+01 -2.318309576887923884e-01 1.000000000000000056e-01
8.915662650602409656e+01 -4.780205175434494858e-01 1.000000000000000056e-01
8.955823293172690569e+01 -7.690495917654454061e-01 1.000000000000000056e-01
8.995983935742971482e+01 -8.184021932973092328e-01 1.000000000000000056e-01
9.036144578313252396e+01 -7.796463413170925394e-01 1.000000000000000056e-01
9.076305220883534730e+01 -1.058269495864226251e+00 1.000000000000000056e-01
9.116465863453815643e+01 -9.437084032656966048e-01 1.000000000000000056e-01
9.156626506024096557e+01 -1.369617325023081422e+00 1.000000000000000056e-01
9.196787148594377470e+01 -1.078857547510234438e+00 1.000000000000000056e-01
9.236947791164658383e+01 -1.508509060901959131e+00 1.000000000000000056e-01
9.277108433734939297e+01 -1.644398962872240189e+00 1.000000000000000056e-01
9.317269076305220210e+01 -1.479721937202395532e+00 1.000000000000000056e-01
9.357429718875502545e+01 -1.742752505114627093e+00 1.000000000000000056e-01
9.397590361445783458e+01 -1.842970826911469517e+00 1.000000000000000056e-01
9.437751004016064371e+01 -1.615009012428131330e+00 1.000000000000000056e-01
9.477911646586345285e+01 -1.385304726923845431e+00 1.000000000000000056e-01
9.518072289156626198e+01 -1.388962053352011061e+00 1.000000000000000056e-01
9.558232931726907111e+01 -1.241353454762299080e+00 1.000000000000000056e-01
9.598393574297188025e+01 -1.128852699784318681e+00 1.000000000000000056e-01
9.638554216867470359e+01 -9.273981057711905285e-01 1.000000000000000056e-01
9.678714859437751272e+01 -1.014386783808637338e+00 1.000000000000000056e-01
9.718875502008032186e+01 -1.010895275492762035e+00 1.000000000000000056e-01
9.759036144578313099e+01 -1.191150041184595887e+00 1.000000000000000056e-01
9.799196787148594012e+01 -1.140723753974696386e+00 1.000000000000000056e-01
9.839357429718874926e+01 -1.171039431828896138e+00 1.000000000000000056e-01
9.879518072289157260e+01 -9.663297246110437166e-01 1.000000000000000056e-01
9.919678714859438173e+01 -6.832262656702277059e-01 1.000000000000000056e-01
9.959839357429719087e+01 -3.794093910277983595e-01 1.000000000000000056e-01
1.000000000000000000e+02 -1.114326100343814158e-01 1.000000000000000056e-01
