0.000000000000000000e+00 -3.149979133348592142e-01 1.000000000000000056e-01
4.016064257028112428e-01 -5.142076787499030854e-02 1.000000000000000056e-01
8.032128514056224855e-01 1.433024476385674484e-01 1.000000000000000056e-01
1.204819277108433617e+00 3.034334233986145657e-01 1.000000000000000056e-01
1.606425702811244971e+00 1.013139843225536518e+00 1.000000000000000056e-01
2.008032128514056325e+00 1.118668666628144459e+00 1.000000000000000056e-01
2.409638554216867234e+00 1.247967589833999025e+00 1.000000000000000056e-01
2.811244979919678588e+00 1.707842693749348717e+00 1.000000000000000056e-01
3.212851405622489942e+00 1.365917369900815137e+00 1.000000000000000056e-01
3.614457831325301296e+00 9.289625239914318655e-01 1.000000000000000056e-01
4.016064257028112650e+00 1.049705713258193729e+00 1.000000000000000056e-01
4.417670682730923559e+00 4.271955729260957790e-01 1.000000000000000056e-01
4.819277108433734469e+00 5.515297449522320594e-01 1.000000000000000056e-01
5.220883534136546267e+00 7.406051712459039704e-01 1.000000000000000056e-01
5.622489959839357176e+00 6.015753362047172592e-01 1.000000000000000056e-01
6.024096385542168974e+00 8.217762707079416806e-01 1.000000000000000056e-01
6.425702811244979884e+00 5.558292682206786850e-01 1.000000000000000056e-01
6.827309236947790794e+00 3.664692321442983847e-01 1.000000000000000056e-01
7.228915662650602592e+00 1.082591559771885203e-01 1.000000000000000056e-01
7.630522088353413501e+00 1.825055450040176663e-01 1.000000000000000056e-01
8.032128514056225299e+00 -3.026973050259656461e-01 1.000000000000000056e-01
8.433734939759036209e+00 -2.141697153750478089e-01 1.000000000000000056e-01
8.835341365461847118e+00 -6.067409899480894486e-01 1.000000000000000056e-01
9.236947791164658028e+00 -8.125283902739167674e-01 1.000000000000000056e-01
9.638554216867468938e+00 -1.487855372567803647e+00 1.000000000000000056e-01
1.004016064257028162e+01 -1.938561217786638924e+00 1.000000000000000056e-01
1.044176706827309253e+01 -2.604003063901263459e+00 1.000000000000000056e-01
1.084337349397590344e+01 -2.732972413377337428e+00 1.000000000000000056e-01
1.124497991967871435e+01 -2.600351485390086204e+00 1.000000000000000056e-01
1.164658634538152526e+01 -2.525356894437338351e+00 1.000000000000000056e-01
1.204819277108433795e+01 -1.910774920979046998e+00 1.000000000000000056e-01
1.244979919678714886e+01 -1.751860403209192452e+00 1.000000000000000056e-01
1.285140562248995977e+01 -1.632751025983465887e+00 1.000000000000000056e-01
1.325301204819277068e+01 -1.211397314442249185e+00 1.000000000000000056e-01
1.365461847389558159e+01 -1.029984039223826420e+00 1.000000000000000056e-01
1.405622489959839427e+01 -6.664124958806856291e-01 1.000000000000000056e-01
1.445783132530120518e+01 -6.437213025447962034e-01 1.000000000000000056e-01
1.485943775100401609e+01 -3.003503594325195314e-01 1.000000000000000056e-01
1.526104417670682700e+01 1.919630206157420249e-02 1.000000000000000056e-01
1.566265060240963791e+01 1.742105929558211141e-01 1.000000000000000056e-01
1.606425702811245060e+01 3.537003402292102638e-01 1.000000000000000056e-01
1.646586345381525973e+01 6.435597906747557717e-01 1.000000000000000056e-01
1.686746987951807242e+01 1.143884385087163613e+00 1.000000000000000056e-01
1.726907630522088510e+01 1.395306971406050867e+00 1.000000000000000056e-01
1.767068273092369424e+01 1.764206686390406009e+00 1.000000000000000056e-01
1.807228915662650692e+01 1.732916719428958530e+00 1.000000000000000056e-01
1.847389558232931606e+01 1.327789425458191674e+00 1.000000000000000056e-01
1.887550200803212874e+01 7.856984215035662800e-01 1.000000000000000056e-01
1.927710843373493788e+01 -5.637027328431306467e-02 1.000000000000000056e-01
1.967871485943775056e+01 -7.168600719452578041e-01 1.000000000000000056e-01
2.008032128514056325e+01 -1.223522314086628038e+00 1.000000000000000056e-01
2.048192771084337238e+01 -1.718373307859271559e+00 1.000000000000000056e-01
2.088353413654618507e+01 -1.573453950594279949e+00 1.000000000000000056e-01
2.128514056224899420e+01 -1.661582634764325661e+00 1.000000000000000056e-01
2.168674698795180689e+01 -1.152054917473887885e+00 1.000000000000000056e-01
2.208835341365461957e+01 -6.388583405075095589e-01 1.000000000000000056e-01
2.248995983935742871e+01 -2.289544455064261297e-01 1.000000000000000056e-01
2.289156626506024139e+01 1.182450184962694495e-01 1.000000000000000056e-01
2.329317269076305053e+01 6.397957534996970841e-01 1.000000000000000056e-01
2.369477911646586321e+01 7.880680487016145097e-01 1.000000000000000056e-01
2.409638554216867590e+01 8.890747244654320092e-01 1.000000000000000056e-01
2.449799196787148503e+01 4.206134067898624762e-01 1.000000000000000056e-01
2.489959839357429772e+01 3.235151377599403411e-01 1.000000000000000056e-01
2.530120481927710685e+01 7.359728579438370999e-02 1.000000000000000056e-01
2.570281124497991954e+01 5.917791339058743605e-02 1.000000000000000056e-01
2.610441767068273222e+01 2.962968499799342736e-02 1.000000000000000056e-01
2.650602409638554136e+01 4.121899162176094755e-01 1.000000000000000056e-01
2.690763052208835404e+01 5.817476366350664563e-01 1.000000000000000056e-01
2.730923694779116317e+01 1.087210413025320843e+00 1.000000000000000056e-01
2.771084337349397586e+01 1.272193731128580474e+00 1.000000000000000056e-01
2.811244979919678855e+01 1.315528808600217481e+00 1.000000000000000056e-01
2.851405622489959768e+01 9.002839597863347976e-01 1.000000000000000056e-01
2.891566265060241037e+01 3.288517210703215121e-01 1.000000000000000056e-01
2.931726907630521950e+01 -1.313092464478334831e-01 1.000000000000000056e-01
2.971887550200803219e+01 -9.491617342965280590e-02 1.000000000000000056e-01
3.012048192771084487e+01 -5.028592020855068290e-01 1.000000000000000056e-01
3.052208835341365400e+01 -7.967575388773404654e-01 1.000000000000000056e-01
3.092369477911646669e+01 -9.810208505080385555e-01 1.000000000000000056e-01
3.132530120481927582e+01 -1.331741994438031540e+00 1.000000000000000056e-01
3.172690763052208851e+01 -9.968278958755645291e-01 1.000000000000000056e-01
3.212851405622490120e+01 -1.500294758617591651e+00 1.000000000000000056e-01
3.253012048192771033e+01 -1.375412431494583476e+00 1.000000000000000056e-01
3.293172690763051946e+01 -1.241578828683837621e+00 1.000000000000000056e-01
3.333333333333333570e+01 -1.292613714076686682e+00 1.000000000000000056e-01
3.373493975903614484e+01 -9.350591558273942949e-01 1.000000000000000056e-01
3.413654618473895397e+01 -8.545449980562120906e-01 1.000000000000000056e-01
3.453815261044177021e+01 -4.765333907579224482e-01 1.000000000000000056e-01
3.493975903614457934e+01 -1.281612157401895158e-01 1.000000000000000056e-01
3.534136546184738847e+01 -1.748234532984532449e-02 1.000000000000000056e-01
3.574297188755019761e+01 1.166730446027715862e-01 1.000000000000000056e-01
3.614457831325301385e+01 2.395629304845355856e-01 1.000000000000000056e-01
3.654618473895582298e+01 1.475856905567397848e-01 1.000000000000000056e-01
3.694779116465863211e+01 3.231683774555723088e-01 1.000000000000000056e-01
3.734939759036144835e+01 3.872952084901100100e-01 1.000000000000000056e-01
3.775100401606425748e+01 6.925742359250719460e-02 1.000000000000000056e-01
3.815261044176706662e+01 -1.985280387739888630e-01 1.000000000000000056e-01
3.855421686746987575e+01 -6.005474082024139237e-01 1.000000000000000056e-01
3.895582329317269199e+01 -9.550746312936686522e-01 1.000000000000000056e-01
3.935742971887550112e+01 -1.748176010682572779e+00 1.000000000000000056e-01
3.975903614457831026e+01 -1.954741691513840030e+00 1.000000000000000056e-01
4.016064257028112650e+01 -2.571332342461184695e+00 1.000000000000000056e-01
4.056224899598393563e+01 -2.590832618389069975e+00 1.000000000000000056e-01
4.096385542168674476e+01 -2.288842918014264427e+00 1.000000000000000056e-01
4.136546184738956100e+01 -1.914216562098609131e+00 1.000000000000000056e-01
4.176706827309237013e+01 -1.380582032455699215e+00 1.000000000000000056e-01
4.216867469879517927e+01 -7.432386556751765516e-01 1.000000000000000056e-01
4.257028112449798840e+01 -3.923379935711941435e-01 1.000000000000000056e-01
4.297188755020080464e+01 7.904003237762480261e-02 1.000000000000000056e-01
4.337349397590361377e+01 6.194629121455661469e-01 1.000000000000000056e-01
4.377510040160642291e+01 1.218393283757726042e+00 1.000000000000000056e-01
4.417670682730923915e+01 1.607254389256580485e+00 1.000000000000000056e-01
4.457831325301204828e+01 1.817282890801870110e+00 1.000000000000000056e-01
4.497991967871485741e+01 2.125807210923084778e+00 1.000000000000000056e-01
4.538152610441767365e+01 2.121969847981441060e+00 1.000000000000000056e-01
4.578313253012048278e+01 1.725269639689288814e+00 1.000000000000000056e-01
4.618473895582329192e+01 1.234265171043112508e+00 1.000000000000000056e-01
4.658634538152610105e+01 7.736971725874584038e-01 1.000000000000000056e-01
4.698795180722891729e+01 3.427311506611423475e-01 1.000000000000000056e-01
4.738955823293172642e+01 -5.756002506577975741e-02 1.000000000000000056e-01
4.779116465863453556e+01 -2.763218983084467228e-01 1.000000000000000056e-01
4.819277108433735179e+01 -3.505637943345225049e-01 1.000000000000000056e-01
4.859437751004016093e+01 -4.312925216526037886e-01 1.000000000000000056e-01
4.899598393574297006e+01 -5.495365999390873224e-01 1.000000000000000056e-01
4.939759036144578630e+01 -1.104281372973883624e+00 1.000000000000000056e-01
4.979919678714859543e+01 -8.038334445710226817e-01 1.000000000000000056e-01
5.020080321285140457e+01 -1.256293108682401627e+00 1.000000000000000056e-01
5.060240963855421370e+01 -1.014451648750287482e+00 1.000000000000000056e-01
5.100401606425702994e+01 -8.425393561676481902e-01 1.000000000000000056e-01
5.140562248995983907e+01 -5.421059668428132028e-01 1.000000000000000056e-01
5.180722891566264821e+01 2.661960177515615422e-01 1.000000000000000056e-01
5.220883534136546444e+01 8.146191604478268955e-01 1.000000000000000056e-01
5.261044176706827358e+01 1.017602370796703459e+00 1.000000000000000056e-01
5.301204819277108271e+01 1.226003429314539206e+00 1.000000000000000056e-01
5.341365461847389184e+01 1.378614086157203822e+00 1.000000000000000056e-01
5.381526104417670808e+01 1.571178142419751067e+00 1.000000000000000056e-01
5.421686746987951722e+01 1.633425893253285022e+00 1.000000000000000056e-01
5.461847389558232635e+01 1.749899480379113470e+00 1.000000000000000056e-01
5.502008032128514259e+01 2.050785366991536574e+00 1.000000000000000056e-01
5.542168674698795172e+01 1.895625729061357401e+00 1.000000000000000056e-01
5.582329317269076085e+01 1.961083071641826159e+00 1.000000000000000056e-01
5.622489959839357709e+01 1.984616261820754124e+00 1.000000000000000056e-01
5.662650602409638623e+01 1.853528029782918862e+00 1.000000000000000056e-01
5.702811244979919536e+01 1.791046261428567155e+00 1.000000000000000056e-01
5.742971887550200449e+01 1.904007897585520359e+00 1.000000000000000056e-01
5.783132530120482073e+01 1.654783844170950591e+00 1.000000000000000056e-01
5.823293172690762987e+01 1.368600226791597096e+00 1.000000000000000056e-01
5.863453815261043900e+01 1.265590734998687905e+00 1.000000000000000056e-01
5.903614457831325524e+01 9.749958643557709026e-01 1.000000000000000056e-01
5.943775100401606437e+01 7.421254043999433447e-01 1.000000000000000056e-01
5.983935742971887350e+01 1.032305607767046718e+00 1.000000000000000056e-01
6.024096385542168974e+01 1.315767667428944909e+00 1.000000000000000056e-01
6.064257028112449888e+01 1.567473131737292968e+00 1.000000000000000056e-01
6.104417670682730801e+01 1.904915562351899849e+00 1.000000000000000056e-01
6.144578313253011714e+01 2.585528446518951196e+00 1.000000000000000056e-01
6.184738955823293338e+01 2.824987342464414297e+00 1.000000000000000056e-01
6.224899598393574252e+01 2.861545240005094470e+00 1.000000000000000056e-01
6.265060240963855165e+01 2.816334151506397099e+00 1.000000000000000056e-01
6.305220883534136789e+01 2.585803772774228015e+00 1.000000000000000056e-01
6.345381526104417702e+01 2.554148003646726117e+00 1.000000000000000056e-01
6.385542168674698615e+01 2.260382443061228486e+00 1.000000000000000056e-01
6.425702811244980239e+01 2.217025056884432743e+00 1.000000000000000056e-01
6.465863453815261153e+01 1.665753616369045176e+00 1.000000000000000056e-01
6.506024096385542066e+01 1.244342863297934754e+00 1.000000000000000056e-01
6.546184738955822979e+01 1.019470282665601246e+00 1.000000000000000056e-01
6.586345381526103893e+01 4.650984330651463106e-01 1.000000000000000056e-01
6.626506024096384806e+01 -5.673327358520759145e-02 1.000000000000000056e-01
6.666666666666667140e+01 -9.286454255303634719e-02 1.000000000000000056e-01
6.706827309236948054e+01 -3.863309564279604480e-02 1.000000000000000056e-01
6.746987951807228967e+01 -3.624425379225664212e-01 1.000000000000000056e-01
6.787148594377509880e+01 -1.680451217121119445e-01 1.000000000000000056e-01
6.827309236947790794e+01 -2.489739133055185460e-01 1.000000000000000056e-01
6.867469879518071707e+01 1.291398557599081343e-02 1.000000000000000056e-01
6.907630522088354041e+01 8.839457519946082587e-02 1.000000000000000056e-01
6.947791164658634955e+01 2.847012509072376352e-01 1.000000000000000056e-01
6.987951807228915868e+01 1.983802543050827982e-01 1.000000000000000056e-01
7.028112449799196781e+01 2.634770966687390858e-01 1.000000000000000056e-01
7.068273092369477695e+01 2.103230355762191472e-01 1.000000000000000056e-01
7.108433734939758608e+01 6.214268363364451320e-01 1.000000000000000056e-01
7.148594377510039521e+01 1.129163637718069158e+00 1.000000000000000056e-01
7.188755020080321856e+01 1.503254554387195352e+00 1.000000000000000056e-01
7.228915662650602769e+01 1.352301739138602077e+00 1.000000000000000056e-01
7.269076305220883683e+01 1.312927800956147584e+00 1.000000000000000056e-01
7.309236947791164596e+01 1.109439606379401200e+00 1.000000000000000056e-01
7.349397590361445509e+01 6.313891245392591056e-01 1.000000000000000056e-01
7.389558232931726423e+01 5.246167368146337218e-01 1.000000000000000056e-01
7.429718875502007336e+01 2.732484972016067104e-01 1.000000000000000056e-01
7.469879518072289670e+01 -4.100547634371095596e-01 1.000000000000000056e-01
7.510040160642570584e+01 -6.773591770908538034e-01 1.000000000000000056e-01
7.550200803212851497e+01 -9.502966796148043516e-01 1.000000000000000056e-01
7.590361445783132410e+01 -8.129450803796089975e-01 1.000000000000000056e-01
7.630522088353413324e+01 -7.780742414192556300e-01 1.000000000000000056e-01
7.670682730923694237e+01 -9.697689236198945295e-01 1.000000000000000056e-01
7.710843373493975150e+01 -1.149378014765424005e+00 1.000000000000000056e-01
7.751004016064257485e+01 -1.454069520187720288e+00 1.000000000000000056e-01
7.791164658634538398e+01 -1.521572702581684311e+00 1.000000000000000056e-01
7.831325301204819311e+01 -1.780301335649620231e+00 1.000000000000000056e-01
7.871485943775100225e+01 -1.843227359395894105e+00 1.000000000000000056e-01
7.911646586345381138e+01 -1.867661003643031448e+00 1.000000000000000056e-01
7.951807228915662051e+01 -1.686909911565058762e+00 1.000000000000000056e-01
7.991967871485944386e+01 -1.681808859591017447e+00 1.000000000000000056e-01
8.032128514056225299e+01 -1.104898888893379949e+00 1.000000000000000056e-01
8.072289156626506212e+01 -6.173476134622404299e-01 1.000000000000000056e-01
8.112449799196787126e+01 -6.900496488531693284e-03 1.000000000000000056e-01
8.152610441767068039e+01 3.110728301937445428e-01 1.000000000000000056e-01
8.192771084337348952e+01 8.794329541614877011e-01 1.000000000000000056e-01
8.232931726907629866e+01 8.726134035339581096e-01 1.000000000000000056e-01
8.273092369477912200e+01 6.592216166594421223e-01 1.000000000000000056e-01
8.313253012048193114e+01 2.262776416352562658e-01 1.000000000000000056e-01
8.353413654618474027e+01 -3.365878185824272006e-01 1.000000000000000056e-01
8.393574297188754940e+01 -9.494545971153014463e-01 1.000000000000000056e-01
8.433734939759035854e+01 -1.457498425687064447e+00 1.000000000000000056e-01
8.473895582329316767e+01 -1.395163166424993273e+00 1.000000000000000056e-01
8.514056224899597680e+01 -1.267946838120858954e+00 1.000000000000000056e-01
8.554216867469880015e+01 -8.068749341159195954e-01 1.000000000000000056e-01
8.594377510040160928e+01 -4.812684060972585165e-01 1.000000000000000056e-01
8.634538152610441841e+01 9.752208343330236173e-02 1.000000000000000056e-01
8.674698795180722755e+01 1.940834071088156643e-01 1.000000000000000056e-01
8.714859437751003668e+01 4.544043497526810693e-01 1.000000000000000056e-01
8.755020080321284581e+01 6.114368582063335333e-01 1.000000000000000056e-01
8.795180722891566916e+01 1.007712574530333915e+00 1.000000000000000056e-01
8.835341365461847829e+01 1.413401389291150112e+00 1.000000000000000056e-01
8.875502008032128742e+01 1.461496101041645845e+00 1.000000000000000056e-01
8.915662650602409656e+01 1.672686061819063541e+00 1.000000000000000056e-01
8.955823293172690569e+01 1.688609284138194333e+00 1.000000000000000056e-01
8.995983935742971482e+01 1.691049494214880156e+00 1.000000000000000056e-01
9.036144578313252396e+01 1.106022110601102337e+00 1.000000000000000056e-01
9.076305220883534730e+01 8.542924674216121339e-01 1.000000000000000056e-01
9.116465863453815643e+01 4.726154305324919425e-01 1.000000000000000056e-01
9.156626506024096557e+01 -1.878814383279308886e-01 1.000000000000000056e-01
9.196787148594377470e+01 -5.146693802818244068e-01 1.000000000000000056e-01
9.236947791164658383e+01 -9.240508749802794908e-01 1.000000000000000056e-01
9.277108433734939297e+01 -9.908038742591434023e-01 1.000000000000000056e-01
9.317269076305220210e+01 -1.269351078454373560e+00 1.000000000000000056e-01
9.357429718875502545e+01 -1.285337758208886294e+00 1.000000000000000056e-01
9.397590361445783458e+01 -1.061293787267622246e+00 1.000000000000000056e-01
9.437751004016064371e+01 -5.280946936092757449e-01 1.000000000000000056e-01
9.477911646586345285e+01 2.135140567698842057e-02 1.000000000000000056e-01
9.518072289156626198e+01 5.697728143683844504e-01 1.000000000000000056e-01
9.558232931726907111e+01 1.030405774934289420e+00 1.000000000000000056e-01
9.598393574297188025e+01 1.021983157659168029e+00 1.000000000000000056e-01
9.638554216867470359e+01 1.136019828837190104e+00 1.000000000000000056e-01
9.678714859437751272e+01 7.503547623614290618e-01 1.000000000000000056e-01
9.718875502008032186e+01 8.828211379231577505e-01 1.000000000000000056e-01
9.759036144578313099e+01 3.527486785488712639e-01 1.000000000000000056e-01
9.799196787148594012e+01 5.197381817985859964e-01 1.000000000000000056e-01
9.839357429718874926e+01 3.383054562222996275e-01 1.000000000000000056e-01
9.879518072289157260e+01 1.204923330784696545e-01 1.000000000000000056e-01
9.919678714859438173e+01 9.202648163586227281e-02 1.000000000000000056e-01
9.959839357429719087e+01 -4.442617382386252478e-01 1.000000000000000056e-01
1.000000000000000000e+02 -8.712761477555356349e-01 1.000000000000000056e-01
