0.000000000000000000e+00 -6.224894941181549068e-01 1.000000000000000056e-01
4.016064257028112428e-01 -3.458147497869137332e-01 1.000000000000000056e-01
8.032128514056224855e-01 -5.320536492283006041e-02 1.000000000000000056e-01
1.204819277108433617e+00 4.502479061607919664e-01 1.000000000000000056e-01
1.606425702811244971e+00 8.990278273982572621e-01 1.000000000000000056e-01
2.008032128514056325e+00 1.091067538619697741e+00 1.000000000000000056e-01
2.409638554216867234e+00 1.135469933029065848e+00 1.000000000000000056e-01
2.811244979919678588e+00 7.011178684755803303e-01 1.000000000000000056e-01
3.212851405622489942e+00 7.500607344365365359e-01 1.000000000000000056e-01
3.614457831325301296e+00 6.113647594512514605e-01 1.000000000000000056e-01
4.016064257028112650e+00 9.155110464334234033e-01 1.000000000000000056e-01
4.417670682730923559e+00 1.419073817423830430e+00 1.000000000000000056e-01
4.819277108433734469e+00 1.944434443379511102e+00 1.000000000000000056e-01
5.220883534136546267e+00 2.339999300585803077e+00 1.000000000000000056e-01
5.622489959839357176e+00 2.293981720353832188e+00 1.000000000000000056e-01
6.024096385542168974e+00 2.312824941754283437e+00 1.000000000000000056e-01
6.425702811244979884e+00 2.197602086077133698e+00 1.000000000000000056e-01
6.827309236947790794e+00 2.410792987947598665e+00 1.000000000000000056e-01
7.228915662650602592e+00 2.765584365539750067e+00 1.000000000000000056e-01
7.630522088353413501e+00 2.596154008753829956e+00 1.000000000000000056e-01
8.032128514056225299e+00 2.146394617124372406e+00 1.000000000000000056e-01
8.433734939759036209e+00 1.511668565093468919e+00 1.000000000000000056e-01
8.835341365461847118e+00 7.777509991655333632e-01 1.000000000000000056e-01
9.236947791164658028e+00 9.576224300108510112e-02 1.000000000000000056e-01
9.638554216867468938e+00 -6.087959612761499884e-01 1.000000000000000056e-01
1.004016064257028162e+01 -6.489575819993176342e-01 1.000000000000000056e-01
1.044176706827309253e+01 -2.647826557639360034e-01 1.000000000000000056e-01
1.084337349397590344e+01 -3.179852746535711816e-01 1.000000000000000056e-01
1.124497991967871435e+01 4.756129754582905100e-02 1.000000000000000056e-01
1.164658634538152526e+01 -4.882934764484447854e-01 1.000000000000000056e-01
1.204819277108433795e+01 -6.964204886571686570e-01 1.000000000000000056e-01
1.244979919678714886e+01 -9.509597667035371016e-01 1.000000000000000056e-01
1.285140562248995977e+01 -8.238086281021003154e-01 1.000000000000000056e-01
1.325301204819277068e+01 -5.002055916993511930e-01 1.000000000000000056e-01
1.365461847389558159e+01 -1.101633608983157014e-01 1.000000000000000056e-01
1.405622489959839427e+01 6.213366246743845522e-01 1.000000000000000056e-01
1.445783132530120518e+01 1.315958399638408327e+00 1.000000000000000056e-01
1.485943775100401609e+01 1.712489787954849740e+00 1.000000000000000056e-01
1.526104417670682700e+01 1.624156296618188833e+00 1.000000000000000056e-01
1.566265060240963791e+01 1.165859171662232407e+00 1.000000000000000056e-01
1.606425702811245060e+01 8.997355072508332607e-02 1.000000000000000056e-01
1.646586345381525973e+01 -1.153470065704512715e+00 1.000000000000000056e-01
1.686746987951807242e+01 -2.126005642360547121e+00 1.000000000000000056e-01
1.726907630522088510e+01 -2.650223529548225265e+00 1.000000000000000056e-01
1.767068273092369424e+01 -2.700932568904832909e+00 1.000000000000000056e-01
1.807228915662650692e+01 -2.540310720614501250e+00 1.000000000000000056e-01
1.847389558232931606e+01 -2.965573083326057624e+00 1.000000000000000056e-01
1.887550200803212874e+01 -2.754735205773193307e+00 1.000000000000000056e-01
1.927710843373493788e+01 -2.313261119587971315e+00 1.000000000000000056e-01
1.967871485943775056e+01 -1.610138141408255619e+00 1.000000000000000056e-01
2.008032128514056325e+01 -1.103229459505054466e+00 1.000000000000000056e-01
2.048192771084337238e+01 -8.279345393387514962e-01 1.000000000000000056e-01
2.088353413654618507e+01 -6.724210617248963517e-01 1.000000000000000056e-01
2.128514056224899420e+01 -9.724448683665279924e-01 1.000000000000000056e-01
2.168674698795180689e+01 -6.353633951785081502e-01 1.000000000000000056e-01
2.208835341365461957e+01 -3.843149156422968060e-01 1.000000000000000056e-01
2.248995983935742871e+01 -1.267397216447280206e-03 1.000000000000000056e-01
2.289156626506024139e+01 1.480200469379617800e-01 1.000000000000000056e-01
2.329317269076305053e+01 -7.781918625826669267e-01 1.000000000000000056e-01
2.369477911646586321e+01 -1.590582891343226057e+00 1.000000000000000056e-01
2.409638554216867590e+01 -1.709648257657271353e+00 1.000000000000000056e-01
2.449799196787148503e+01 -1.369283793304616026e+00 1.000000000000000056e-01
2.489959839357429772e+01 -9.476773049805956584e-01 1.000000000000000056e-01
2.530120481927710685e+01 -7.678774282751832381e-01 1.000000000000000056e-01
2.570281124497991954e+01 -5.336559942576650784e-01 1.000000000000000056e-01
2.610441767068273222e+01 -4.988555919107220404e-01 1.000000000000000056e-01
2.650602409638554136e+01 -3.561155249819428770e-01 1.000000000000000056e-01
2.690763052208835404e+01 -6.089327025625144163e-01 1.000000000000000056e-01
2.730923694779116317e+01 -4.709062799037199154e-01 1.000000000000000056e-01
2.771084337349397586e+01 -8.659530102988020894e-02 1.000000000000000056e-01
2.811244979919678855e+01 4.676196682765974000e-01 1.000000000000000056e-01
2.851405622489959768e+01 8.071485912429257059e-01 1.000000000000000056e-01
2.891566265060241037e+01 9.573298883318396291e-01 1.000000000000000056e-01
2.931726907630521950e+01 8.598883284891185586e-01 1.000000000000000056e-01
2.971887550200803219e+01 5.468336626649029641e-01 1.000000000000000056e-01
3.012048192771084487e+01 1.728722703077857636e-01 1.000000000000000056e-01
3.052208835341365400e+01 -1.604711272023794932e-01 1.000000000000000056e-01
3.092369477911646669e+01 -5.812832529098669321e-01 1.000000000000000056e-01
3.132530120481927582e+01 -1.157250276393967603e+00 1.000000000000000056e-01
3.172690763052208851e+01 -1.878257751174361889e+00 1.000000000000000056e-01
3.212851405622490120e+01 -1.796886632133340544e+00 1.000000000000000056e-01
3.253012048192771033e+01 -1.538837040664847722e+00 1.000000000000000056e-01
3.293172690763051946e+01 -1.141696997024611804e+00 1.000000000000000056e-01
3.333333333333333570e+01 -1.161059004684288354e+00 1.000000000000000056e-01
3.373493975903614484e+01 -1.370411832209116332e+00 1.000000000000000056e-01
3.413654618473895397e+01 -1.522315435897270364e+00 1.000000000000000056e-01
3.453815261044177021e+01 -1.574432145465345378e+00 1.000000000000000056e-01
3.493975903614457934e+01 -1.635983930302805645e+00 1.000000000000000056e-01
3.534136546184738847e+01 -1.461360452362037377e+00 1.000000000000000056e-01
3.574297188755019761e+01 -1.292194941709718936e+00 1.000000000000000056e-01
3.614457831325301385e+01 -9.333574444468106801e-01 1.000000000000000056e-01
3.654618473895582298e+01 -5.748865034891610382e-01 1.000000000000000056e-01
3.694779116465863211e+01 -3.377981065122072080e-01 1.000000000000000056e-01
3.734939759036144835e+01 5.203753960081922147e-02 1.000000000000000056e-01
3.775100401606425748e+01 1.575092058039218867e-01 1.000000000000000056e-01
3.815261044176706662e+01 5.028302756060647472e-01 1.000000000000000056e-01
3.855421686746987575e+01 6.467856834020923040e-01 1.000000000000000056e-01
3.895582329317269199e+01 8.261575173359312352e-01 1.000000000000000056e-01
3.935742971887550112e+01 8.115016198209645815e-01 1.000000000000000056e-01
3.975903614457831026e+01 1.021753754684516124e+00 1.000000000000000056e-01
4.016064257028112650e+01 6.740240621714033153e-01 1.000000000000000056e-01
4.056224899598393563e+01 7.388937520379722512e-01 1.000000000000000056e-01
4.096385542168674476e+01 2.806014890018894148e-01 1.000000000000000056e-01
4.136546184738956100e+01 -7.640369882539623791e-01 1.000000000000000056e-01
4.176706827309237013e+01 -1.352807441765590202e+00 1.000000000000000056e-01
4.216867469879517927e+01 -1.389614546327984090e+00 1.000000000000000056e-01
4.257028112449798840e+01 -1.043838692199457796e+00 1.000000000000000056e-01
4.297188755020080464e+01 -3.393273871980805323e-01 1.000000000000000056e-01
4.337349397590361377e+01 2.802503228400154978e-01 1.000000000000000056e-01
4.377510040160642291e+01 8.722572458345291546e-02 1.000000000000000056e-01
4.417670682730923915e+01 -4.887660589708235914e-01 1.000000000000000056e-01
4.457831325301204828e+01 -1.000253006480828377e+00 1.000000000000000056e-01
4.497991967871485741e+01 -8.543269458470937883e-01 1.000000000000000056e-01
4.538152610441767365e+01 -3.738816917025322706e-01 1.000000000000000056e-01
4.578313253012048278e+01 -1.627262700314131838e-01 1.000000000000000056e-01
4.618473895582329192e+01 -1.701146396696634477e-01 1.000000000000000056e-01
4.658634538152610105e+01 -1.270153610726963977e-01 1.000000000000000056e-01
4.698795180722891729e+01 2.419251863050500273e-01 1.000000000000000056e-01
4.738955823293172642e+01 9.436884180487444818e-01 1.000000000000000056e-01
4.779116465863453556e+01 1.149293245452165602e+00 1.000000000000000056e-01
4.819277108433735179e+01 9.405707474838190807e-01 1.000000000000000056e-01
4.859437751004016093e+01 9.177995802438981832e-01 1.000000000000000056e-01
4.899598393574297006e+01 2.018497943126926208e-01 1.000000000000000056e-01
4.939759036144578630e+01 -5.602607451547939599e-01 1.000000000000000056e-01
4.979919678714859543e+01 -1.159479251304506020e+00 1.000000000000000056e-01
5.020080321285140457e+01 -1.884508206819071940e+00 1.000000000000000056e-01
5.060240963855421370e+01 -2.026896972659520291e+00 1.000000000000000056e-01
5.100401606425702994e+01 -1.999617852343615443e+00 1.000000000000000056e-01
5.140562248995983907e+01 -2.070482619920125611e+00 1.000000000000000056e-01
5.180722891566264821e+01 -2.115138968543542219e+00 1.000000000000000056e-01
5.220883534136546444e+01 -2.034223588257755733e+00 1.000000000000000056e-01
5.261044176706827358e+01 -2.062088747211679340e+00 1.000000000000000056e-01
5.301204819277108271e+01 -2.327526592829566532e+00 1.000000000000000056e-01
5.341365461847389184e+01 -2.699119454455088718e+00 1.000000000000000056e-01
5.381526104417670808e+01 -2.550737780191865589e+00 1.000000000000000056e-01
5.421686746987951722e+01 -2.313363163945835854e+00 1.000000000000000056e-01
5.461847389558232635e+01 -1.273597071033994776e+00 1.000000000000000056e-01
5.502008032128514259e+01 -1.417413134473820557e-01 1.000000000000000056e-01
5.542168674698795172e+01 2.992379584045606888e-01 1.000000000000000056e-01
5.582329317269076085e+01 4.546875010148972440e-01 1.000000000000000056e-01
5.622489959839357709e+01 1.003837347372981831e-01 1.000000000000000056e-01
5.662650602409638623e+01 -1.914013188959188261e-01 1.000000000000000056e-01
5.702811244979919536e+01 -3.239260721931208620e-01 1.000000000000000056e-01
5.742971887550200449e+01 -4.376127347404429324e-01 1.000000000000000056e-01
5.783132530120482073e+01 -2.815687376726612179e-01 1.000000000000000056e-01
5.823293172690762987e+01 7.796072085659799811e-03 1.000000000000000056e-01
5.863453815261043900e+01 6.573099359619398729e-01 1.000000000000000056e-01
5.903614457831325524e+01 1.004249736854491371e+00 1.000000000000000056e-01
5.943775100401606437e+01 1.015095496552537613e+00 1.000000000000000056e-01
5.983935742971887350e+01 1.068164934982174019e+00 1.000000000000000056e-01
6.024096385542168974e+01 5.486265826406371282e-01 1.000000000000000056e-01
6.064257028112449888e+01 2.645753121462206259e-02 1.000000000000000056e-01
6.104417670682730801e+01 -1.452672387408016075e-01 1.000000000000000056e-01
6.144578313253011714e+01 -2.171194855891731001e-02 1.000000000000000056e-01
6.184738955823293338e+01 -1.916278970078901245e-01 1.000000000000000056e-01
6.224899598393574252e+01 -2.884765825030455311e-01 1.000000000000000056e-01
6.265060240963855165e+01 -5.771081788917357125e-01 1.000000000000000056e-01
6.305220883534136789e+01 -9.390445260608374367e-01 1.000000000000000056e-01
6.345381526104417702e+01 -1.508931549767430269e+00 1.000000000000000056e-01
6.385542168674698615e+01 -1.583443383605120491e+00 1.000000000000000056e-01
6.425702811244980239e+01 -1.369195993450809556e+00 1.000000000000000056e-01
6.465863453815261153e+01 -9.920019735792200422e-01 1.000000000000000056e-01
6.506024096385542066e+01 -4.982996235409969943e-01 1.000000000000000056e-01
6.546184738955822979e+01 6.498642862231866768e-02 1.000000000000000056e-01
6.586345381526103893e+01 3.769678790557380310e-01 1.000000000000000056e-01
6.626506024096384806e+01 2.848415955251484277e-01 1.000000000000000056e-01
6.666666666666667140e+01 1.010929621997967293e-01 1.000000000000000056e-01
6.706827309236948054e+01 -7.090651581234166945e-02 1.000000000000000056e-01
6.746987951807228967e+01 5.505974548356737941e-01 1.000000000000000056e-01
6.787148594377509880e+01 8.615703986621708887e-01 1.000000000000000056e-01
6.827309236947790794e+01 1.736093379939015691e+00 1.000000000000000056e-01
6.867469879518071707e+01 2.273960833874881793e+00 1.000000000000000056e-01
6.907630522088354041e+01 2.008998550038029851e+00 1.000000000000000056e-01
6.947791164658634955e+01 1.594634043145917168e+00 1.000000000000000056e-01
6.987951807228915868e+01 4.049321508877190556e-01 1.000000000000000056e-01
7.028112449799196781e+01 -2.679089991965489803e-01 1.000000000000000056e-01
7.068273092369477695e+01 -6.546138697789544159e-01 1.000000000000000056e-01
7.108433734939758608e+01 -9.578296924924024625e-01 1.000000000000000056e-01
7.148594377510039521e+01 -9.430715486684076998e-01 1.000000000000000056e-01
7.188755020080321856e+01 -7.562443872521676935e-01 1.000000000000000056e-01
7.228915662650602769e+01 -5.116725468456462256e-01 1.000000000000000056e-01
7.269076305220883683e+01 5.291943434525359091e-02 1.000000000000000056e-01
7.309236947791164596e+01 1.541181934604312354e-01 1.000000000000000056e-01
7.349397590361445509e+01 -6.688712362843127202e-02 1.000000000000000056e-01
7.389558232931726423e+01 -3.006374693879771964e-01 1.000000000000000056e-01
7.429718875502007336e+01 -4.798392463868381697e-01 1.000000000000000056e-01
7.469879518072289670e+01 -7.573855910164064564e-01 1.000000000000000056e-01
7.510040160642570584e+01 -9.123555283017730222e-01 1.000000000000000056e-01
7.550200803212851497e+01 -1.314356143212373373e+00 1.000000000000000056e-01
7.590361445783132410e+01 -1.223440883388339451e+00 1.000000000000000056e-01
7.630522088353413324e+01 -1.280513778959337490e+00 1.000000000000000056e-01
7.670682730923694237e+01 -8.708708928410574535e-01 1.000000000000000056e-01
7.710843373493975150e+01 -9.346869324191324768e-01 1.000000000000000056e-01
7.751004016064257485e+01 -1.219646863965091477e+00 1.000000000000000056e-01
7.791164658634538398e+01 -1.212961381215895029e+00 1.000000000000000056e-01
7.831325301204819311e+01 -1.067957016142104143e+00 1.000000000000000056e-01
7.871485943775100225e+01 -9.099624335053264623e-01 1.000000000000000056e-01
7.911646586345381138e+01 -7.276486840290011804e-01 1.000000000000000056e-01
7.951807228915662051e+01 -5.993754934942806534e-01 1.000000000000000056e-01
7.991967871485944386e+01 -4.757417439208624366e-01 1.000000000000000056e-01
8.032128514056225299e+01 -5.277909256269883720e-01 1.000000000000000056e-01
8.072289156626506212e+01 -2.375823856603089812e-01 1.000000000000000056e-01
8.112449799196787126e+01 -4.157101302090072947e-02 1.000000000000000056e-01
8.152610441767068039e+01 9.364402083342437955e-02 1.000000000000000056e-01
8.192771084337348952e+01 3.337922301809645442e-01 1.000000000000000056e-01
8.232931726907629866e+01 4.144576775546347513e-01 1.000000000000000056e-01
8.273092369477912200e+01 1.540985132485296338e-01 1.000000000000000056e-01
8.313253012048193114e+01 -3.992563486606469647e-01 1.000000000000000056e-01
8.353413654618474027e+01 -1.117665075823706333e+00 1.000000000000000056e-01
8.393574297188754940e+01 -1.361735411928489459e+00 1.000000000000000056e-01
8.433734939759035854e+01 -1.427036858066613512e+00 1.000000000000000056e-01
8.473895582329316767e+01 -1.224224831874861863e+00 1.000000000000000056e-01
8.514056224899597680e+01 -1.420265828690140397e+00 1.000000000000000056e-01
8.554216867469880015e+01 -1.423525696029869669e+00 1.000000000000000056e-01
8.594377510040160928e+01 -1.852706132438165065e+00 1.000000000000000056e-01
8.634538152610441841e+01 -1.935524383996596542e+00 1.000000000000000056e-01
8.674698795180722755e+01 -2.474209542360635616e+00 1.000000000000000056e-01
8.714859437751003668e+01 -2.581411571484290679e+00 1.000000000000000056e-01
8.755020080321284581e+01 -2.571344229532812609e+00 1.000000000000000056e-01
8.795180722891566916e+01 -2.322909688934103212e+00 1.000000000000000056e-01
8.835341365461847829e+01 -1.592948022310653577e+00 1.000000000000000056e-01
8.875502008032128742e+01 -1.074108067951786261e+00 1.000000000000000056e-01
8.915662650602409656e+01 -4.515170753677393289e-01 1.000000000000000056e-01
8.955823293172690569e+01 -5.532869276237246670e-01 1.000000000000000056e-01
8.995983935742971482e+01 -3.001888002881082373e-01 1.000000000000000056e-01
9.036144578313252396e+01 3.181999608956384562e-02 1.000000000000000056e-01
9.076305220883534730e+01 5.771683481775023994e-01 1.000000000000000056e-01
9.116465863453815643e+01 1.083331909395328196e+00 1.000000000000000056e-01
9.156626506024096557e+01 7.029832711932463285e-01 1.000000000000000056e-01
9.196787148594377470e+01 2.967330037712411217e-01 1.000000000000000056e-01
9.236947791164658383e+01 -1.153722772216394798e-01 1.000000000000000056e-01
9.277108433734939297e+01 -1.198171103881739974e+00 1.000000000000000056e-01
9.317269076305220210e+01 -1.882523834925892814e+00 1.000000000000000056e-01
9.357429718875502545e+01 -2.248541327003362955e+00 1.000000000000000056e-01
9.397590361445783458e+01 -2.586055563697359005e+00 1.000000000000000056e-01
9.437751004016064371e+01 -2.600150863094641718e+00 1.000000000000000056e-01
9.477911646586345285e+01 -2.453807561788640790e+00 1.000000000000000056e-01
9.518072289156626198e+01 -1.294822047414338817e+00 1.000000000000000056e-01
9.558232931726907111e+01 1.312144639983427452e-01 1.000000000000000056e-01
9.598393574297188025e+01 1.633226849103591949e+00 1.000000000000000056e-01
9.638554216867470359e+01 2.343934663472454272e+00 1.000000000000000056e-01
9.678714859437751272e+01 2.371950161349544395e+00 1.000000000000000056e-01
9.718875502008032186e+01 1.945576772517449538e+00 1.000000000000000056e-01
9.759036144578313099e+01 1.403434398864482624e+00 1.000000000000000056e-01
9.799196787148594012e+01 7.075811683167666510e-01 1.000000000000000056e-01
9.839357429718874926e+01 -1.708590485777682355e-01 1.000000000000000056e-01
9.879518072289157260e+01 -6.899156601515505916e-01 1.000000000000000056e-01
9.919678714859438173e+01 -1.016461402257738511e+00 1.000000000000000056e-01
9.959839357429719087e+01 -1.175876439400947548e+00 1.000000000000000056e-01
1.000000000000000000e+02 -5.166426393970025011e-01 1.000000000000000056e-01
