0.000000000000000000e+00 1.468163823977651328e+00 1.000000000000000056e-01
4.016064257028112428e-01 1.785609020802140012e+00 1.000000000000000056e-01
8.032128514056224855e-01 1.736771400023798595e+00 1.000000000000000056e-01
1.204819277108433617e+00 1.870833915458098851e+00 1.000000000000000056e-01
1.606425702811244971e+00 2.057622387940524877e+00 1.000000000000000056e-01
2.008032128514056325e+00 2.049025594129947336e+00 1.000000000000000056e-01
2.409638554216867234e+00 2.138977598175316963e+00 1.000000000000000056e-01
2.811244979919678588e+00 2.087349434326816411e+00 1.000000000000000056e-01
3.212851405622489942e+00 2.176992290337311786e+00 1.000000000000000056e-01
3.614457831325301296e+00 2.026556365029145823e+00 1.000000000000000056e-01
4.016064257028112650e+00 1.929546109521211639e+00 1.000000000000000056e-01
4.417670682730923559e+00 1.791907837669777681e+00 1.000000000000000056e-01
4.819277108433734469e+00 1.842731939740153591e+00 1.000000000000000056e-01
5.220883534136546267e+00 1.713361729941134559e+00 1.000000000000000056e-01
5.622489959839357176e+00 1.460758486704364145e+00 1.000000000000000056e-01
6.024096385542168974e+00 1.615814392943831335e+00 1.000000000000000056e-01
6.425702811244979884e+00 1.786873939903985020e+00 1.000000000000000056e-01
6.827309236947790794e+00 1.792784196852504008e+00 1.000000000000000056e-01
7.228915662650602592e+00 2.231738179709086722e+00 1.000000000000000056e-01
7.630522088353413501e+00 2.256860863838930253e+00 1.000000000000000056e-01
8.032128514056225299e+00 2.789068719987541467e+00 1.000000000000000056e-01
8.433734939759036209e+00 2.542514222127007173e+00 1.000000000000000056e-01
8.835341365461847118e+00 2.836747793473884283e+00 1.000000000000000056e-01
9.236947791164658028e+00 2.591612476024850675e+00 1.000000000000000056e-01
9.638554216867468938e+00 2.771581221881692869e+00 1.000000000000000056e-01
1.004016064257028162e+01 2.261229657706931295e+00 1.000000000000000056e-01
1.044176706827309253e+01 2.227103325599822270e+00 1.000000000000000056e-01
1.084337349397590344e+01 1.825469282975080931e+00 1.000000000000000056e-01
1.124497991967871435e+01 1.873273176443054577e+00 1.000000000000000056e-01
1.164658634538152526e+01 1.746050624407905927e+00 1.000000000000000056e-01
1.204819277108433795e+01 1.573060331279813706e+00 1.000000000000000056e-01
1.244979919678714886e+01 1.318809917669875320e+00 1.000000000000000056e-01
1.285140562248995977e+01 1.274747870315403153e+00 1.000000000000000056e-01
1.325301204819277068e+01 1.360941237826107875e+00 1.000000000000000056e-01
1.365461847389558159e+01 1.287524718982933303e+00 1.000000000000000056e-01
1.405622489959839427e+01 1.458664683531779582e+00 1.000000000000000056e-01
1.445783132530120518e+01 1.581132594599774732e+00 1.000000000000000056e-01
1.485943775100401609e+01 1.763030269285253970e+00 1.000000000000000056e-01
1.526104417670682700e+01 1.854425438828652073e+00 1.000000000000000056e-01
1.566265060240963791e+01 2.175548575485418912e+00 1.000000000000000056e-01
1.606425702811245060e+01 2.479808947137921660e+00 1.000000000000000056e-01
1.646586345381525973e+01 3.060400754753775043e+00 1.000000000000000056e-01
1.686746987951807242e+01 3.388374137454135848e+00 1.000000000000000056e-01
1.726907630522088510e+01 3.712432261396107158e+00 1.000000000000000056e-01
1.767068273092369424e+01 3.700062464474004553e+00 1.000000000000000056e-01
1.807228915662650692e+01 3.573527491172714399e+00 1.000000000000000056e-01
1.847389558232931606e+01 3.681603306513137053e+00 1.000000000000000056e-01
1.887550200803212874e+01 3.435724386808903130e+00 1.000000000000000056e-01
1.927710843373493788e+01 2.886473897015758183e+00 1.000000000000000056e-01
1.967871485943775056e+01 2.444004374361347764e+00 1.000000000000000056e-01
2.008032128514056325e+01 2.016146768344745155e+00 1.000000000000000056e-01
2.048192771084337238e+01 1.662419794912355142e+00 1.000000000000000056e-01
2.088353413654618507e+01 1.323552963656970505e+00 1.000000000000000056e-01
2.128514056224899420e+01 8.506431759147340399e-01 1.000000000000000056e-01
2.168674698795180689e+01 4.763453375454723693e-01 1.000000000000000056e-01
2.208835341365461957e+01 1.597038808122079878e-01 1.000000000000000056e-01
2.248995983935742871e+01 -7.754890121957311311e-02 1.000000000000000056e-01
2.289156626506024139e+01 -3.291346385560190990e-01 1.000000000000000056e-01
2.329317269076305053e+01 -3.545955144725404518e-01 1.000000000000000056e-01
2.369477911646586321e+01 -2.054654722080886398e-01 1.000000000000000056e-01
2.409638554216867590e+01 -1.561577733455391526e-01 1.000000000000000056e-01
2.449799196787148503e+01 -3.530476717837279232e-01 1.000000000000000056e-01
2.489959839357429772e+01 -1.275639976492146666e-01 1.000000000000000056e-01
2.530120481927710685e+01 -2.663351249909685081e-01 1.000000000000000056e-01
2.570281124497991954e+01 -3.033504442707462001e-01 1.000000000000000056e-01
2.610441767068273222e+01 -5.411395612188956150e-01 1.000000000000000056e-01
2.650602409638554136e+01 -7.732150282577840983e-01 1.000000000000000056e-01
2.690763052208835404e+01 -6.439740711552512931e-01 1.000000000000000056e-01
2.730923694779116317e+01 -8.120902611405164118e-01 1.000000000000000056e-01
2.771084337349397586e+01 -9.474668529612388923e-01 1.000000000000000056e-01
2.811244979919678855e+01 -9.738920498451063557e-01 1.000000000000000056e-01
2.851405622489959768e+01 -1.277393171474908051e+00 1.000000000000000056e-01
2.891566265060241037e+01 -1.557264027068123946e+00 1.000000000000000056e-01
2.931726907630521950e+01 -1.903189756092170448e+00 1.000000000000000056e-01
2.971887550200803219e+01 -2.061225071981410029e+00 1.000000000000000056e-01
3.012048192771084487e+01 -2.299019652786545187e+00 1.000000000000000056e-01
3.052208835341365400e+01 -2.792729699420571254e+00 1.000000000000000056e-01
3.092369477911646669e+01 -3.136227523180207477e+00 1.000000000000000056e-01
3.132530120481927582e+01 -3.720997408122909356e+00 1.000000000000000056e-01
3.172690763052208851e+01 -3.588888702023444122e+00 1.000000000000000056e-01
3.212851405622490120e+01 -3.862538970304590702e+00 1.000000000000000056e-01
3.253012048192771033e+01 -3.843278025293408451e+00 1.000000000000000056e-01
3.293172690763051946e+01 -3.921464444786616710e+00 1.000000000000000056e-01
3.333333333333333570e+01 -3.911440475853841026e+00 1.000000000000000056e-01
3.373493975903614484e+01 -3.970155267356578754e+00 1.000000000000000056e-01
3.413654618473895397e+01 -4.115099780627984316e+00 1.000000000000000056e-01
3.453815261044177021e+01 -4.264535054238319134e+00 1.000000000000000056e-01
3.493975903614457934e+01 -4.194069364544575684e+00 1.000000000000000056e-01
3.534136546184738847e+01 -4.366492641714510015e+00 1.000000000000000056e-01
3.574297188755019761e+01 -4.079329296675206606e+00 1.000000000000000056e-01
3.614457831325301385e+01 -3.877607127174086177e+00 1.000000000000000056e-01
3.654618473895582298e+01 -3.647506852030692137e+00 1.000000000000000056e-01
3.694779116465863211e+01 -3.261704525474564687e+00 1.000000000000000056e-01
3.734939759036144835e+01 -3.361547219645723228e+00 1.000000000000000056e-01
3.775100401606425748e+01 -3.296287856403628869e+00 1.000000000000000056e-01
3.815261044176706662e+01 -3.166865807964794666e+00 1.000000000000000056e-01
3.855421686746987575e+01 -3.390439302944067368e+00 1.000000000000000056e-01
3.895582329317269199e+01 -3.437511992131216942e+00 1.000000000000000056e-01
3.935742971887550112e+01 -3.785649068200919842e+00 1.000000000000000056e-01
3.975903614457831026e+01 -3.994196205567830393e+00 1.000000000000000056e-01
4.016064257028112650e+01 -4.074766898598505271e+00 1.000000000000000056e-01
4.056224899598393563e+01 -4.437500514643018867e+00 1.000000000000000056e-01
4.096385542168674476e+01 -4.730565376709939152e+00 1.000000000000000056e-01
4.136546184738956100e+01 -4.967745377574163790e+00 1.000000000000000056e-01
4.176706827309237013e+01 -5.174293176361555169e+00 1.000000000000000056e-01
4.216867469879517927e+01 -5.389309525666367229e+00 1.000000000000000056e-01
4.257028112449798840e+01 -5.092834488395890702e+00 1.000000000000000056e-01
4.297188755020080464e+01 -5.198946477049710246e+00 1.000000000000000056e-01
4.337349397590361377e+01 -5.187268337054955936e+00 1.000000000000000056e-01
4.377510040160642291e+01 -4.856455653619156543e+00 1.000000000000000056e-01
4.417670682730923915e+01 -4.543816930909962970e+00 1.000000000000000056e-01
4.457831325301204828e+01 -4.150804120451208057e+00 1.000000000000000056e-01
4.497991967871485741e+01 -3.581899322206167469e+00 1.000000000000000056e-01
4.538152610441767365e+01 -2.971409853556511660e+00 1.000000000000000056e-01
4.578313253012048278e+01 -2.347214685762458508e+00 1.000000000000000056e-01
4.618473895582329192e+01 -1.775128385422448885e+00 1.000000000000000056e-01
4.658634538152610105e+01 -1.340038295911566868e+00 1.000000000000000056e-01
4.698795180722891729e+01 -1.096062258524560740e+00 1.000000000000000056e-01
4.738955823293172642e+01 -4.402302494933921784e-01 1.000000000000000056e-01
4.779116465863453556e+01 -2.433499223752550455e-01 1.000000000000000056e-01
4.819277108433735179e+01 -2.138303140862772012e-01 1.000000000000000056e-01
4.859437751004016093e+01 -5.926341577304060360e-02 1.000000000000000056e-01
4.899598393574297006e+01 -2.575474348431663341e-01 1.000000000000000056e-01
4.939759036144578630e+01 -2.189685632043568697e-01 1.000000000000000056e-01
4.979919678714859543e+01 -4.020184674033340233e-01 1.000000000000000056e-01
5.020080321285140457e+01 -6.900133423262971855e-01 1.000000000000000056e-01
5.060240963855421370e+01 -1.010006403823670240e+00 1.000000000000000056e-01
5.100401606425702994e+01 -1.115296552502363037e+00 1.000000000000000056e-01
5.140562248995983907e+01 -1.200227191464470877e+00 1.000000000000000056e-01
5.180722891566264821e+01 -1.439129804542903512e+00 1.000000000000000056e-01
5.220883534136546444e+01 -1.352212368153702826e+00 1.000000000000000056e-01
5.261044176706827358e+01 -1.474448327604028108e+00 1.000000000000000056e-01
5.301204819277108271e+01 -1.270172358472571039e+00 1.000000000000000056e-01
5.341365461847389184e+01 -1.095959322177850304e+00 1.000000000000000056e-01
5.381526104417670808e+01 -9.487299749114470604e-01 1.000000000000000056e-01
5.421686746987951722e+01 -8.815840020996383863e-01 1.000000000000000056e-01
5.461847389558232635e+01 -6.583720809110996663e-01 1.000000000000000056e-01
5.502008032128514259e+01 -6.020267832730088475e-01 1.000000000000000056e-01
5.542168674698795172e+01 -7.003665196289777795e-01 1.000000000000000056e-01
5.582329317269076085e+01 -7.882923547813573961e-01 1.000000000000000056e-01
5.622489959839357709e+01 -7.510217681926929512e-01 1.000000000000000056e-01
5.662650602409638623e+01 -6.641376359605762891e-01 1.000000000000000056e-01
5.702811244979919536e+01 -7.090322043638378480e-01 1.000000000000000056e-01
5.742971887550200449e+01 -7.791866347024808404e-01 1.000000000000000056e-01
5.783132530120482073e+01 -7.244891712716092780e-01 1.000000000000000056e-01
5.823293172690762987e+01 -8.275812567915161733e-01 1.000000000000000056e-01
5.863453815261043900e+01 -8.609670257742442212e-01 1.000000000000000056e-01
5.903614457831325524e+01 -9.706937933189792034e-01 1.000000000000000056e-01
5.943775100401606437e+01 -1.086037891346522954e+00 1.000000000000000056e-01
5.983935742971887350e+01 -9.369603373055265250e-01 1.000000000000000056e-01
6.024096385542168974e+01 -1.168730286574350075e+00 1.000000000000000056e-01
6.064257028112449888e+01 -1.064799872246109391e+00 1.000000000000000056e-01
6.104417670682730801e+01 -1.028114736503497717e+00 1.000000000000000056e-01
6.144578313253011714e+01 -8.736386449457627101e-01 1.000000000000000056e-01
6.184738955823293338e+01 -7.179118475853223380e-01 1.000000000000000056e-01
6.224899598393574252e+01 -4.642241123797098412e-01 1.000000000000000056e-01
6.265060240963855165e+01 -3.249115649387526172e-01 1.000000000000000056e-01
6.305220883534136789e+01 -1.706076023927998175e-01 1.000000000000000056e-01
6.345381526104417702e+01 -4.181189716406970569e-01 1.000000000000000056e-01
6.385542168674698615e+01 -4.389881452812401386e-01 1.000000000000000056e-01
6.425702811244980239e+01 -6.234682372190909483e-01 1.000000000000000056e-01
6.465863453815261153e+01 -8.871244288421883395e-01 1.000000000000000056e-01
6.506024096385542066e+01 -1.258591506944899185e+00 1.000000000000000056e-01
6.546184738955822979e+01 -1.623730336524080720e+00 1.000000000000000056e-01
6.586345381526103893e+01 -1.783079386606042149e+00 1.000000000000000056e-01
6.626506024096384806e+01 -1.902227916304443323e+00 1.000000000000000056e-01
6.666666666666667140e+01 -2.002317403716311617e+00 1.000000000000000056e-01
6.706827309236948054e+01 -2.051040279735910854e+00 1.000000000000000056e-01
6.746987951807228967e+01 -2.216721050863765807e+00 1.000000000000000056e-01
6.787148594377509880e+01 -2.297329316432127122e+00 1.000000000000000056e-01
6.827309236947790794e+01 -2.176325685453445402e+00 1.000000000000000056e-01
6.867469879518071707e+01 -2.474352822434868759e+00 1.000000000000000056e-01
6.907630522088354041e+01 -2.544611172357361895e+00 1.000000000000000056e-01
6.947791164658634955e+01 -2.799939259145566073e+00 1.000000000000000056e-01
6.987951807228915868e+01 -2.504017227635676690e+00 1.000000000000000056e-01
7.028112449799196781e+01 -2.554883081517505428e+00 1.000000000000000056e-01
7.068273092369477695e+01 -2.273059854009400471e+00 1.000000000000000056e-01
7.108433734939758608e+01 -1.897718664737267469e+00 1.000000000000000056e-01
7.148594377510039521e+01 -1.365062622646815882e+00 1.000000000000000056e-01
7.188755020080321856e+01 -1.433795892015538698e+00 1.000000000000000056e-01
7.228915662650602769e+01 -1.027803957317175998e+00 1.000000000000000056e-01
7.269076305220883683e+01 -1.080416996601508028e+00 1.000000000000000056e-01
7.309236947791164596e+01 -5.960529072257718664e-01 1.000000000000000056e-01
7.349397590361445509e+01 -5.456735507599943524e-01 1.000000000000000056e-01
7.389558232931726423e+01 -3.777333137857912249e-01 1.000000000000000056e-01
7.429718875502007336e+01 -2.005230774280252759e-01 1.000000000000000056e-01
7.469879518072289670e+01 -5.816809925757644023e-02 1.000000000000000056e-01
7.510040160642570584e+01 6.036896951912851250e-02 1.000000000000000056e-01
7.550200803212851497e+01 8.043000940709030266e-02 1.000000000000000056e-01
7.590361445783132410e+01 1.622720856353612462e-01 1.000000000000000056e-01
7.630522088353413324e+01 3.927466832424910681e-01 1.000000000000000056e-01
7.670682730923694237e+01 4.568416903189351785e-01 1.000000000000000056e-01
7.710843373493975150e+01 1.540331396415591803e-01 1.000000000000000056e-01
7.751004016064257485e+01 3.060492109918814818e-01 1.000000000000000056e-01
7.791164658634538398e+01 7.207196442401118119e-01 1.000000000000000056e-01
7.831325301204819311e+01 7.492404749830434696e-01 1.000000000000000056e-01
7.871485943775100225e+01 8.559270029973872207e-01 1.000000000000000056e-01
7.911646586345381138e+01 1.218838465736561627e+00 1.000000000000000056e-01
7.951807228915662051e+01 1.222402416302185602e+00 1.000000000000000056e-01
7.991967871485944386e+01 1.194901686060141133e+00 1.000000000000000056e-01
8.032128514056225299e+01 1.009268396736979101e+00 1.000000000000000056e-01
8.072289156626506212e+01 6.599129807847333717e-01 1.000000000000000056e-01
8.112449799196787126e+01 2.928323846140862274e-01 1.000000000000000056e-01
8.152610441767068039e+01 -2.581381408711499459e-01 1.000000000000000056e-01
8.192771084337348952e+01 -3.342619879143634565e-01 1.000000000000000056e-01
8.232931726907629866e+01 -4.418303248480124901e-01 1.000000000000000056e-01
8.273092369477912200e+01 -4.160860982962349963e-01 1.000000000000000056e-01
8.313253012048193114e+01 -1.714826539566449148e-01 1.000000000000000056e-01
8.353413654618474027e+01 1.192293312718829268e-01 1.000000000000000056e-01
8.393574297188754940e+01 4.920524604714007211e-01 1.000000000000000056e-01
8.433734939759035854e+01 9.265606070051891630e-01 1.000000000000000056e-01
8.473895582329316767e+01 1.426799753375248336e+00 1.000000000000000056e-01
8.514056224899597680e+01 1.380102868687290929e+00 1.000000000000000056e-01
8.554216867469880015e+01 1.331218612858723560e+00 1.000000000000000056e-01
8.594377510040160928e+01 1.085541183859768388e+00 1.000000000000000056e-01
8.634538152610441841e+01 1.139149183671512633e+00 1.000000000000000056e-01
8.674698795180722755e+01 6.393329730023314950e-01 1.000000000000000056e-01
8.714859437751003668e+01 2.716684664112588576e-01 1.000000000000000056e-01
8.755020080321284581e+01 5.920115181819641803e-01 1.000000000000000056e-01
8.795180722891566916e+01 6.680903158300408595e-01 1.000000000000000056e-01
8.835341365461847829e+01 9.947886976115382085e-01 1.000000000000000056e-01
8.875502008032128742e+01 1.104773010767037045e+00 1.000000000000000056e-01
8.915662650602409656e+01 1.108534487806590807e+00 1.000000000000000056e-01
8.955823293172690569e+01 1.211268126320523608e+00 1.000000000000000056e-01
8.995983935742971482e+01 1.132360651788368422e+00 1.000000000000000056e-01
9.036144578313252396e+01 8.389605182870513156e-01 1.000000000000000056e-01
9.076305220883534730e+01 4.912551272459551588e-01 1.000000000000000056e-01
9.116465863453815643e+01 -1.125710393563124911e-01 1.000000000000000056e-01
9.156626506024096557e+01 -2.771837469120573827e-01 1.000000000000000056e-01
9.196787148594377470e+01 -8.241356693411112655e-01 1.000000000000000056e-01
9.236947791164658383e+01 -1.134846878213673804e+00 1.000000000000000056e-01
9.277108433734939297e+01 -1.211435293913577960e+00 1.000000000000000056e-01
9.317269076305220210e+01 -1.341920783124946670e+00 1.000000000000000056e-01
9.357429718875502545e+01 -1.390989532423565711e+00 1.000000000000000056e-01
9.397590361445783458e+01 -1.463329005872693989e+00 1.000000000000000056e-01
9.437751004016064371e+01 -1.495533451329818853e+00 1.000000000000000056e-01
9.477911646586345285e+01 -1.508206285217300158e+00 1.000000000000000056e-01
9.518072289156626198e+01 -1.750363057162277247e+00 1.000000000000000056e-01
9.558232931726907111e+01 -1.743859330596918555e+00 1.000000000000000056e-01
9.598393574297188025e+01 -1.960350657698574528e+00 1.000000000000000056e-01
9.638554216867470359e+01 -1.659408501067771047e+00 1.000000000000000056e-01
9.678714859437751272e+01 -1.584484861557863500e+00 1.000000000000000056e-01
9.718875502008032186e+01 -1.434338669575647263e+00 1.000000000000000056e-01
9.759036144578313099e+01 -1.072113210816763251e+00 1.000000000000000056e-01
9.799196787148594012e+01 -8.597609325593118523e-01 1.000000000000000056e-01
9.839357429718874926e+01 -9.957168267042604271e-01 1.000000000000000056e-01
9.879518072289157260e+01 -1.129051737708094416e+00 1.000000000000000056e-01
9.919678714859438173e+01 -9.443455183919152729e-01 1.000000000000000056e-01
9.959839357429719087e+01 -1.015048910994012177e+00 1.000000000000000056e-01
1.000000000000000000e+02 -1.370783039534473335e+00 1.000000000000000056e-01
