0.000000000000000000e+00 9.700978181111693521e-01 1.000000000000000056e-01
4.016064257028112428e-01 1.523320603725031974e+00 1.000000000000000056e-01
8.032128514056224855e-01 1.814265082395483786e+00 1.000000000000000056e-01
1.204819277108433617e+00 1.841284266818912663e+00 1.000000000000000056e-01
1.606425702811244971e+00 1.723937833997248426e+00 1.000000000000000056e-01
2.008032128514056325e+00 1.348669262483157771e+00 1.000000000000000056e-01
2.409638554216867234e+00 1.233425959130874938e+00 1.000000000000000056e-01
2.811244979919678588e+00 1.074831226024745900e+00 1.000000000000000056e-01
3.212851405622489942e+00 8.850052809145131372e-01 1.000000000000000056e-01
3.614457831325301296e+00 5.905443219558537127e-01 1.000000000000000056e-01
4.016064257028112650e+00 3.410538060560454610e-01 1.000000000000000056e-01
4.417670682730923559e+00 2.048745136722454896e-01 1.000000000000000056e-01
4.819277108433734469e+00 -3.155975072957407090e-01 1.000000000000000056e-01
5.220883534136546267e+00 -3.061436060676080428e-01 1.000000000000000056e-01
5.622489959839357176e+00 -9.177932785134463867e-01 1.000000000000000056e-01
6.024096385542168974e+00 -1.214862525303504359e+00 1.000000000000000056e-01
6.425702811244979884e+00 -1.419356211353129726e+00 1.000000000000000056e-01
6.827309236947790794e+00 -1.006678293466607199e+00 1.000000000000000056e-01
7.228915662650602592e+00 -2.706255628485070286e-01 1.000000000000000056e-01
7.630522088353413501e+00 5.861363906149380520e-01 1.000000000000000056e-01
8.032128514056225299e+00 1.096850852282863720e+00 1.000000000000000056e-01
8.433734939759036209e+00 1.252165602218665574e+00 1.000000000000000056e-01
8.835341365461847118e+00 1.369850150886293916e+00 1.000000000000000056e-01
9.236947791164658028e+00 1.218847797723741078e+00 1.000000000000000056e-01
9.638554216867468938e+00 1.143392546164317736e+00 1.000000000000000056e-01
1.004016064257028162e+01 1.239995430410719912e+00 1.000000000000000056e-01
1.044176706827309253e+01 1.729608513479345744e+00 1.000000000000000056e-01
1.084337349397590344e+01 1.845170416354858789e+00 1.000000000000000056e-01
1.124497991967871435e+01 1.629609299779816611e+00 1.000000000000000056e-01
1.164658634538152526e+01 1.082606097256241684e+00 1.000000000000000056e-01
1.204819277108433795e+01 7.110106231124163623e-01 1.000000000000000056e-01
1.244979919678714886e+01 2.326105107965615593e-01 1.000000000000000056e-01
1.285140562248995977e+01 -1.429919629109457080e-01 1.000000000000000056e-01
1.325301204819277068e+01 -9.113547026807555795e-02 1.000000000000000056e-01
1.365461847389558159e+01 -4.606038363632836141e-02 1.000000000000000056e-01
1.405622489959839427e+01 -1.042650677046235985e-01 1.000000000000000056e-01
1.445783132530120518e+01 2.220799216445319968e-01 1.000000000000000056e-01
1.485943775100401609e+01 5.031921460232813281e-01 1.000000000000000056e-01
1.526104417670682700e+01 1.328099444253087125e+00 1.000000000000000056e-01
1.566265060240963791e+01 1.757920412971138324e+00 1.000000000000000056e-01
1.606425702811245060e+01 2.135822403086918175e+00 1.000000000000000056e-01
1.646586345381525973e+01 2.488620078495871191e+00 1.000000000000000056e-01
1.686746987951807242e+01 2.318937919779754164e+00 1.000000000000000056e-01
1.726907630522088510e+01 1.952290718943187953e+00 1.000000000000000056e-01
1.767068273092369424e+01 1.624880464049899054e+00 1.000000000000000056e-01
1.807228915662650692e+01 6.580568952542440453e-01 1.000000000000000056e-01
1.847389558232931606e+01 -1.445339026301232510e-01 1.000000000000000056e-01
1.887550200803212874e+01 -5.522824986646353018e-01 1.000000000000000056e-01
1.927710843373493788e+01 -9.590194705464916147e-01 1.000000000000000056e-01
1.967871485943775056e+01 -8.334068637284403058e-01 1.000000000000000056e-01
2.008032128514056325e+01 -7.964886260721940614e-01 1.000000000000000056e-01
2.048192771084337238e+01 -9.945270185843534394e-01 1.000000000000000056e-01
2.088353413654618507e+01 -1.186453397201137960e+00 1.000000000000000056e-01
2.128514056224899420e+01 -1.577071286062869282e+00 1.000000000000000056e-01
2.168674698795180689e+01 -2.395507505191240671e+00 1.000000000000000056e-01
2.208835341365461957e+01 -2.763366392074886768e+00 1.000000000000000056e-01
2.248995983935742871e+01 -3.138187386232712761e+00 1.000000000000000056e-01
2.289156626506024139e+01 -3.161702008955487031e+00 1.000000000000000056e-01
2.329317269076305053e+01 -2.956335633444095112e+00 1.000000000000000056e-01
2.369477911646586321e+01 -2.740202489116951856e+00 1.000000000000000056e-01
2.409638554216867590e+01 -2.038776323382072597e+00 1.000000000000000056e-01
2.449799196787148503e+01 -1.481308436749124935e+00 1.000000000000000056e-01
2.489959839357429772e+01 -1.276904115472564438e+00 1.000000000000000056e-01
2.530120481927710685e+01 -7.513523072782510859e-01 1.000000000000000056e-01
2.570281124497991954e+01 -4.530701182171799624e-01 1.000000000000000056e-01
2.610441767068273222e+01 -3.392888347997297105e-02 1.000000000000000056e-01
2.650602409638554136e+01 3.198383339726729724e-01 1.000000000000000056e-01
2.690763052208835404e+01 3.638438877100798607e-01 1.000000000000000056e-01
2.730923694779116317e+01 4.285066136888788790e-01 1.000000000000000056e-01
2.771084337349397586e+01 3.545469986632911463e-01 1.000000000000000056e-01
2.811244979919678855e+01 -9.771806028317024662e-02 1.000000000000000056e-01
2.851405622489959768e+01 -2.755087914918782910e-01 1.000000000000000056e-01
2.891566265060241037e+01 -2.966233671512757963e-01 1.000000000000000056e-01
2.931726907630521950e+01 -1.957035832158940392e-01 1.000000000000000056e-01
2.971887550200803219e+01 2.755304982531071589e-01 1.000000000000000056e-01
3.012048192771084487e+01 3.796491051429531360e-01 1.000000000000000056e-01
3.052208835341365400e+01 6.998888273342301902e-01 1.000000000000000056e-01
3.092369477911646669e+01 1.063253457024862847e+00 1.000000000000000056e-01
3.132530120481927582e+01 1.340097081887623665e+00 1.000000000000000056e-01
3.172690763052208851e+01 1.296817033045407186e+00 1.000000000000000056e-01
3.212851405622490120e+01 9.675115272890379980e-01 1.000000000000000056e-01
3.253012048192771033e+01 7.025051373996539228e-01 1.000000000000000056e-01
3.293172690763051946e+01 1.016723689713525669e-01 1.000000000000000056e-01
3.333333333333333570e+01 -2.641380051492502878e-01 1.000000000000000056e-01
3.373493975903614484e+01 -5.270905461279140614e-01 1.000000000000000056e-01
3.413654618473895397e+01 -7.604435033988673487e-01 1.000000000000000056e-01
3.453815261044177021e+01 -7.034192529613970679e-01 1.000000000000000056e-01
3.493975903614457934e+01 -8.594962736330739039e-01 1.000000000000000056e-01
3.534136546184738847e+01 -8.230528980237592496e-01 1.000000000000000056e-01
3.574297188755019761e+01 -7.963643288116659669e-01 1.000000000000000056e-01
3.614457831325301385e+01 -4.901253881429087356e-01 1.000000000000000056e-01
3.654618473895582298e+01 7.101319070515071941e-02 1.000000000000000056e-01
3.694779116465863211e+01 4.760839126719018100e-01 1.000000000000000056e-01
3.734939759036144835e+01 1.086150720362756283e+00 1.000000000000000056e-01
3.775100401606425748e+01 1.654074596517046025e+00 1.000000000000000056e-01
3.815261044176706662e+01 1.922616749592313212e+00 1.000000000000000056e-01
3.855421686746987575e+01 1.455899033616725458e+00 1.000000000000000056e-01
3.895582329317269199e+01 1.104345090093608706e+00 1.000000000000000056e-01
3.935742971887550112e+01 2.888533985290381856e-01 1.000000000000000056e-01
3.975903614457831026e+01 -1.417988094362419293e-01 1.000000000000000056e-01
4.016064257028112650e+01 -3.036758338967679438e-01 1.000000000000000056e-01
4.056224899598393563e+01 -5.549450705290183139e-01 1.000000000000000056e-01
4.096385542168674476e+01 -1.049725126717212964e+00 1.000000000000000056e-01
4.136546184738956100e+01 -1.429273206371606264e+00 1.000000000000000056e-01
4.176706827309237013e+01 -2.080717718030130392e+00 1.000000000000000056e-01
4.216867469879517927e+01 -2.503856540595925217e+00 1.000000000000000056e-01
4.257028112449798840e+01 -2.511550205396621660e+00 1.000000000000000056e-01
4.297188755020080464e+01 -2.112324330493760449e+00 1.000000000000000056e-01
4.337349397590361377e+01 -1.366892129979475401e+00 1.000000000000000056e-01
4.377510040160642291e+01 -5.324183316674734323e-01 1.000000000000000056e-01
4.417670682730923915e+01 2.716953686952844338e-02 1.000000000000000056e-01
4.457831325301204828e+01 2.020050362150357659e-01 1.000000000000000056e-01
4.497991967871485741e+01 1.139842265293457696e-01 1.000000000000000056e-01
4.538152610441767365e+01 -1.225257403125869365e-01 1.000000000000000056e-01
4.578313253012048278e+01 -6.617756990090843949e-01 1.000000000000000056e-01
4.618473895582329192e+01 -9.301458041505308305e-01 1.000000000000000056e-01
4.658634538152610105e+01 -1.059411189840012035e+00 1.000000000000000056e-01
4.698795180722891729e+01 -8.853824520637737505e-01 1.000000000000000056e-01
4.738955823293172642e+01 -8.356339416010745147e-01 1.000000000000000056e-01
4.779116465863453556e+01 -4.205434084084135327e-01 1.000000000000000056e-01
4.819277108433735179e+01 -1.935636762537238653e-01 1.000000000000000056e-01
4.859437751004016093e+01 1.170611257753070011e-01 1.000000000000000056e-01
4.899598393574297006e+01 3.251138265904501834e-02 1.000000000000000056e-01
4.939759036144578630e+01 2.004542758821826753e-01 1.000000000000000056e-01
4.979919678714859543e+01 2.120902929621540645e-01 1.000000000000000056e-01
5.020080321285140457e+01 2.645565290319875640e-01 1.000000000000000056e-01
5.060240963855421370e+01 4.041055196018020768e-01 1.000000000000000056e-01
5.100401606425702994e+01 5.125292860726886612e-01 1.000000000000000056e-01
5.140562248995983907e+01 8.271154491338353898e-01 1.000000000000000056e-01
5.180722891566264821e+01 1.322424243719962256e+00 1.000000000000000056e-01
5.220883534136546444e+01 1.685769363793701459e+00 1.000000000000000056e-01
5.261044176706827358e+01 1.829832296042654516e+00 1.000000000000000056e-01
5.301204819277108271e+01 1.579099441867557019e+00 1.000000000000000056e-01
5.341365461847389184e+01 1.197293102775426776e+00 1.000000000000000056e-01
5.381526104417670808e+01 8.999833957326671685e-01 1.000000000000000056e-01
5.421686746987951722e+01 5.098103794654634813e-01 1.000000000000000056e-01
5.461847389558232635e+01 3.785156967956101459e-01 1.000000000000000056e-01
5.502008032128514259e+01 5.872643400176842388e-01 1.000000000000000056e-01
5.542168674698795172e+01 3.358662393635996612e-01 1.000000000000000056e-01
5.582329317269076085e+01 8.113199621451075427e-02 1.000000000000000056e-01
5.622489959839357709e+01 -4.992980374320360459e-03 1.000000000000000056e-01
5.662650602409638623e+01 -3.645022580104375076e-01 1.000000000000000056e-01
5.702811244979919536e+01 -6.609547786879036435e-01 1.000000000000000056e-01
5.742971887550200449e+01 -5.981626146636361829e-01 1.000000000000000056e-01
5.783132530120482073e+01 -4.981534279617035876e-01 1.000000000000000056e-01
5.823293172690762987e+01 -5.565606415600623524e-01 1.000000000000000056e-01
5.863453815261043900e+01 -6.433644931082062035e-01 1.000000000000000056e-01
5.903614457831325524e+01 -4.631179617221080624e-01 1.000000000000000056e-01
5.943775100401606437e+01 -3.789475369895048407e-01 1.000000000000000056e-01
5.983935742971887350e+01 -8.619666133124927188e-02 1.000000000000000056e-01
6.024096385542168974e+01 6.180521312596241046e-01 1.000000000000000056e-01
6.064257028112449888e+01 1.378710430215418947e+00 1.000000000000000056e-01
6.104417670682730801e+01 1.871545094130063092e+00 1.000000000000000056e-01
6.144578313253011714e+01 2.477173371837861460e+00 1.000000000000000056e-01
6.184738955823293338e+01 2.591525846475288386e+00 1.000000000000000056e-01
6.224899598393574252e+01 2.616666758201602772e+00 1.000000000000000056e-01
6.265060240963855165e+01 2.114040096939834523e+00 1.000000000000000056e-01
6.305220883534136789e+01 1.331374988895661193e+00 1.000000000000000056e-01
6.345381526104417702e+01 8.000192878265873775e-01 1.000000000000000056e-01
6.385542168674698615e+01 2.010685967773624960e-01 1.000000000000000056e-01
6.425702811244980239e+01 -1.358240342258392186e-01 1.000000000000000056e-01
6.465863453815261153e+01 -3.765103939053492388e-01 1.000000000000000056e-01
6.506024096385542066e+01 -2.192890106021805063e-01 1.000000000000000056e-01
6.546184738955822979e+01 -3.095455596556591082e-01 1.000000000000000056e-01
6.586345381526103893e+01 -8.065322752134256312e-01 1.000000000000000056e-01
6.626506024096384806e+01 -1.558445236970659620e+00 1.000000000000000056e-01
6.666666666666667140e+01 -1.555523114717287880e+00 1.000000000000000056e-01
6.706827309236948054e+01 -1.645861661678631016e+00 1.000000000000000056e-01
6.746987951807228967e+01 -1.176094119579455644e+00 1.000000000000000056e-01
6.787148594377509880e+01 -1.036264603272177842e+00 1.000000000000000056e-01
6.827309236947790794e+01 -8.224309821567030721e-01 1.000000000000000056e-01
6.867469879518071707e+01 -6.278536257818092547e-01 1.000000000000000056e-01
6.907630522088354041e+01 -5.534355611285088905e-01 1.000000000000000056e-01
6.947791164658634955e+01 1.717131507945874880e-01 1.000000000000000056e-01
6.987951807228915868e+01 4.244721308823078409e-01 1.000000000000000056e-01
7.028112449799196781e+01 6.583787173006581117e-01 1.000000000000000056e-01
7.068273092369477695e+01 3.955102257037356739e-01 1.000000000000000056e-01
7.108433734939758608e+01 -2.871614478725375008e-01 1.000000000000000056e-01
7.148594377510039521e+01 -1.154355760946046638e+00 1.000000000000000056e-01
7.188755020080321856e+01 -1.686740680879495136e+00 1.000000000000000056e-01
7.228915662650602769e+01 -2.053549256015438473e+00 1.000000000000000056e-01
7.269076305220883683e+01 -2.087378066438495328e+00 1.000000000000000056e-01
7.309236947791164596e+01 -2.291448015867508570e+00 1.000000000000000056e-01
7.349397590361445509e+01 -2.444764767042061138e+00 1.000000000000000056e-01
7.389558232931726423e+01 -2.598004038456739995e+00 1.000000000000000056e-01
7.429718875502007336e+01 -2.216499966507255337e+00 1.000000000000000056e-01
7.469879518072289670e+01 -1.990228548188258673e+00 1.000000000000000056e-01
7.510040160642570584e+01 -1.701658685262649851e+00 1.000000000000000056e-01
7.550200803212851497e+01 -1.188494606572250367e+00 1.000000000000000056e-01
7.590361445783132410e+01 -6.457843200935802219e-01 1.000000000000000056e-01
7.630522088353413324e+01 -1.809699311456197945e-01 1.000000000000000056e-01
7.670682730923694237e+01 -7.071437638052013863e-03 1.000000000000000056e-01
7.710843373493975150e+01 1.021379901125597789e-01 1.000000000000000056e-01
7.751004016064257485e+01 -2.667518429596010821e-01 1.000000000000000056e-01
7.791164658634538398e+01 -8.399920446525330764e-01 1.000000000000000056e-01
7.831325301204819311e+01 -1.478075226193048541e+00 1.000000000000000056e-01
7.871485943775100225e+01 -1.829576311999464799e+00 1.000000000000000056e-01
7.911646586345381138e+01 -1.834895325141730593e+00 1.000000000000000056e-01
7.951807228915662051e+01 -1.657123526858651275e+00 1.000000000000000056e-01
7.991967871485944386e+01 -1.625853205135289636e+00 1.000000000000000056e-01
8.032128514056225299e+01 -1.043793324605572392e+00 1.000000000000000056e-01
8.072289156626506212e+01 -7.627895940228165417e-01 1.000000000000000056e-01
8.112449799196787126e+01 -2.894735471433246277e-01 1.000000000000000056e-01
8.152610441767068039e+01 3.670660383038533148e-01 1.000000000000000056e-01
8.192771084337348952e+01 5.056569092107062735e-01 1.000000000000000056e-01
8.232931726907629866e+01 3.469011680972784450e-01 1.000000000000000056e-01
8.273092369477912200e+01 5.467537580639014738e-01 1.000000000000000056e-01
8.313253012048193114e+01 9.031933704461957424e-01 1.000000000000000056e-01
8.353413654618474027e+01 1.333232699095629803e+00 1.000000000000000056e-01
8.393574297188754940e+01 2.205334781385520415e+00 1.000000000000000056e-01
8.433734939759035854e+01 2.748857175358152105e+00 1.000000000000000056e-01
8.473895582329316767e+01 3.047980894816369801e+00 1.000000000000000056e-01
8.514056224899597680e+01 2.609760369877177411e+00 1.000000000000000056e-01
8.554216867469880015e+01 2.325163876972153432e+00 1.000000000000000056e-01
8.594377510040160928e+01 1.696901498603430980e+00 1.000000000000000056e-01
8.634538152610441841e+01 1.401941050286711121e+00 1.000000000000000056e-01
8.674698795180722755e+01 7.714752901078529845e-01 1.000000000000000056e-01
8.714859437751003668e+01 5.744814622261960047e-01 1.000000000000000056e-01
8.755020080321284581e+01 -5.863112996532351268e-02 1.000000000000000056e-01
8.795180722891566916e+01 -7.845479272637168044e-01 1.000000000000000056e-01
8.835341365461847829e+01 -1.130292816259085065e+00 1.000000000000000056e-01
8.875502008032128742e+01 -1.315487966308536372e+00 1.000000000000000056e-01
8.915662650602409656e+01 -1.286670337151337051e+00 1.000000000000000056e-01
8.955823293172690569e+01 -7.441365017838299512e-01 1.000000000000000056e-01
8.995983935742971482e+01 -2.791631152139352756e-01 1.000000000000000056e-01
9.036144578313252396e+01 -2.117754828587411209e-01 1.000000000000000056e-01
9.076305220883534730e+01 1.592687086849076672e-01 1.000000000000000056e-01
9.116465863453815643e+01 5.544790783175687077e-01 1.000000000000000056e-01
9.156626506024096557e+01 4.736988082650097076e-01 1.000000000000000056e-01
9.196787148594377470e+01 3.928171718499098297e-01 1.000000000000000056e-01
9.236947791164658383e+01 4.476368686833065991e-01 1.000000000000000056e-01
9.277108433734939297e+01 1.666903971011319818e-01 1.000000000000000056e-01
9.317269076305220210e+01 3.920396557248764791e-02 1.000000000000000056e-01
9.357429718875502545e+01 -1.914260932635655499e-01 1.000000000000000056e-01
9.397590361445783458e+01 -1.556423758587373307e-01 1.000000000000000056e-01
9.437751004016064371e+01 -1.547306665312889740e-01 1.000000000000000056e-01
9.477911646586345285e+01 -6.475484463237789479e-01 1.000000000000000056e-01
9.518072289156626198e+01 -1.151007741530267081e+00 1.000000000000000056e-01
9.558232931726907111e+01 -1.633869329021640393e+00 1.000000000000000056e-01
9.598393574297188025e+01 -2.033351831564880641e+00 1.000000000000000056e-01
9.638554216867470359e+01 -2.103578073917138358e+00 1.000000000000000056e-01
9.678714859437751272e+01 -2.277982615285219392e+00 1.000000000000000056e-01
9.718875502008032186e+01 -2.203874704289170428e+00 1.000000000000000056e-01
9.759036144578313099e+01 -1.950223530671618688e+00 1.000000000000000056e-01
9.799196787148594012e+01 -1.739644339786930782e+00 1.000000000000000056e-01
9.839357429718874926e+01 -1.531422857215587463e+00 1.000000000000000056e-01
9.879518072289157260e+01 -9.516569947116892969e-01 1.000000000000000056e-01
9.919678714859438173e+01 -8.245148536174048415e-01 1.000000000000000056e-01
9.959839357429719087e+01 -9.096730379989328430e-01 1.000000000000000056e-01
1.000000000000000000e+02 -6.726246131355824165e-01 1.000000000000000056e-01
