0.000000000000000000e+00 -2.188325310146663316e+00 1.000000000000000056e-01
4.016064257028112428e-01 -2.030615604508417160e+00 1.000000000000000056e-01
8.032128514056224855e-01 -1.864490536361869566e+00 1.000000000000000056e-01
1.204819277108433617e+00 -1.737883041404869378e+00 1.000000000000000056e-01
1.606425702811244971e+00 -1.757020493781245918e+00 1.000000000000000056e-01
2.008032128514056325e+00 -1.517559308871290646e+00 1.000000000000000056e-01
2.409638554216867234e+00 -1.072875524303350758e+00 1.000000000000000056e-01
2.811244979919678588e+00 -3.355169861257240593e-01 1.000000000000000056e-01
3.212851405622489942e+00 -2.346684628320084842e-01 1.000000000000000056e-01
3.614457831325301296e+00 -1.072303246685187145e-01 1.000000000000000056e-01
4.016064257028112650e+00 8.238956011925982481e-02 1.000000000000000056e-01
4.417670682730923559e+00 5.257915533276071862e-01 1.000000000000000056e-01
4.819277108433734469e+00 9.067105907137992249e-01 1.000000000000000056e-01
5.220883534136546267e+00 1.404924485279056334e+00 1.000000000000000056e-01
5.622489959839357176e+00 1.524564414492468156e+00 1.000000000000000056e-01
6.024096385542168974e+00 1.199228950177095854e+00 1.000000000000000056e-01
6.425702811244979884e+00 9.130136026940731675e-01 1.000000000000000056e-01
6.827309236947790794e+00 1.418912906451051670e-01 1.000000000000000056e-01
7.228915662650602592e+00 -7.525891086506338867e-01 1.000000000000000056e-01
7.630522088353413501e+00 -1.608298194952253679e+00 1.000000000000000056e-01
8.032128514056225299e+00 -1.986381368045992968e+00 1.000000000000000056e-01
8.433734939759036209e+00 -2.396574174748854702e+00 1.000000000000000056e-01
8.835341365461847118e+00 -2.291312245748453602e+00 1.000000000000000056e-01
9.236947791164658028e+00 -2.006497469180560600e+00 1.000000000000000056e-01
9.638554216867468938e+00 -1.422575471591314811e+00 1.000000000000000056e-01
1.004016064257028162e+01 -8.629764290627969237e-01 1.000000000000000056e-01
1.044176706827309253e+01 -3.620316987488256810e-01 1.000000000000000056e-01
1.084337349397590344e+01 -7.321476781460256600e-01 1.000000000000000056e-01
1.124497991967871435e+01 -1.103171135977991213e+00 1.000000000000000056e-01
1.164658634538152526e+01 -1.591599681701481694e+00 1.000000000000000056e-01
1.204819277108433795e+01 -1.583742880655237384e+00 1.000000000000000056e-01
1.244979919678714886e+01 -1.345833161119631027e+00 1.000000000000000056e-01
1.285140562248995977e+01 -8.635938643628492395e-01 1.000000000000000056e-01
1.325301204819277068e+01 -1.179500425862601981e-01 1.000000000000000056e-01
1.365461847389558159e+01 -5.868666123479274188e-02 1.000000000000000056e-01
1.405622489959839427e+01 -1.442305150991163298e-01 1.000000000000000056e-01
1.445783132530120518e+01 -1.717164830281770471e-01 1.000000000000000056e-01
1.485943775100401609e+01 -3.108041294694595114e-01 1.000000000000000056e-01
1.526104417670682700e+01 -1.498369895685275066e-01 1.000000000000000056e-01
1.566265060240963791e+01 -1.016797424460196692e-01 1.000000000000000056e-01
1.606425702811245060e+01 6.358722945828876316e-02 1.000000000000000056e-01
1.646586345381525973e+01 -7.111347791422989451e-02 1.000000000000000056e-01
1.686746987951807242e+01 1.673362041580599147e-02 1.000000000000000056e-01
1.726907630522088510e+01 -2.205046704113215739e-01 1.000000000000000056e-01
1.767068273092369424e+01 -3.096045350640820315e-01 1.000000000000000056e-01
1.807228915662650692e+01 -5.344131212900959937e-01 1.000000000000000056e-01
1.847389558232931606e+01 -7.781790918421409298e-02 1.000000000000000056e-01
1.887550200803212874e+01 2.821392902136693470e-01 1.000000000000000056e-01
1.927710843373493788e+01 5.809627628286292422e-01 1.000000000000000056e-01
1.967871485943775056e+01 6.645316942138128624e-01 1.000000000000000056e-01
2.008032128514056325e+01 6.594785421585809271e-01 1.000000000000000056e-01
2.048192771084337238e+01 4.856549860343570835e-01 1.000000000000000056e-01
2.088353413654618507e+01 -8.787295730797363424e-02 1.000000000000000056e-01
2.128514056224899420e+01 -3.158013041123023945e-01 1.000000000000000056e-01
2.168674698795180689e+01 -7.402338078679612243e-01 1.000000000000000056e-01
2.208835341365461957e+01 -9.052053354843958566e-01 1.000000000000000056e-01
2.248995983935742871e+01 -3.997896711343906229e-01 1.000000000000000056e-01
2.289156626506024139e+01 -1.002505423620211611e-01 1.000000000000000056e-01
2.329317269076305053e+01 3.098868654478684204e-01 1.000000000000000056e-01
2.369477911646586321e+01 4.368827416753388593e-01 1.000000000000000056e-01
2.409638554216867590e+01 5.451175184672694130e-01 1.000000000000000056e-01
2.449799196787148503e+01 4.537249912128321072e-01 1.000000000000000056e-01
2.489959839357429772e+01 1.234293251737455244e-01 1.000000000000000056e-01
2.530120481927710685e+01 -2.059050889945645002e-01 1.000000000000000056e-01
2.570281124497991954e+01 -4.034450880976416659e-02 1.000000000000000056e-01
2.610441767068273222e+01 -1.940090458666026696e-01 1.000000000000000056e-01
2.650602409638554136e+01 -1.259383449772813190e-01 1.000000000000000056e-01
2.690763052208835404e+01 -1.511802009195629404e-01 1.000000000000000056e-01
2.730923694779116317e+01 -6.466057971345237632e-02 1.000000000000000056e-01
2.771084337349397586e+01 1.872087443054678835e-01 1.000000000000000056e-01
2.811244979919678855e+01 -3.454793644118492324e-03 1.000000000000000056e-01
2.851405622489959768e+01 5.479475655847470400e-02 1.000000000000000056e-01
2.891566265060241037e+01 -3.270186957449053855e-01 1.000000000000000056e-01
2.931726907630521950e+01 -3.390372396704242619e-01 1.000000000000000056e-01
2.971887550200803219e+01 -3.994107327472499747e-01 1.000000000000000056e-01
3.012048192771084487e+01 -4.076907387066133759e-01 1.000000000000000056e-01
3.052208835341365400e+01 -3.333547739257321507e-01 1.000000000000000056e-01
3.092369477911646669e+01 -1.779681613962862952e-01 1.000000000000000056e-01
3.132530120481927582e+01 -6.599209409866615972e-02 1.000000000000000056e-01
3.172690763052208851e+01 -1.089640631696365061e-02 1.000000000000000056e-01
3.212851405622490120e+01 2.098705475183215152e-01 1.000000000000000056e-01
3.253012048192771033e+01 4.338008688946554670e-01 1.000000000000000056e-01
3.293172690763051946e+01 6.391063662886862229e-01 1.000000000000000056e-01
3.333333333333333570e+01 7.312194594581967744e-01 1.000000000000000056e-01
3.373493975903614484e+01 7.168033182268065406e-01 1.000000000000000056e-01
3.413654618473895397e+01 1.086783734814807056e+00 1.000000000000000056e-01
3.453815261044177021e+01 1.691316486005698172e+00 1.000000000000000056e-01
3.493975903614457934e+01 2.561555499127105673e+00 1.000000000000000056e-01
3.534136546184738847e+01 2.910616240511903818e+00 1.000000000000000056e-01
3.574297188755019761e+01 2.777069999296533087e+00 1.000000000000000056e-01
3.614457831325301385e+01 2.311009604834605824e+00 1.000000000000000056e-01
3.654618473895582298e+01 1.763287421296700686e+00 1.000000000000000056e-01
3.694779116465863211e+01 6.924898951602238562e-01 1.000000000000000056e-01
3.734939759036144835e+01 1.590684235602934649e-01 1.000000000000000056e-01
3.775100401606425748e+01 -2.580789235095645728e-01 1.000000000000000056e-01
3.815261044176706662e+01 -3.448313419368956301e-01 1.000000000000000056e-01
3.855421686746987575e+01 -7.855222585794963130e-01 1.000000000000000056e-01
3.895582329317269199e+01 -1.278347954740947090e+00 1.000000000000000056e-01
3.935742971887550112e+01 -1.671315304618918862e+00 1.000000000000000056e-01
3.975903614457831026e+01 -1.887386702344008960e+00 1.000000000000000056e-01
4.016064257028112650e+01 -1.449564337717863527e+00 1.000000000000000056e-01
4.056224899598393563e+01 -9.752235716843311586e-01 1.000000000000000056e-01
4.096385542168674476e+01 -7.393602078001879629e-01 1.000000000000000056e-01
4.136546184738956100e+01 -6.206405434026511792e-01 1.000000000000000056e-01
4.176706827309237013e+01 -8.247405387411428368e-01 1.000000000000000056e-01
4.216867469879517927e+01 -6.263241432726712743e-01 1.000000000000000056e-01
4.257028112449798840e+01 -1.129774389310835569e-01 1.000000000000000056e-01
4.297188755020080464e+01 7.621600915684602073e-01 1.000000000000000056e-01
4.337349397590361377e+01 1.301586942536571589e+00 1.000000000000000056e-01
4.377510040160642291e+01 1.240057672327266935e+00 1.000000000000000056e-01
4.417670682730923915e+01 9.531388944801066909e-01 1.000000000000000056e-01
4.457831325301204828e+01 5.216058808313548401e-01 1.000000000000000056e-01
4.497991967871485741e+01 4.900456198043962042e-02 1.000000000000000056e-01
4.538152610441767365e+01 -1.478243950771266080e-01 1.000000000000000056e-01
4.578313253012048278e+01 -3.577505793118642141e-01 1.000000000000000056e-01
4.618473895582329192e+01 4.047774016809861652e-02 1.000000000000000056e-01
4.658634538152610105e+01 -1.866318897793888820e-01 1.000000000000000056e-01
4.698795180722891729e+01 -2.549803354551529733e-01 1.000000000000000056e-01
4.738955823293172642e+01 -7.359315431215860404e-01 1.000000000000000056e-01
4.779116465863453556e+01 -8.173795002508361662e-01 1.000000000000000056e-01
4.819277108433735179e+01 -1.005490114114560685e+00 1.000000000000000056e-01
4.859437751004016093e+01 -1.016120453783896593e+00 1.000000000000000056e-01
4.899598393574297006e+01 -4.679534012500524143e-01 1.000000000000000056e-01
4.939759036144578630e+01 -2.439327762512733533e-01 1.000000000000000056e-01
4.979919678714859543e+01 -3.062536627652117094e-01 1.000000000000000056e-01
5.020080321285140457e+01 -1.110212327971222823e-01 1.000000000000000056e-01
5.060240963855421370e+01 -3.205109658375352444e-01 1.000000000000000056e-01
5.100401606425702994e+01 -2.116054146084293264e-01 1.000000000000000056e-01
5.140562248995983907e+01 -2.411788573135075497e-01 1.000000000000000056e-01
5.180722891566264821e+01 9.090272288011765067e-02 1.000000000000000056e-01
5.220883534136546444e+01 3.656465149183189545e-01 1.000000000000000056e-01
5.261044176706827358e+01 4.337472525695830750e-01 1.000000000000000056e-01
5.301204819277108271e+01 5.675064887151054505e-01 1.000000000000000056e-01
5.341365461847389184e+01 9.964883000307865890e-01 1.000000000000000056e-01
5.381526104417670808e+01 1.122830852509068444e+00 1.000000000000000056e-01
5.421686746987951722e+01 1.140550741850044236e+00 1.000000000000000056e-01
5.461847389558232635e+01 1.405522584265070041e+00 1.000000000000000056e-01
5.502008032128514259e+01 1.385078478711408545e+00 1.000000000000000056e-01
5.542168674698795172e+01 1.169190569467884355e+00 1.000000000000000056e-01
5.582329317269076085e+01 1.162341964365430691e+00 1.000000000000000056e-01
5.622489959839357709e+01 7.537406973197878779e-01 1.000000000000000056e-01
5.662650602409638623e+01 3.920618328165546007e-01 1.000000000000000056e-01
5.702811244979919536e+01 -3.098978800890660468e-01 1.000000000000000056e-01
5.742971887550200449e+01 -6.369088897143583283e-01 1.000000000000000056e-01
5.783132530120482073e+01 -1.331413950458714801e+00 1.000000000000000056e-01
5.823293172690762987e+01 -1.852314167419961244e+00 1.000000000000000056e-01
5.863453815261043900e+01 -2.347391079342826536e+00 1.000000000000000056e-01
5.903614457831325524e+01 -2.192374286680072615e+00 1.000000000000000056e-01
5.943775100401606437e+01 -1.899676830238319791e+00 1.000000000000000056e-01
5.983935742971887350e+01 -9.695229590394447428e-01 1.000000000000000056e-01
6.024096385542168974e+01 1.468750163551031107e-01 1.000000000000000056e-01
6.064257028112449888e+01 1.281265868300597299e+00 1.000000000000000056e-01
6.104417670682730801e+01 2.137378312119835311e+00 1.000000000000000056e-01
6.144578313253011714e+01 3.171988415873194356e+00 1.000000000000000056e-01
6.184738955823293338e+01 4.023678570553338218e+00 1.000000000000000056e-01
6.224899598393574252e+01 4.480342905088995131e+00 1.000000000000000056e-01
6.265060240963855165e+01 4.715008250104374632e+00 1.000000000000000056e-01
6.305220883534136789e+01 4.370670418986296824e+00 1.000000000000000056e-01
6.345381526104417702e+01 3.896277999980338969e+00 1.000000000000000056e-01
6.385542168674698615e+01 2.815924721016141330e+00 1.000000000000000056e-01
6.425702811244980239e+01 2.209170048179905255e+00 1.000000000000000056e-01
6.465863453815261153e+01 1.894941841115809433e+00 1.000000000000000056e-01
6.506024096385542066e+01 1.779106295352201439e+00 1.000000000000000056e-01
6.546184738955822979e+01 1.846710375132972537e+00 1.000000000000000056e-01
6.586345381526103893e+01 1.995842076302869028e+00 1.000000000000000056e-01
6.626506024096384806e+01 2.074344105522231363e+00 1.000000000000000056e-01
6.666666666666667140e+01 1.888948355154484338e+00 1.000000000000000056e-01
6.706827309236948054e+01 1.711487893142431549e+00 1.000000000000000056e-01
6.746987951807228967e+01 9.767615176257409271e-01 1.000000000000000056e-01
6.787148594377509880e+01 3.316096627925213536e-01 1.000000000000000056e-01
6.827309236947790794e+01 -6.831698073364211865e-02 1.000000000000000056e-01
6.867469879518071707e+01 -2.693483254057753573e-01 1.000000000000000056e-01
6.907630522088354041e+01 -2.243983431209456980e-01 1.000000000000000056e-01
6.947791164658634955e+01 -2.966573868077218012e-01 1.000000000000000056e-01
6.987951807228915868e+01 -3.536762828692537886e-01 1.000000000000000056e-01
7.028112449799196781e+01 -4.992187366563866080e-01 1.000000000000000056e-01
7.068273092369477695e+01 -5.577967711830816855e-01 1.000000000000000056e-01
7.108433734939758608e+01 -4.604603171308715437e-01 1.000000000000000056e-01
7.148594377510039521e+01 -4.676715892484515358e-01 1.000000000000000056e-01
7.188755020080321856e+01 -5.206406170113115905e-01 1.000000000000000056e-01
7.228915662650602769e+01 -7.025556941745774164e-01 1.000000000000000056e-01
7.269076305220883683e+01 -5.667418278701131795e-01 1.000000000000000056e-01
7.309236947791164596e+01 1.304861879983922890e-01 1.000000000000000056e-01
7.349397590361445509e+01 4.862271785218256759e-01 1.000000000000000056e-01
7.389558232931726423e+01 7.973485165982826528e-01 1.000000000000000056e-01
7.429718875502007336e+01 7.233208438850828870e-01 1.000000000000000056e-01
7.469879518072289670e+01 5.638284721339698047e-01 1.000000000000000056e-01
7.510040160642570584e+01 3.407172826596410187e-01 1.000000000000000056e-01
7.550200803212851497e+01 3.976399268692509814e-01 1.000000000000000056e-01
7.590361445783132410e+01 1.050284538493235997e+00 1.000000000000000056e-01
7.630522088353413324e+01 1.491750655593112151e+00 1.000000000000000056e-01
7.670682730923694237e+01 2.290870075275630580e+00 1.000000000000000056e-01
7.710843373493975150e+01 2.606036153771697617e+00 1.000000000000000056e-01
7.751004016064257485e+01 2.547973686526210813e+00 1.000000000000000056e-01
7.791164658634538398e+01 2.682709302719907818e+00 1.000000000000000056e-01
7.831325301204819311e+01 2.484964161338824695e+00 1.000000000000000056e-01
7.871485943775100225e+01 2.343249281692296293e+00 1.000000000000000056e-01
7.911646586345381138e+01 2.248638442950217975e+00 1.000000000000000056e-01
7.951807228915662051e+01 1.977783421853986701e+00 1.000000000000000056e-01
7.991967871485944386e+01 1.517040899171569368e+00 1.000000000000000056e-01
8.032128514056225299e+01 1.152117191394556261e+00 1.000000000000000056e-01
8.072289156626506212e+01 8.401994477953614870e-01 1.000000000000000056e-01
8.112449799196787126e+01 8.705547420576298379e-01 1.000000000000000056e-01
8.152610441767068039e+01 1.092256776496653314e+00 1.000000000000000056e-01
8.192771084337348952e+01 1.257369013442687589e+00 1.000000000000000056e-01
8.232931726907629866e+01 1.336363904936231695e+00 1.000000000000000056e-01
8.273092369477912200e+01 9.253134448361173270e-01 1.000000000000000056e-01
8.313253012048193114e+01 6.671971429198053638e-01 1.000000000000000056e-01
8.353413654618474027e+01 1.738212723972701323e-01 1.000000000000000056e-01
8.393574297188754940e+01 -2.648360066141547953e-01 1.000000000000000056e-01
8.433734939759035854e+01 -5.679358677707591063e-01 1.000000000000000056e-01
8.473895582329316767e+01 -7.720664850037675109e-01 1.000000000000000056e-01
8.514056224899597680e+01 -7.394377315961893071e-01 1.000000000000000056e-01
8.554216867469880015e+01 -7.013385190104960420e-01 1.000000000000000056e-01
8.594377510040160928e+01 -7.735583821093949819e-01 1.000000000000000056e-01
8.634538152610441841e+01 -5.765605922279228857e-01 1.000000000000000056e-01
8.674698795180722755e+01 -5.576896221728899761e-01 1.000000000000000056e-01
8.714859437751003668e+01 -3.798123139104376822e-01 1.000000000000000056e-01
8.755020080321284581e+01 -4.282426060592597339e-01 1.000000000000000056e-01
8.795180722891566916e+01 -2.466088744446979508e-01 1.000000000000000056e-01
8.835341365461847829e+01 -6.929241968349755809e-02 1.000000000000000056e-01
8.875502008032128742e+01 3.728113731592053726e-01 1.000000000000000056e-01
8.915662650602409656e+01 6.956550155908725053e-01 1.000000000000000056e-01
8.955823293172690569e+01 9.749581947491667844e-01 1.000000000000000056e-01
8.995983935742971482e+01 1.277459231713587773e+00 1.000000000000000056e-01
9.036144578313252396e+01 1.296488755290027051e+00 1.000000000000000056e-01
9.076305220883534730e+01 4.892920421638116135e-01 1.000000000000000056e-01
9.116465863453815643e+01 1.745994282254817453e-01 1.000000000000000056e-01
9.156626506024096557e+01 -3.400150507832467306e-01 1.000000000000000056e-01
9.196787148594377470e+01 -7.223313852438915106e-01 1.000000000000000056e-01
9.236947791164658383e+01 -1.052501357668755855e+00 1.000000000000000056e-01
9.277108433734939297e+01 -1.276623722944524086e+00 1.000000000000000056e-01
9.317269076305220210e+01 -1.166528824674416764e+00 1.000000000000000056e-01
9.357429718875502545e+01 -7.458958127447831155e-01 1.000000000000000056e-01
9.397590361445783458e+01 -2.145333747117506018e-01 1.000000000000000056e-01
9.437751004016064371e+01 1.967492473172358647e-01 1.000000000000000056e-01
9.477911646586345285e+01 4.145901085751264037e-01 1.000000000000000056e-01
9.518072289156626198e+01 2.833578428939661498e-01 1.000000000000000056e-01
9.558232931726907111e+01 -3.499871183724649892e-01 1.000000000000000056e-01
9.598393574297188025e+01 -6.610062369649660763e-01 1.000000000000000056e-01
9.638554216867470359e+01 -1.619289684474960245e+00 1.000000000000000056e-01
9.678714859437751272e+01 -2.209760922501798230e+00 1.000000000000000056e-01
9.718875502008032186e+01 -2.833900964978253167e+00 1.000000000000000056e-01
9.759036144578313099e+01 -2.774489056314686231e+00 1.000000000000000056e-01
9.799196787148594012e+01 -2.426878284181217982e+00 1.000000000000000056e-01
9.839357429718874926e+01 -2.078501973346079890e+00 1.000000000000000056e-01
9.879518072289157260e+01 -1.135439256731149538e+00 1.000000000000000056e-01
9.919678714859438173e+01 -3.536897541499987863e-02 1.000000000000000056e-01
9.959839357429719087e+01 8.042939744383732492e-01 1.000000000000000056e-01
1.000000000000000000e+02 1.218664987344504569e+00 1.000000000000000056e-01
