0.000000000000000000e+00 -2.732582632953384216e+00 1.000000000000000056e-01
4.016064257028112428e-01 -2.826238164340242776e+00 1.000000000000000056e-01
8.032128514056224855e-01 -1.816746133204198976e+00 1.000000000000000056e-01
1.204819277108433617e+00 -6.325725955713541460e-01 1.000000000000000056e-01
1.606425702811244971e+00 3.409872044562444193e-01 1.000000000000000056e-01
2.008032128514056325e+00 5.676901470835014063e-01 1.000000000000000056e-01
2.409638554216867234e+00 2.610078045151867365e-01 1.000000000000000056e-01
2.811244979919678588e+00 -4.241214656706739916e-01 1.000000000000000056e-01
3.212851405622489942e+00 -1.319644436521885122e+00 1.000000000000000056e-01
3.614457831325301296e+00 -1.754513715711620403e+00 1.000000000000000056e-01
4.016064257028112650e+00 -2.376305091284698356e+00 1.000000000000000056e-01
4.417670682730923559e+00 -2.869209266901406874e+00 1.000000000000000056e-01
4.819277108433734469e+00 -2.855987731478535352e+00 1.000000000000000056e-01
5.220883534136546267e+00 -2.097018374668774499e+00 1.000000000000000056e-01
5.622489959839357176e+00 -1.529673364864338136e+00 1.000000000000000056e-01
6.024096385542168974e+00 -8.031551809429073874e-01 1.000000000000000056e-01
6.425702811244979884e+00 -2.033692232457036952e-01 1.000000000000000056e-01
6.827309236947790794e+00 -4.737651020383591705e-02 1.000000000000000056e-01
7.228915662650602592e+00 -2.269743061283158170e-01 1.000000000000000056e-01
7.630522088353413501e+00 -2.070872183713914072e-01 1.000000000000000056e-01
8.032128514056225299e+00 -1.388691947496267787e-01 1.000000000000000056e-01
8.433734939759036209e+00 4.120392216358181314e-01 1.000000000000000056e-01
8.835341365461847118e+00 6.313865185457121498e-01 1.000000000000000056e-01
9.236947791164658028e+00 5.394664324193039207e-01 1.000000000000000056e-01
9.638554216867468938e+00 -1.570411934774871843e-01 1.000000000000000056e-01
1.004016064257028162e+01 -1.069151929080947472e+00 1.000000000000000056e-01
1.044176706827309253e+01 -1.918275910971357634e+00 1.000000000000000056e-01
1.084337349397590344e+01 -2.136393462651607678e+00 1.000000000000000056e-01
1.124497991967871435e+01 -1.829309486606333079e+00 1.000000000000000056e-01
1.164658634538152526e+01 -9.135673559861801074e-01 1.000000000000000056e-01
1.204819277108433795e+01 3.012665497758617028e-01 1.000000000000000056e-01
1.244979919678714886e+01 1.676276160120135916e+00 1.000000000000000056e-01
1.285140562248995977e+01 2.201435024546252617e+00 1.000000000000000056e-01
1.325301204819277068e+01 2.339992136836146486e+00 1.000000000000000056e-01
1.365461847389558159e+01 2.129328206917238120e+00 1.000000000000000056e-01
1.405622489959839427e+01 1.778241163505751343e+00 1.000000000000000056e-01
1.445783132530120518e+01 1.096937993738717143e+00 1.000000000000000056e-01
1.485943775100401609e+01 5.295011286548223506e-01 1.000000000000000056e-01
1.526104417670682700e+01 1.021243647220593381e-01 1.000000000000000056e-01
1.566265060240963791e+01 -1.252464298722917035e-01 1.000000000000000056e-01
1.606425702811245060e+01 -2.434228380964661154e-01 1.000000000000000056e-01
1.646586345381525973e+01 -2.534936272159012127e-02 1.000000000000000056e-01
1.686746987951807242e+01 -7.762589033995881405e-02 1.000000000000000056e-01
1.726907630522088510e+01 1.284603388279032532e-01 1.000000000000000056e-01
1.767068273092369424e+01 6.017273734669889573e-02 1.000000000000000056e-01
1.807228915662650692e+01 2.149561415360253247e-01 1.000000000000000056e-01
1.847389558232931606e+01 3.805203816449171939e-01 1.000000000000000056e-01
1.887550200803212874e+01 2.652338284740070051e-01 1.000000000000000056e-01
1.927710843373493788e+01 1.313755941171782515e-01 1.000000000000000056e-01
1.967871485943775056e+01 3.588633383412331845e-01 1.000000000000000056e-01
2.008032128514056325e+01 3.560314511340202381e-01 1.000000000000000056e-01
2.048192771084337238e+01 4.392920173178833654e-01 1.000000000000000056e-01
2.088353413654618507e+01 4.385418883827975622e-01 1.000000000000000056e-01
2.128514056224899420e+01 -1.439323022581796840e-03 1.000000000000000056e-01
2.168674698795180689e+01 -6.490590603856800644e-01 1.000000000000000056e-01
2.208835341365461957e+01 -1.137941601077202103e+00 1.000000000000000056e-01
2.248995983935742871e+01 -1.359786986311962487e+00 1.000000000000000056e-01
2.289156626506024139e+01 -1.086696399507567801e+00 1.000000000000000056e-01
2.329317269076305053e+01 -8.565013832339991584e-01 1.000000000000000056e-01
2.369477911646586321e+01 -3.463887896732836813e-01 1.000000000000000056e-01
2.409638554216867590e+01 2.746282758782002675e-01 1.000000000000000056e-01
2.449799196787148503e+01 8.970694249363772022e-01 1.000000000000000056e-01
2.489959839357429772e+01 1.373995143561090204e+00 1.000000000000000056e-01
2.530120481927710685e+01 1.459386146908960180e+00 1.000000000000000056e-01
2.570281124497991954e+01 1.026176483352234214e+00 1.000000000000000056e-01
2.610441767068273222e+01 8.229988880048004773e-01 1.000000000000000056e-01
2.650602409638554136e+01 1.427609781806664646e-01 1.000000000000000056e-01
2.690763052208835404e+01 -2.693855042938456679e-01 1.000000000000000056e-01
2.730923694779116317e+01 -6.428354143395172970e-01 1.000000000000000056e-01
2.771084337349397586e+01 -2.764048549900359197e-01 1.000000000000000056e-01
2.811244979919678855e+01 4.443998602501308959e-01 1.000000000000000056e-01
2.851405622489959768e+01 1.539654639984769702e+00 1.000000000000000056e-01
2.891566265060241037e+01 2.213041337768866690e+00 1.000000000000000056e-01
2.931726907630521950e+01 2.757162387912293511e+00 1.000000000000000056e-01
2.971887550200803219e+01 2.731817432245351007e+00 1.000000000000000056e-01
3.012048192771084487e+01 2.508496069447122778e+00 1.000000000000000056e-01
3.052208835341365400e+01 2.344543094912423076e+00 1.000000000000000056e-01
3.092369477911646669e+01 2.128162167836587404e+00 1.000000000000000056e-01
3.132530120481927582e+01 1.615930394882329146e+00 1.000000000000000056e-01
3.172690763052208851e+01 6.117305325419949424e-01 1.000000000000000056e-01
3.212851405622490120e+01 -3.968422538893147111e-01 1.000000000000000056e-01
3.253012048192771033e+01 -1.249962426429609863e+00 1.000000000000000056e-01
3.293172690763051946e+01 -1.567722736930934557e+00 1.000000000000000056e-01
3.333333333333333570e+01 -1.269700122609000559e+00 1.000000000000000056e-01
3.373493975903614484e+01 -7.671831933523105551e-01 1.000000000000000056e-01
3.413654618473895397e+01 -1.460554341620602103e-01 1.000000000000000056e-01
3.453815261044177021e+01 2.451917482971490148e-01 1.000000000000000056e-01
3.493975903614457934e+01 4.622862870130702850e-01 1.000000000000000056e-01
3.534136546184738847e+01 3.675800878037097652e-01 1.000000000000000056e-01
3.574297188755019761e+01 -4.416203714724558083e-01 1.000000000000000056e-01
3.614457831325301385e+01 -1.040666526838018635e+00 1.000000000000000056e-01
3.654618473895582298e+01 -1.664389779509051426e+00 1.000000000000000056e-01
3.694779116465863211e+01 -2.040918726721143717e+00 1.000000000000000056e-01
3.734939759036144835e+01 -1.796820202401931077e+00 1.000000000000000056e-01
3.775100401606425748e+01 -1.674000531764667787e+00 1.000000000000000056e-01
3.815261044176706662e+01 -1.105863300332811550e+00 1.000000000000000056e-01
3.855421686746987575e+01 -1.644707654539510622e-01 1.000000000000000056e-01
3.895582329317269199e+01 8.598014165415006627e-01 1.000000000000000056e-01
3.935742971887550112e+01 1.920805886814423769e+00 1.000000000000000056e-01
3.975903614457831026e+01 2.614045497535291585e+00 1.000000000000000056e-01
4.016064257028112650e+01 2.570025548333684462e+00 1.000000000000000056e-01
4.056224899598393563e+01 1.913798030044363108e+00 1.000000000000000056e-01
4.096385542168674476e+01 1.345822084311162792e+00 1.000000000000000056e-01
4.136546184738956100e+01 4.470075270677056900e-01 1.000000000000000056e-01
4.176706827309237013e+01 -1.571581885079511853e-01 1.000000000000000056e-01
4.216867469879517927e+01 -1.841184984519186607e-01 1.000000000000000056e-01
4.257028112449798840e+01 3.357424435493051029e-01 1.000000000000000056e-01
4.297188755020080464e+01 8.432964558683984091e-01 1.000000000000000056e-01
4.337349397590361377e+01 1.315363926867536781e+00 1.000000000000000056e-01
4.377510040160642291e+01 1.355995946128973673e+00 1.000000000000000056e-01
4.417670682730923915e+01 1.029314001080941399e+00 1.000000000000000056e-01
4.457831325301204828e+01 3.978736055428604979e-01 1.000000000000000056e-01
4.497991967871485741e+01 1.585413415322164954e-01 1.000000000000000056e-01
4.538152610441767365e+01 1.790703205405867748e-01 1.000000000000000056e-01
4.578313253012048278e+01 -7.574906605261888526e-04 1.000000000000000056e-01
4.618473895582329192e+01 4.385000276701330746e-01 1.000000000000000056e-01
4.658634538152610105e+01 7.317387046591361521e-01 1.000000000000000056e-01
4.698795180722891729e+01 8.707572830055938518e-01 1.000000000000000056e-01
4.738955823293172642e+01 4.271321411597909234e-01 1.000000000000000056e-01
4.779116465863453556e+01 4.681081271682858980e-02 1.000000000000000056e-01
4.819277108433735179e+01 -8.139550637023108548e-01 1.000000000000000056e-01
4.859437751004016093e+01 -9.815215349074964957e-01 1.000000000000000056e-01
4.899598393574297006e+01 -8.996081946811627095e-01 1.000000000000000056e-01
4.939759036144578630e+01 -3.471550495863903740e-01 1.000000000000000056e-01
4.979919678714859543e+01 1.272846531466923642e-02 1.000000000000000056e-01
5.020080321285140457e+01 1.214885718666641745e-02 1.000000000000000056e-01
5.060240963855421370e+01 1.837494824836570229e-01 1.000000000000000056e-01
5.100401606425702994e+01 4.134144366401113491e-01 1.000000000000000056e-01
5.140562248995983907e+01 9.664845464734677094e-01 1.000000000000000056e-01
5.180722891566264821e+01 1.549059981654078877e+00 1.000000000000000056e-01
5.220883534136546444e+01 1.988191029477040850e+00 1.000000000000000056e-01
5.261044176706827358e+01 1.811640167400158319e+00 1.000000000000000056e-01
5.301204819277108271e+01 1.364833456224541219e+00 1.000000000000000056e-01
5.341365461847389184e+01 1.479942097651197663e+00 1.000000000000000056e-01
5.381526104417670808e+01 1.297075612131297184e+00 1.000000000000000056e-01
5.421686746987951722e+01 1.135189894570488134e+00 1.000000000000000056e-01
5.461847389558232635e+01 1.005874950777535526e+00 1.000000000000000056e-01
5.502008032128514259e+01 9.277251594616228170e-01 1.000000000000000056e-01
5.542168674698795172e+01 1.000426477543557402e+00 1.000000000000000056e-01
5.582329317269076085e+01 1.143346818059151060e+00 1.000000000000000056e-01
5.622489959839357709e+01 1.814427546132729052e+00 1.000000000000000056e-01
5.662650602409638623e+01 2.678125325774294296e+00 1.000000000000000056e-01
5.702811244979919536e+01 2.588093136953252049e+00 1.000000000000000056e-01
5.742971887550200449e+01 2.353795909247857310e+00 1.000000000000000056e-01
5.783132530120482073e+01 1.617922397053105144e+00 1.000000000000000056e-01
5.823293172690762987e+01 6.262858365995706000e-01 1.000000000000000056e-01
5.863453815261043900e+01 -2.102283983994370220e-01 1.000000000000000056e-01
5.903614457831325524e+01 -2.164977270801909937e-01 1.000000000000000056e-01
5.943775100401606437e+01 -8.513536995594661594e-02 1.000000000000000056e-01
5.983935742971887350e+01 -3.113587111234514260e-01 1.000000000000000056e-01
6.024096385542168974e+01 -4.426583899213573647e-01 1.000000000000000056e-01
6.064257028112449888e+01 -5.648281293286228077e-01 1.000000000000000056e-01
6.104417670682730801e+01 -7.528796504604472473e-01 1.000000000000000056e-01
6.144578313253011714e+01 -3.807073431356198800e-01 1.000000000000000056e-01
6.184738955823293338e+01 1.914754533042384854e-01 1.000000000000000056e-01
6.224899598393574252e+01 6.499084580468621475e-01 1.000000000000000056e-01
6.265060240963855165e+01 1.064126936272923540e+00 1.000000000000000056e-01
6.305220883534136789e+01 1.177051930870862018e+00 1.000000000000000056e-01
6.345381526104417702e+01 1.416386260522787044e+00 1.000000000000000056e-01
6.385542168674698615e+01 1.637139765219548071e+00 1.000000000000000056e-01
6.425702811244980239e+01 1.434626239264296110e+00 1.000000000000000056e-01
6.465863453815261153e+01 1.348599896930087860e+00 1.000000000000000056e-01
6.506024096385542066e+01 8.689830887581646568e-01 1.000000000000000056e-01
6.546184738955822979e+01 8.099989950629371549e-01 1.000000000000000056e-01
6.586345381526103893e+01 9.241898134532948728e-01 1.000000000000000056e-01
6.626506024096384806e+01 1.169754677576783308e+00 1.000000000000000056e-01
6.666666666666667140e+01 9.421346940562076444e-01 1.000000000000000056e-01
6.706827309236948054e+01 3.559976105359586862e-01 1.000000000000000056e-01
6.746987951807228967e+01 -6.441761878082197246e-01 1.000000000000000056e-01
6.787148594377509880e+01 -1.157310473994217492e+00 1.000000000000000056e-01
6.827309236947790794e+01 -1.718088697990173275e+00 1.000000000000000056e-01
6.867469879518071707e+01 -1.343769903409699928e+00 1.000000000000000056e-01
6.907630522088354041e+01 -4.133792692309170569e-01 1.000000000000000056e-01
6.947791164658634955e+01 1.354820851282471650e-01 1.000000000000000056e-01
6.987951807228915868e+01 5.356403711901742692e-01 1.000000000000000056e-01
7.028112449799196781e+01 5.398504186841937003e-01 1.000000000000000056e-01
7.068273092369477695e+01 1.963215089622845078e-01 1.000000000000000056e-01
7.108433734939758608e+01 -1.737368378799757640e-01 1.000000000000000056e-01
7.148594377510039521e+01 -6.416544501876902951e-02 1.000000000000000056e-01
7.188755020080321856e+01 4.990037991579819865e-01 1.000000000000000056e-01
7.228915662650602769e+01 1.146332919635822956e+00 1.000000000000000056e-01
7.269076305220883683e+01 1.600640596026178031e+00 1.000000000000000056e-01
7.309236947791164596e+01 2.378074497059591952e+00 1.000000000000000056e-01
7.349397590361445509e+01 2.472998832340757680e+00 1.000000000000000056e-01
7.389558232931726423e+01 2.470972973006124285e+00 1.000000000000000056e-01
7.429718875502007336e+01 2.027015013145402555e+00 1.000000000000000056e-01
7.469879518072289670e+01 1.218229590187052569e+00 1.000000000000000056e-01
7.510040160642570584e+01 1.391227775127623079e-01 1.000000000000000056e-01
7.550200803212851497e+01 -1.311927266563240657e+00 1.000000000000000056e-01
7.590361445783132410e+01 -1.885546653564545538e+00 1.000000000000000056e-01
7.630522088353413324e+01 -2.160571733287172780e+00 1.000000000000000056e-01
7.670682730923694237e+01 -1.726895134680656030e+00 1.000000000000000056e-01
7.710843373493975150e+01 -1.080143889675147850e+00 1.000000000000000056e-01
7.751004016064257485e+01 -5.234111680249032839e-01 1.000000000000000056e-01
7.791164658634538398e+01 -5.397096739220246242e-01 1.000000000000000056e-01
7.831325301204819311e+01 -5.542622573163302757e-01 1.000000000000000056e-01
7.871485943775100225e+01 -5.133566869088400653e-01 1.000000000000000056e-01
7.911646586345381138e+01 -4.535419089126910275e-01 1.000000000000000056e-01
7.951807228915662051e+01 -4.413879194571460052e-02 1.000000000000000056e-01
7.991967871485944386e+01 6.362785976681235578e-01 1.000000000000000056e-01
8.032128514056225299e+01 9.678057656678401566e-01 1.000000000000000056e-01
8.072289156626506212e+01 1.448327984798223778e+00 1.000000000000000056e-01
8.112449799196787126e+01 1.485157555206603197e+00 1.000000000000000056e-01
8.152610441767068039e+01 1.605795779264849399e+00 1.000000000000000056e-01
8.192771084337348952e+01 1.888449010430107711e+00 1.000000000000000056e-01
8.232931726907629866e+01 2.100025172231739568e+00 1.000000000000000056e-01
8.273092369477912200e+01 2.822991075994569332e+00 1.000000000000000056e-01
8.313253012048193114e+01 3.406983848500386713e+00 1.000000000000000056e-01
8.353413654618474027e+01 3.814918868236286453e+00 1.000000000000000056e-01
8.393574297188754940e+01 3.753756730677149545e+00 1.000000000000000056e-01
8.433734939759035854e+01 3.062259195568603598e+00 1.000000000000000056e-01
8.473895582329316767e+01 2.472223205733798057e+00 1.000000000000000056e-01
8.514056224899597680e+01 1.871459439073235309e+00 1.000000000000000056e-01
8.554216867469880015e+01 1.739970506932573047e+00 1.000000000000000056e-01
8.594377510040160928e+01 1.457089499672761690e+00 1.000000000000000056e-01
8.634538152610441841e+01 1.287793757539345441e+00 1.000000000000000056e-01
8.674698795180722755e+01 8.660923967563920467e-01 1.000000000000000056e-01
8.714859437751003668e+01 9.208631771181771120e-01 1.000000000000000056e-01
8.755020080321284581e+01 4.900468475697065118e-01 1.000000000000000056e-01
8.795180722891566916e+01 3.624170964372513959e-01 1.000000000000000056e-01
8.835341365461847829e+01 4.062588750058060416e-01 1.000000000000000056e-01
8.875502008032128742e+01 6.630512089342042170e-01 1.000000000000000056e-01
8.915662650602409656e+01 7.103435051967179614e-01 1.000000000000000056e-01
8.955823293172690569e+01 8.803441812044463521e-01 1.000000000000000056e-01
8.995983935742971482e+01 9.384642115520916983e-01 1.000000000000000056e-01
9.036144578313252396e+01 7.669921753413175836e-01 1.000000000000000056e-01
9.076305220883534730e+01 2.070911356129903624e-01 1.000000000000000056e-01
9.116465863453815643e+01 -4.326989166375505014e-01 1.000000000000000056e-01
9.156626506024096557e+01 -8.060699614757532716e-01 1.000000000000000056e-01
9.196787148594377470e+01 -8.184838538855906398e-01 1.000000000000000056e-01
9.236947791164658383e+01 -8.769185246511516096e-01 1.000000000000000056e-01
9.277108433734939297e+01 -6.254442696358014642e-01 1.000000000000000056e-01
9.317269076305220210e+01 -1.718601926220962306e-01 1.000000000000000056e-01
9.357429718875502545e+01 3.597684388614010853e-01 1.000000000000000056e-01
9.397590361445783458e+01 6.925639989200932378e-01 1.000000000000000056e-01
9.437751004016064371e+01 1.217655248946348356e+00 1.000000000000000056e-01
9.477911646586345285e+01 1.303977595325640726e+00 1.000000000000000056e-01
9.518072289156626198e+01 9.134030665697262519e-01 1.000000000000000056e-01
9.558232931726907111e+01 4.469689359655620864e-01 1.000000000000000056e-01
9.598393574297188025e+01 -2.019981065945677945e-02 1.000000000000000056e-01
9.638554216867470359e+01 -2.495404370816473316e-01 1.000000000000000056e-01
9.678714859437751272e+01 -2.803697617676319531e-01 1.000000000000000056e-01
9.718875502008032186e+01 -4.512739303735232022e-01 1.000000000000000056e-01
9.759036144578313099e+01 -3.213238802401626182e-01 1.000000000000000056e-01
9.799196787148594012e+01 5.388125150554783360e-01 1.000000000000000056e-01
9.839357429718874926e+01 1.474269373001590999e+00 1.000000000000000056e-01
9.879518072289157260e+01 1.916175676983483678e+00 1.000000000000000056e-01
9.919678714859438173e+01 1.604927179596126408e+00 1.000000000000000056e-01
9.959839357429719087e+01 1.323880033555742131e+00 1.000000000000000056e-01
1.000000000000000000e+02 1.325371401167859231e+00 1.000000000000000056e-01
