0.000000000000000000e+00 -8.879176488618431562e-02 1.000000000000000056e-01
4.016064257028112428e-01 -4.426718934190673194e-01 1.000000000000000056e-01
8.032128514056224855e-01 -5.379482687238379413e-01 1.000000000000000056e-01
1.204819277108433617e+00 -4.498500019832248342e-01 1.000000000000000056e-01
1.606425702811244971e+00 -1.822895095975773094e-01 1.000000000000000056e-01
2.008032128514056325e+00 -9.424562663738708657e-02 1.000000000000000056e-01
2.409638554216867234e+00 5.617950633022249507e-01 1.000000000000000056e-01
2.811244979919678588e+00 7.218847404643101706e-01 1.000000000000000056e-01
3.212851405622489942e+00 1.167411160298391648e+00 1.000000000000000056e-01
3.614457831325301296e+00 1.413728021926247802e+00 1.000000000000000056e-01
4.016064257028112650e+00 1.443217712422628640e+00 1.000000000000000056e-01
4.417670682730923559e+00 1.702622475405641822e+00 1.000000000000000056e-01
4.819277108433734469e+00 1.690495128816315251e+00 1.000000000000000056e-01
5.220883534136546267e+00 1.600349891606709596e+00 1.000000000000000056e-01
5.622489959839357176e+00 1.581176382503875599e+00 1.000000000000000056e-01
6.024096385542168974e+00 1.316076981299585613e+00 1.000000000000000056e-01
6.425702811244979884e+00 6.742353411179932143e-01 1.000000000000000056e-01
6.827309236947790794e+00 4.349687342731449469e-02 1.000000000000000056e-01
7.228915662650602592e+00 -4.488458128703382011e-01 1.000000000000000056e-01
7.630522088353413501e+00 -5.758565796782653123e-01 1.000000000000000056e-01
8.032128514056225299e+00 -6.280562270110746637e-01 1.000000000000000056e-01
8.433734939759036209e+00 -1.762569514050110198e-01 1.000000000000000056e-01
8.835341365461847118e+00 1.437851327350530006e-01 1.000000000000000056e-01
9.236947791164658028e+00 3.395466461922260759e-01 1.000000000000000056e-01
9.638554216867468938e+00 5.601807329128624113e-01 1.000000000000000056e-01
1.004016064257028162e+01 3.220377354637269929e-01 1.000000000000000056e-01
1.044176706827309253e+01 2.217967247161765909e-01 1.000000000000000056e-01
1.084337349397590344e+01 3.714473897628109422e-02 1.000000000000000056e-01
1.124497991967871435e+01 3.652385586164590414e-01 1.000000000000000056e-01
1.164658634538152526e+01 5.557042123064288575e-01 1.000000000000000056e-01
1.204819277108433795e+01 1.139600726096775540e+00 1.000000000000000056e-01
1.244979919678714886e+01 1.525018423987657412e+00 1.000000000000000056e-01
1.285140562248995977e+01 1.748474728052079152e+00 1.000000000000000056e-01
1.325301204819277068e+01 1.967416277523582391e+00 1.000000000000000056e-01
1.365461847389558159e+01 1.938396187719711561e+00 1.000000000000000056e-01
1.405622489959839427e+01 1.711139823012571171e+00 1.000000000000000056e-01
1.445783132530120518e+01 1.645552996230272624e+00 1.000000000000000056e-01
1.485943775100401609e+01 1.425032966605289220e+00 1.000000000000000056e-01
1.526104417670682700e+01 1.090101110888091807e+00 1.000000000000000056e-01
1.566265060240963791e+01 8.846882028842429913e-01 1.000000000000000056e-01
1.606425702811245060e+01 6.965414684399416911e-01 1.000000000000000056e-01
1.646586345381525973e+01 2.697248466136203393e-01 1.000000000000000056e-01
1.686746987951807242e+01 2.204510344672815370e-01 1.000000000000000056e-01
1.726907630522088510e+01 1.983264267601818065e-01 1.000000000000000056e-01
1.767068273092369424e+01 6.721557105977814528e-01 1.000000000000000056e-01
1.807228915662650692e+01 9.526383836007230599e-01 1.000000000000000056e-01
1.847389558232931606e+01 1.285632012139642955e+00 1.000000000000000056e-01
1.887550200803212874e+01 1.453523065180060136e+00 1.000000000000000056e-01
1.927710843373493788e+01 1.312009211018264176e+00 1.000000000000000056e-01
1.967871485943775056e+01 1.310914229227877703e+00 1.000000000000000056e-01
2.008032128514056325e+01 1.077940252902448881e+00 1.000000000000000056e-01
2.048192771084337238e+01 1.207568193810321322e+00 1.000000000000000056e-01
2.088353413654618507e+01 1.152748696497990055e+00 1.000000000000000056e-01
2.128514056224899420e+01 1.266300450316627302e+00 1.000000000000000056e-01
2.168674698795180689e+01 1.329033682364369806e+00 1.000000000000000056e-01
2.208835341365461957e+01 1.234079863946403455e+00 1.000000000000000056e-01
2.248995983935742871e+01 1.400331616651488087e+00 1.000000000000000056e-01
2.289156626506024139e+01 1.614322525632255090e+00 1.000000000000000056e-01
2.329317269076305053e+01 1.646388690506326302e+00 1.000000000000000056e-01
2.369477911646586321e+01 1.556838789197019013e+00 1.000000000000000056e-01
2.409638554216867590e+01 1.165118648179260363e+00 1.000000000000000056e-01
2.449799196787148503e+01 9.400702606819548723e-01 1.000000000000000056e-01
2.489959839357429772e+01 3.961020128089089432e-01 1.000000000000000056e-01
2.530120481927710685e+01 2.497807050006831120e-02 1.000000000000000056e-01
2.570281124497991954e+01 -4.122867777643670489e-02 1.000000000000000056e-01
2.610441767068273222e+01 -8.320392179991815962e-02 1.000000000000000056e-01
2.650602409638554136e+01 1.259605727773972506e-01 1.000000000000000056e-01
2.690763052208835404e+01 3.243922456271028376e-01 1.000000000000000056e-01
2.730923694779116317e+01 3.843676007979450193e-01 1.000000000000000056e-01
2.771084337349397586e+01 5.752418627527278172e-01 1.000000000000000056e-01
2.811244979919678855e+01 2.620839000448954015e-01 1.000000000000000056e-01
2.851405622489959768e+01 6.747692604644910108e-02 1.000000000000000056e-01
2.891566265060241037e+01 -4.535545789423118812e-01 1.000000000000000056e-01
2.931726907630521950e+01 -1.049148689950372138e+00 1.000000000000000056e-01
2.971887550200803219e+01 -1.420260597333042218e+00 1.000000000000000056e-01
3.012048192771084487e+01 -1.218487347272452892e+00 1.000000000000000056e-01
3.052208835341365400e+01 -8.298340714410251673e-01 1.000000000000000056e-01
3.092369477911646669e+01 -4.991566738102942713e-01 1.000000000000000056e-01
3.132530120481927582e+01 -1.735631078530820992e-01 1.000000000000000056e-01
3.172690763052208851e+01 -2.324602726324802027e-01 1.000000000000000056e-01
3.212851405622490120e+01 -3.186048398961668221e-02 1.000000000000000056e-01
3.253012048192771033e+01 1.562105539869244608e-01 1.000000000000000056e-01
3.293172690763051946e+01 6.571285312445238613e-01 1.000000000000000056e-01
3.333333333333333570e+01 6.734225582785596798e-01 1.000000000000000056e-01
3.373493975903614484e+01 6.723443870384836485e-01 1.000000000000000056e-01
3.413654618473895397e+01 4.612809341821090814e-01 1.000000000000000056e-01
3.453815261044177021e+01 1.421779244735930925e-01 1.000000000000000056e-01
3.493975903614457934e+01 6.044405602191844223e-02 1.000000000000000056e-01
3.534136546184738847e+01 -7.247870634372109711e-02 1.000000000000000056e-01
3.574297188755019761e+01 -4.681721033366115226e-01 1.000000000000000056e-01
3.614457831325301385e+01 -2.890085162108184669e-01 1.000000000000000056e-01
3.654618473895582298e+01 -5.921631298844562963e-01 1.000000000000000056e-01
3.694779116465863211e+01 -2.930418804938599298e-01 1.000000000000000056e-01
3.734939759036144835e+01 -3.205385040682325881e-01 1.000000000000000056e-01
3.775100401606425748e+01 -7.997085378753997498e-01 1.000000000000000056e-01
3.815261044176706662e+01 -1.090265388649140910e+00 1.000000000000000056e-01
3.855421686746987575e+01 -1.696143509704379548e+00 1.000000000000000056e-01
3.895582329317269199e+01 -2.224825224647286159e+00 1.000000000000000056e-01
3.935742971887550112e+01 -2.190980131246880180e+00 1.000000000000000056e-01
3.975903614457831026e+01 -2.198960925465656135e+00 1.000000000000000056e-01
4.016064257028112650e+01 -1.606741564164529512e+00 1.000000000000000056e-01
4.056224899598393563e+01 -1.396585145214418455e+00 1.000000000000000056e-01
4.096385542168674476e+01 -7.463788974257901110e-01 1.000000000000000056e-01
4.136546184738956100e+01 -2.038820896778415492e-01 1.000000000000000056e-01
4.176706827309237013e+01 1.371436024575019286e-01 1.000000000000000056e-01
4.216867469879517927e+01 6.831151327690269115e-01 1.000000000000000056e-01
4.257028112449798840e+01 1.219131441531039250e+00 1.000000000000000056e-01
4.297188755020080464e+01 1.271966140316202143e+00 1.000000000000000056e-01
4.337349397590361377e+01 1.538430859894135194e+00 1.000000000000000056e-01
4.377510040160642291e+01 1.252844422344389086e+00 1.000000000000000056e-01
4.417670682730923915e+01 1.061561925632263925e+00 1.000000000000000056e-01
4.457831325301204828e+01 5.609908525868497753e-01 1.000000000000000056e-01
4.497991967871485741e+01 -6.824672042200607969e-03 1.000000000000000056e-01
4.538152610441767365e+01 -4.131330849539269767e-01 1.000000000000000056e-01
4.578313253012048278e+01 -4.275546410545209564e-01 1.000000000000000056e-01
4.618473895582329192e+01 -4.649032867645116474e-01 1.000000000000000056e-01
4.658634538152610105e+01 -2.411450165369639909e-01 1.000000000000000056e-01
4.698795180722891729e+01 2.083829696532694398e-01 1.000000000000000056e-01
4.738955823293172642e+01 4.576616092263046109e-01 1.000000000000000056e-01
4.779116465863453556e+01 6.042249773449634986e-01 1.000000000000000056e-01
4.819277108433735179e+01 4.408824338106379637e-01 1.000000000000000056e-01
4.859437751004016093e+01 2.108624782801095943e-01 1.000000000000000056e-01
4.899598393574297006e+01 2.367766707529455061e-01 1.000000000000000056e-01
4.939759036144578630e+01 5.216436982242492748e-01 1.000000000000000056e-01
4.979919678714859543e+01 7.928358196846015948e-01 1.000000000000000056e-01
5.020080321285140457e+01 1.158980617272992397e+00 1.000000000000000056e-01
5.060240963855421370e+01 1.761916654556459294e+00 1.000000000000000056e-01
5.100401606425702994e+01 2.162976545026228159e+00 1.000000000000000056e-01
5.140562248995983907e+01 2.961583586879289687e+00 1.000000000000000056e-01
5.180722891566264821e+01 2.912002553296336504e+00 1.000000000000000056e-01
5.220883534136546444e+01 3.016762846215103711e+00 1.000000000000000056e-01
5.261044176706827358e+01 3.204623910019701150e+00 1.000000000000000056e-01
5.301204819277108271e+01 2.919525889295218501e+00 1.000000000000000056e-01
5.341365461847389184e+01 2.409824184109738532e+00 1.000000000000000056e-01
5.381526104417670808e+01 1.824048349025872984e+00 1.000000000000000056e-01
5.421686746987951722e+01 1.040914100458209646e+00 1.000000000000000056e-01
5.461847389558232635e+01 4.489739962862199785e-01 1.000000000000000056e-01
5.502008032128514259e+01 -2.097302189942229500e-01 1.000000000000000056e-01
5.542168674698795172e+01 -1.053395563915509925e+00 1.000000000000000056e-01
5.582329317269076085e+01 -1.320738963659943144e+00 1.000000000000000056e-01
5.622489959839357709e+01 -1.440122592417426350e+00 1.000000000000000056e-01
5.662650602409638623e+01 -1.132322209000991231e+00 1.000000000000000056e-01
5.702811244979919536e+01 -8.083819227819819542e-01 1.000000000000000056e-01
5.742971887550200449e+01 -3.117292044567911979e-01 1.000000000000000056e-01
5.783132530120482073e+01 3.058198294500398817e-01 1.000000000000000056e-01
5.823293172690762987e+01 8.306049610684316242e-01 1.000000000000000056e-01
5.863453815261043900e+01 1.272060648794115068e+00 1.000000000000000056e-01
5.903614457831325524e+01 1.077998816910883839e+00 1.000000000000000056e-01
5.943775100401606437e+01 1.035139330913581235e+00 1.000000000000000056e-01
5.983935742971887350e+01 1.363766879592795078e+00 1.000000000000000056e-01
6.024096385542168974e+01 1.255686710714277510e+00 1.000000000000000056e-01
6.064257028112449888e+01 1.436766932348992443e+00 1.000000000000000056e-01
6.104417670682730801e+01 1.412579971169467541e+00 1.000000000000000056e-01
6.144578313253011714e+01 1.214322106588683559e+00 1.000000000000000056e-01
6.184738955823293338e+01 1.215264843585069254e+00 1.000000000000000056e-01
6.224899598393574252e+01 1.050003943830752240e+00 1.000000000000000056e-01
6.265060240963855165e+01 1.062403464799817732e+00 1.000000000000000056e-01
6.305220883534136789e+01 7.601869989468125199e-01 1.000000000000000056e-01
6.345381526104417702e+01 8.752184545835741680e-01 1.000000000000000056e-01
6.385542168674698615e+01 5.048445806133009528e-01 1.000000000000000056e-01
6.425702811244980239e+01 4.786260239412279405e-02 1.000000000000000056e-01
6.465863453815261153e+01 -2.966105311272310696e-01 1.000000000000000056e-01
6.506024096385542066e+01 -7.336752474208172448e-01 1.000000000000000056e-01
6.546184738955822979e+01 -1.329947733636818619e+00 1.000000000000000056e-01
6.586345381526103893e+01 -1.819084118041676135e+00 1.000000000000000056e-01
6.626506024096384806e+01 -2.085474291353302867e+00 1.000000000000000056e-01
6.666666666666667140e+01 -1.854074154894445492e+00 1.000000000000000056e-01
6.706827309236948054e+01 -1.543134799303845339e+00 1.000000000000000056e-01
6.746987951807228967e+01 -1.067121257779503507e+00 1.000000000000000056e-01
6.787148594377509880e+01 -3.567844614025961203e-01 1.000000000000000056e-01
6.827309236947790794e+01 -2.275506384386309089e-01 1.000000000000000056e-01
6.867469879518071707e+01 2.290717121939871148e-01 1.000000000000000056e-01
6.907630522088354041e+01 1.194713568687092303e-01 1.000000000000000056e-01
6.947791164658634955e+01 3.214009658269900704e-01 1.000000000000000056e-01
6.987951807228915868e+01 5.511926470995406335e-01 1.000000000000000056e-01
7.028112449799196781e+01 5.380469417541461352e-01 1.000000000000000056e-01
7.068273092369477695e+01 4.735581253641210631e-01 1.000000000000000056e-01
7.108433734939758608e+01 4.716501646384745339e-01 1.000000000000000056e-01
7.148594377510039521e+01 3.040395619937039662e-01 1.000000000000000056e-01
7.188755020080321856e+01 2.985996892750466536e-01 1.000000000000000056e-01
7.228915662650602769e+01 2.709434151652956313e-01 1.000000000000000056e-01
7.269076305220883683e+01 4.856809303004154810e-01 1.000000000000000056e-01
7.309236947791164596e+01 7.037898490450230637e-01 1.000000000000000056e-01
7.349397590361445509e+01 1.147664309197418575e+00 1.000000000000000056e-01
7.389558232931726423e+01 1.032857149197513591e+00 1.000000000000000056e-01
7.429718875502007336e+01 1.176705286602650613e+00 1.000000000000000056e-01
7.469879518072289670e+01 1.030472339750109212e+00 1.000000000000000056e-01
7.510040160642570584e+01 6.362150272932851625e-01 1.000000000000000056e-01
7.550200803212851497e+01 2.580851186609938175e-01 1.000000000000000056e-01
7.590361445783132410e+01 -4.032605267235346569e-02 1.000000000000000056e-01
7.630522088353413324e+01 -7.567242415707744474e-01 1.000000000000000056e-01
7.670682730923694237e+01 -8.477114486861343501e-01 1.000000000000000056e-01
7.710843373493975150e+01 -1.245667347769850775e+00 1.000000000000000056e-01
7.751004016064257485e+01 -1.479274416209150900e+00 1.000000000000000056e-01
7.791164658634538398e+01 -1.332202029180077130e+00 1.000000000000000056e-01
7.831325301204819311e+01 -1.324201200915516630e+00 1.000000000000000056e-01
7.871485943775100225e+01 -1.429834963960234129e+00 1.000000000000000056e-01
7.911646586345381138e+01 -9.483559713871622110e-01 1.000000000000000056e-01
7.951807228915662051e+01 -1.008962254773850375e+00 1.000000000000000056e-01
7.991967871485944386e+01 -7.120291595354659719e-01 1.000000000000000056e-01
8.032128514056225299e+01 -1.634737884748969639e-01 1.000000000000000056e-01
8.072289156626506212e+01 1.450793090593023582e-01 1.000000000000000056e-01
8.112449799196787126e+01 5.651355213717157433e-01 1.000000000000000056e-01
8.152610441767068039e+01 1.120539078065194039e+00 1.000000000000000056e-01
8.192771084337348952e+01 1.297656712060773820e+00 1.000000000000000056e-01
8.232931726907629866e+01 1.549708490493938662e+00 1.000000000000000056e-01
8.273092369477912200e+01 2.006361382135664062e+00 1.000000000000000056e-01
8.313253012048193114e+01 1.734149768181891815e+00 1.000000000000000056e-01
8.353413654618474027e+01 1.729895561790536052e+00 1.000000000000000056e-01
8.393574297188754940e+01 1.422865354491914314e+00 1.000000000000000056e-01
8.433734939759035854e+01 1.332441779350355349e+00 1.000000000000000056e-01
8.473895582329316767e+01 1.027458584699029398e+00 1.000000000000000056e-01
8.514056224899597680e+01 2.332160659888835030e-01 1.000000000000000056e-01
8.554216867469880015e+01 -5.729039466921315160e-01 1.000000000000000056e-01
8.594377510040160928e+01 -1.273758897792024669e+00 1.000000000000000056e-01
8.634538152610441841e+01 -2.085117178847578856e+00 1.000000000000000056e-01
8.674698795180722755e+01 -2.249652419050335084e+00 1.000000000000000056e-01
8.714859437751003668e+01 -2.760749037413061213e+00 1.000000000000000056e-01
8.755020080321284581e+01 -3.060916354063295763e+00 1.000000000000000056e-01
8.795180722891566916e+01 -2.946710797333400578e+00 1.000000000000000056e-01
8.835341365461847829e+01 -2.757232988137062968e+00 1.000000000000000056e-01
8.875502008032128742e+01 -2.493504286717151519e+00 1.000000000000000056e-01
8.915662650602409656e+01 -2.058815309984965758e+00 1.000000000000000056e-01
8.955823293172690569e+01 -1.813991564305690529e+00 1.000000000000000056e-01
8.995983935742971482e+01 -1.194265889058291785e+00 1.000000000000000056e-01
9.036144578313252396e+01 -6.846125304863205363e-01 1.000000000000000056e-01
9.076305220883534730e+01 -2.410428193701427968e-01 1.000000000000000056e-01
9.116465863453815643e+01 2.105168610158066334e-01 1.000000000000000056e-01
9.156626506024096557e+01 3.641748282277492144e-01 1.000000000000000056e-01
9.196787148594377470e+01 3.635911843755098571e-01 1.000000000000000056e-01
9.236947791164658383e+01 3.606295343504414830e-01 1.000000000000000056e-01
9.277108433734939297e+01 3.995209044282658772e-01 1.000000000000000056e-01
9.317269076305220210e+01 2.603596911981979622e-01 1.000000000000000056e-01
9.357429718875502545e+01 7.656913219702546347e-02 1.000000000000000056e-01
9.397590361445783458e+01 3.730895437920841995e-01 1.000000000000000056e-01
9.437751004016064371e+01 3.391812785472936298e-01 1.000000000000000056e-01
9.477911646586345285e+01 1.171496848748535269e-01 1.000000000000000056e-01
9.518072289156626198e+01 -2.458472225130957645e-01 1.000000000000000056e-01
9.558232931726907111e+01 -6.651259254707038160e-01 1.000000000000000056e-01
9.598393574297188025e+01 -9.351726399128728051e-01 1.000000000000000056e-01
9.638554216867470359e+01 -1.155736350398858470e+00 1.000000000000000056e-01
9.678714859437751272e+01 -1.378415151155867102e+00 1.000000000000000056e-01
9.718875502008032186e+01 -1.224322630916752530e+00 1.000000000000000056e-01
9.759036144578313099e+01 -1.108620322639621403e+00 1.000000000000000056e-01
9.799196787148594012e+01 -6.812881628674705148e-01 1.000000000000000056e-01
9.839357429718874926e+01 -5.890848092192458862e-01 1.000000000000000056e-01
9.879518072289157260e+01 -3.162771930770484352e-01 1.000000000000000056e-01
9.919678714859438173e+01 -1.076757317024944760e-01 1.000000000000000056e-01
9.959839357429719087e+01 2.848096801020862934e-01 1.000000000000000056e-01
1.000000000000000000e+02 3.141989203206467796e-01 1.000000000000000056e-01
