0.000000000000000000e+00 -9.605353243172447542e-01 1.000000000000000056e-01
4.016064257028112428e-01 -1.019525667604872510e+00 1.000000000000000056e-01
8.032128514056224855e-01 -9.987188568351303974e-01 1.000000000000000056e-01
1.204819277108433617e+00 -9.216661997247053151e-01 1.000000000000000056e-01
1.606425702811244971e+00 -7.745788198444216732e-01 1.000000000000000056e-01
2.008032128514056325e+00 -1.001120041026770213e+00 1.000000000000000056e-01
2.409638554216867234e+00 -6.418501117843617987e-01 1.000000000000000056e-01
2.811244979919678588e+00 -2.854795552418965543e-01 1.000000000000000056e-01
3.212851405622489942e+00 -7.395652026857797712e-02 1.000000000000000056e-01
3.614457831325301296e+00 7.302775673271794110e-02 1.000000000000000056e-01
4.016064257028112650e+00 -4.100450362756932199e-01 1.000000000000000056e-01
4.417670682730923559e+00 -4.880238172560431020e-01 1.000000000000000056e-01
4.819277108433734469e+00 -7.797683109164317283e-01 1.000000000000000056e-01
5.220883534136546267e+00 -5.285798423260078538e-01 1.000000000000000056e-01
5.622489959839357176e+00 -5.264081642798001948e-02 1.000000000000000056e-01
6.024096385542168974e+00 8.125157638552795714e-01 1.000000000000000056e-01
6.425702811244979884e+00 1.325476598952032292e+00 1.000000000000000056e-01
6.827309236947790794e+00 1.954907189480843188e+00 1.000000000000000056e-01
7.228915662650602592e+00 2.264782349339523826e+00 1.000000000000000056e-01
7.630522088353413501e+00 1.892975530649294358e+00 1.000000000000000056e-01
8.032128514056225299e+00 1.489484577650018515e+00 1.000000000000000056e-01
8.433734939759036209e+00 9.855913702889748107e-01 1.000000000000000056e-01
8.835341365461847118e+00 -1.869462387396739200e-02 1.000000000000000056e-01
9.236947791164658028e+00 -4.553333766197555921e-01 1.000000000000000056e-01
9.638554216867468938e+00 -6.767056147648703446e-01 1.000000000000000056e-01
1.004016064257028162e+01 -7.431496016475200861e-01 1.000000000000000056e-01
1.044176706827309253e+01 -8.544292273569071838e-01 1.000000000000000056e-01
1.084337349397590344e+01 -1.035070153313717656e+00 1.000000000000000056e-01
1.124497991967871435e+01 -8.371860505427412003e-01 1.000000000000000056e-01
1.164658634538152526e+01 -7.566433877144088660e-01 1.000000000000000056e-01
1.204819277108433795e+01 -8.097663964790244862e-01 1.000000000000000056e-01
1.244979919678714886e+01 -6.447468927698509766e-01 1.000000000000000056e-01
1.285140562248995977e+01 -7.025915118114389735e-01 1.000000000000000056e-01
1.325301204819277068e+01 -1.200050084951213236e+00 1.000000000000000056e-01
1.365461847389558159e+01 -1.198947931657056154e+00 1.000000000000000056e-01
1.405622489959839427e+01 -1.572207459430138288e+00 1.000000000000000056e-01
1.445783132530120518e+01 -1.688094520943146160e+00 1.000000000000000056e-01
1.485943775100401609e+01 -1.654951258861247831e+00 1.000000000000000056e-01
1.526104417670682700e+01 -1.682213242014537258e+00 1.000000000000000056e-01
1.566265060240963791e+01 -1.931079093914574329e+00 1.000000000000000056e-01
1.606425702811245060e+01 -2.218667169285616136e+00 1.000000000000000056e-01
1.646586345381525973e+01 -2.364808193455992580e+00 1.000000000000000056e-01
1.686746987951807242e+01 -2.674522432060114419e+00 1.000000000000000056e-01
1.726907630522088510e+01 -2.648770092885447625e+00 1.000000000000000056e-01
1.767068273092369424e+01 -2.134747149025789437e+00 1.000000000000000056e-01
1.807228915662650692e+01 -1.846684543882965546e+00 1.000000000000000056e-01
1.847389558232931606e+01 -1.216687789267156372e+00 1.000000000000000056e-01
1.887550200803212874e+01 -1.019255897704568703e+00 1.000000000000000056e-01
1.927710843373493788e+01 -5.714000415777089614e-01 1.000000000000000056e-01
1.967871485943775056e+01 -7.176986003553190718e-01 1.000000000000000056e-01
2.008032128514056325e+01 -3.438546854727483337e-01 1.000000000000000056e-01
2.048192771084337238e+01 -3.258565730210850608e-01 1.000000000000000056e-01
2.088353413654618507e+01 -3.404928383829346483e-01 1.000000000000000056e-01
2.128514056224899420e+01 -7.048194222249631880e-01 1.000000000000000056e-01
2.168674698795180689e+01 -5.669739463241135757e-01 1.000000000000000056e-01
2.208835341365461957e+01 -5.674413885379482325e-01 1.000000000000000056e-01
2.248995983935742871e+01 -4.352774081930412264e-01 1.000000000000000056e-01
2.289156626506024139e+01 -3.226344246895440082e-01 1.000000000000000056e-01
2.329317269076305053e+01 2.385484980587105341e-01 1.000000000000000056e-01
2.369477911646586321e+01 6.622665739784409089e-01 1.000000000000000056e-01
2.409638554216867590e+01 1.213357760491963422e+00 1.000000000000000056e-01
2.449799196787148503e+01 1.368362351201197091e+00 1.000000000000000056e-01
2.489959839357429772e+01 1.636326544375689362e+00 1.000000000000000056e-01
2.530120481927710685e+01 1.414917175388524129e+00 1.000000000000000056e-01
2.570281124497991954e+01 9.552865371081684653e-01 1.000000000000000056e-01
2.610441767068273222e+01 7.497148618947798715e-01 1.000000000000000056e-01
2.650602409638554136e+01 4.551530094835845031e-01 1.000000000000000056e-01
2.690763052208835404e+01 6.552841770015790934e-02 1.000000000000000056e-01
2.730923694779116317e+01 -3.680777866737478671e-02 1.000000000000000056e-01
2.771084337349397586e+01 -1.724904196663113731e-01 1.000000000000000056e-01
2.811244979919678855e+01 -2.346389301666209626e-01 1.000000000000000056e-01
2.851405622489959768e+01 -1.360681677305082549e-01 1.000000000000000056e-01
2.891566265060241037e+01 3.684723289806052793e-01 1.000000000000000056e-01
2.931726907630521950e+01 9.379346727201414158e-01 1.000000000000000056e-01
2.971887550200803219e+01 1.765355132289787132e+00 1.000000000000000056e-01
3.012048192771084487e+01 2.234040118812328224e+00 1.000000000000000056e-01
3.052208835341365400e+01 2.401994863148521731e+00 1.000000000000000056e-01
3.092369477911646669e+01 2.324677111983151079e+00 1.000000000000000056e-01
3.132530120481927582e+01 2.275641822525849012e+00 1.000000000000000056e-01
3.172690763052208851e+01 1.862856044734426453e+00 1.000000000000000056e-01
3.212851405622490120e+01 1.545798670588564683e+00 1.000000000000000056e-01
3.253012048192771033e+01 1.042484043610441669e+00 1.000000000000000056e-01
3.293172690763051946e+01 7.832069239412993156e-01 1.000000000000000056e-01
3.333333333333333570e+01 8.033562099216425834e-01 1.000000000000000056e-01
3.373493975903614484e+01 7.033763202541559734e-01 1.000000000000000056e-01
3.413654618473895397e+01 6.189083406550782707e-01 1.000000000000000056e-01
3.453815261044177021e+01 7.204865756560898671e-01 1.000000000000000056e-01
3.493975903614457934e+01 6.233712087892406828e-01 1.000000000000000056e-01
3.534136546184738847e+01 3.026897329113030777e-01 1.000000000000000056e-01
3.574297188755019761e+01 -1.504427587321119364e-01 1.000000000000000056e-01
3.614457831325301385e+01 -1.029980837475710675e+00 1.000000000000000056e-01
3.654618473895582298e+01 -1.809674688126730713e+00 1.000000000000000056e-01
3.694779116465863211e+01 -2.617535480060035447e+00 1.000000000000000056e-01
3.734939759036144835e+01 -2.974930811463212255e+00 1.000000000000000056e-01
3.775100401606425748e+01 -3.030537557398254478e+00 1.000000000000000056e-01
3.815261044176706662e+01 -2.939943078415525601e+00 1.000000000000000056e-01
3.855421686746987575e+01 -2.816211149749273446e+00 1.000000000000000056e-01
3.895582329317269199e+01 -2.222953550180600590e+00 1.000000000000000056e-01
3.935742971887550112e+01 -1.813343578454959193e+00 1.000000000000000056e-01
3.975903614457831026e+01 -1.555229061024634429e+00 1.000000000000000056e-01
4.016064257028112650e+01 -1.153054227610165405e+00 1.000000000000000056e-01
4.056224899598393563e+01 -8.947441426384858953e-01 1.000000000000000056e-01
4.096385542168674476e+01 -3.636626768012675148e-01 1.000000000000000056e-01
4.136546184738956100e+01 1.868538198257141958e-01 1.000000000000000056e-01
4.176706827309237013e+01 4.459433592533400548e-01 1.000000000000000056e-01
4.216867469879517927e+01 4.972811780576421592e-01 1.000000000000000056e-01
4.257028112449798840e+01 4.135946424203678640e-01 1.000000000000000056e-01
4.297188755020080464e+01 -3.373305397407888595e-02 1.000000000000000056e-01
4.337349397590361377e+01 -7.298968822303839588e-01 1.000000000000000056e-01
4.377510040160642291e+01 -1.053011004448130894e+00 1.000000000000000056e-01
4.417670682730923915e+01 -1.524790471317070795e+00 1.000000000000000056e-01
4.457831325301204828e+01 -1.937298836378003708e+00 1.000000000000000056e-01
4.497991967871485741e+01 -2.584108084507485970e+00 1.000000000000000056e-01
4.538152610441767365e+01 -3.131785430646824242e+00 1.000000000000000056e-01
4.578313253012048278e+01 -3.537130941303967102e+00 1.000000000000000056e-01
4.618473895582329192e+01 -3.766561256806687741e+00 1.000000000000000056e-01
4.658634538152610105e+01 -3.394778128192168953e+00 1.000000000000000056e-01
4.698795180722891729e+01 -3.027749403212596668e+00 1.000000000000000056e-01
4.738955823293172642e+01 -2.597172489914849614e+00 1.000000000000000056e-01
4.779116465863453556e+01 -2.115250301040198622e+00 1.000000000000000056e-01
4.819277108433735179e+01 -1.564600507850912203e+00 1.000000000000000056e-01
4.859437751004016093e+01 -9.182611964322878739e-01 1.000000000000000056e-01
4.899598393574297006e+01 -5.515124238125933553e-01 1.000000000000000056e-01
4.939759036144578630e+01 -1.154932182368706012e-01 1.000000000000000056e-01
4.979919678714859543e+01 3.243241612124049267e-01 1.000000000000000056e-01
5.020080321285140457e+01 2.667528964436254313e-01 1.000000000000000056e-01
5.060240963855421370e+01 2.145608679886642778e-01 1.000000000000000056e-01
5.100401606425702994e+01 1.346713555027311826e-01 1.000000000000000056e-01
5.140562248995983907e+01 4.315538609102265166e-02 1.000000000000000056e-01
5.180722891566264821e+01 -2.992378330192053126e-01 1.000000000000000056e-01
5.220883534136546444e+01 -4.713798536607247680e-01 1.000000000000000056e-01
5.261044176706827358e+01 -1.071668520322300422e+00 1.000000000000000056e-01
5.301204819277108271e+01 -1.458434295400023339e+00 1.000000000000000056e-01
5.341365461847389184e+01 -2.072221138836678467e+00 1.000000000000000056e-01
5.381526104417670808e+01 -2.540902861740906626e+00 1.000000000000000056e-01
5.421686746987951722e+01 -3.068519521691181140e+00 1.000000000000000056e-01
5.461847389558232635e+01 -3.234874353882748466e+00 1.000000000000000056e-01
5.502008032128514259e+01 -3.745576554219167242e+00 1.000000000000000056e-01
5.542168674698795172e+01 -3.402559988775825328e+00 1.000000000000000056e-01
5.582329317269076085e+01 -3.622343283870466557e+00 1.000000000000000056e-01
5.622489959839357709e+01 -3.510996318290971807e+00 1.000000000000000056e-01
5.662650602409638623e+01 -3.663104307035186746e+00 1.000000000000000056e-01
5.702811244979919536e+01 -3.527086818897518850e+00 1.000000000000000056e-01
5.742971887550200449e+01 -2.821530957740012280e+00 1.000000000000000056e-01
5.783132530120482073e+01 -2.335549706197058928e+00 1.000000000000000056e-01
5.823293172690762987e+01 -1.597053978041563571e+00 1.000000000000000056e-01
5.863453815261043900e+01 -9.782857575203515177e-01 1.000000000000000056e-01
5.903614457831325524e+01 -5.889351983087256492e-01 1.000000000000000056e-01
5.943775100401606437e+01 -6.803318721764295418e-01 1.000000000000000056e-01
5.983935742971887350e+01 -1.188981952311310097e+00 1.000000000000000056e-01
6.024096385542168974e+01 -1.997177350592216571e+00 1.000000000000000056e-01
6.064257028112449888e+01 -2.537996422290118126e+00 1.000000000000000056e-01
6.104417670682730801e+01 -2.928763460563609033e+00 1.000000000000000056e-01
6.144578313253011714e+01 -3.106813267707220216e+00 1.000000000000000056e-01
6.184738955823293338e+01 -2.648506801188338589e+00 1.000000000000000056e-01
6.224899598393574252e+01 -1.829294711806089824e+00 1.000000000000000056e-01
6.265060240963855165e+01 -1.423066158770802003e+00 1.000000000000000056e-01
6.305220883534136789e+01 -1.019691490035396608e+00 1.000000000000000056e-01
6.345381526104417702e+01 -9.450877213895843010e-01 1.000000000000000056e-01
6.385542168674698615e+01 -1.062253868700234971e+00 1.000000000000000056e-01
6.425702811244980239e+01 -1.292272813234966122e+00 1.000000000000000056e-01
6.465863453815261153e+01 -1.301639390961209841e+00 1.000000000000000056e-01
6.506024096385542066e+01 -1.235001861554052338e+00 1.000000000000000056e-01
6.546184738955822979e+01 -8.684188529725535011e-01 1.000000000000000056e-01
6.586345381526103893e+01 -5.096244260826836570e-01 1.000000000000000056e-01
6.626506024096384806e+01 -1.018786321041282167e-01 1.000000000000000056e-01
6.666666666666667140e+01 1.756255490190727908e-01 1.000000000000000056e-01
6.706827309236948054e+01 7.202472814158565884e-01 1.000000000000000056e-01
6.746987951807228967e+01 7.430972448327431978e-01 1.000000000000000056e-01
6.787148594377509880e+01 1.057388453341821188e+00 1.000000000000000056e-01
6.827309236947790794e+01 9.068167129580915198e-01 1.000000000000000056e-01
6.867469879518071707e+01 6.795276431868658706e-01 1.000000000000000056e-01
6.907630522088354041e+01 2.438115622933626769e-01 1.000000000000000056e-01
6.947791164658634955e+01 -2.243198196657505139e-01 1.000000000000000056e-01
6.987951807228915868e+01 -5.028702508308657837e-01 1.000000000000000056e-01
7.028112449799196781e+01 -6.166906621313397174e-01 1.000000000000000056e-01
7.068273092369477695e+01 -6.693152442404732838e-01 1.000000000000000056e-01
7.108433734939758608e+01 -7.514000961183692207e-01 1.000000000000000056e-01
7.148594377510039521e+01 -1.067491976302320067e+00 1.000000000000000056e-01
7.188755020080321856e+01 -1.269050501781013418e+00 1.000000000000000056e-01
7.228915662650602769e+01 -1.444110218860898520e+00 1.000000000000000056e-01
7.269076305220883683e+01 -1.071187787256538737e+00 1.000000000000000056e-01
7.309236947791164596e+01 -1.083171148813085738e+00 1.000000000000000056e-01
7.349397590361445509e+01 -8.952912322685441238e-01 1.000000000000000056e-01
7.389558232931726423e+01 -1.060001987661139511e+00 1.000000000000000056e-01
7.429718875502007336e+01 -9.110796207400737590e-01 1.000000000000000056e-01
7.469879518072289670e+01 -1.028917469023877596e+00 1.000000000000000056e-01
7.510040160642570584e+01 -1.070596418132059968e+00 1.000000000000000056e-01
7.550200803212851497e+01 -1.459831506608832319e+00 1.000000000000000056e-01
7.590361445783132410e+01 -1.691886166429364291e+00 1.000000000000000056e-01
7.630522088353413324e+01 -2.094821305637235120e+00 1.000000000000000056e-01
7.670682730923694237e+01 -2.346127416752032957e+00 1.000000000000000056e-01
7.710843373493975150e+01 -2.331124278895742030e+00 1.000000000000000056e-01
7.751004016064257485e+01 -1.527088354636576994e+00 1.000000000000000056e-01
7.791164658634538398e+01 -9.887756550795440136e-01 1.000000000000000056e-01
7.831325301204819311e+01 -5.244979421662276931e-01 1.000000000000000056e-01
7.871485943775100225e+01 -4.912910475281433431e-01 1.000000000000000056e-01
7.911646586345381138e+01 -1.010587821143317244e+00 1.000000000000000056e-01
7.951807228915662051e+01 -1.549268277515630565e+00 1.000000000000000056e-01
7.991967871485944386e+01 -2.113854877504630636e+00 1.000000000000000056e-01
8.032128514056225299e+01 -2.305050668486536392e+00 1.000000000000000056e-01
8.072289156626506212e+01 -2.340172451356065331e+00 1.000000000000000056e-01
8.112449799196787126e+01 -2.202511850420375783e+00 1.000000000000000056e-01
8.152610441767068039e+01 -2.119909230433532077e+00 1.000000000000000056e-01
8.192771084337348952e+01 -2.308057398543865268e+00 1.000000000000000056e-01
8.232931726907629866e+01 -2.130876333523814559e+00 1.000000000000000056e-01
8.273092369477912200e+01 -2.037213996619231526e+00 1.000000000000000056e-01
8.313253012048193114e+01 -9.776589667842379150e-01 1.000000000000000056e-01
8.353413654618474027e+01 1.809078586867625960e-01 1.000000000000000056e-01
8.393574297188754940e+01 1.220975864858541815e+00 1.000000000000000056e-01
8.433734939759035854e+01 1.704217754733135637e+00 1.000000000000000056e-01
8.473895582329316767e+01 1.632463319896995335e+00 1.000000000000000056e-01
8.514056224899597680e+01 9.051496225606165957e-01 1.000000000000000056e-01
8.554216867469880015e+01 8.592713736545849468e-01 1.000000000000000056e-01
8.594377510040160928e+01 2.041019054374052510e-01 1.000000000000000056e-01
8.634538152610441841e+01 3.176056207847921531e-01 1.000000000000000056e-01
8.674698795180722755e+01 -2.522743745095624990e-03 1.000000000000000056e-01
8.714859437751003668e+01 1.990187182091404661e-01 1.000000000000000056e-01
8.755020080321284581e+01 1.308250121155968282e-02 1.000000000000000056e-01
8.795180722891566916e+01 3.719493946929732231e-01 1.000000000000000056e-01
8.835341365461847829e+01 4.188743132121773849e-01 1.000000000000000056e-01
8.875502008032128742e+01 7.723804252049012442e-01 1.000000000000000056e-01
8.915662650602409656e+01 1.046392357764969194e+00 1.000000000000000056e-01
8.955823293172690569e+01 9.798180239093684518e-01 1.000000000000000056e-01
8.995983935742971482e+01 4.094878457211147404e-01 1.000000000000000056e-01
9.036144578313252396e+01 -2.425758137181210916e-01 1.000000000000000056e-01
9.076305220883534730e+01 -1.078162062890033912e+00 1.000000000000000056e-01
9.116465863453815643e+01 -1.688579544339100069e+00 1.000000000000000056e-01
9.156626506024096557e+01 -1.944757536838886747e+00 1.000000000000000056e-01
9.196787148594377470e+01 -1.579288471662568805e+00 1.000000000000000056e-01
9.236947791164658383e+01 -1.134909497524929423e+00 1.000000000000000056e-01
9.277108433734939297e+01 -7.852458178570299596e-01 1.000000000000000056e-01
9.317269076305220210e+01 -4.473850220275594758e-01 1.000000000000000056e-01
9.357429718875502545e+01 -3.549710282457936850e-01 1.000000000000000056e-01
9.397590361445783458e+01 -6.471233265431213244e-01 1.000000000000000056e-01
9.437751004016064371e+01 -7.816584438119786871e-01 1.000000000000000056e-01
9.477911646586345285e+01 -1.182250067981419628e+00 1.000000000000000056e-01
9.518072289156626198e+01 -1.517579294582128702e+00 1.000000000000000056e-01
9.558232931726907111e+01 -2.074112701495081978e+00 1.000000000000000056e-01
9.598393574297188025e+01 -1.987853574156029479e+00 1.000000000000000056e-01
9.638554216867470359e+01 -2.237539696243984633e+00 1.000000000000000056e-01
9.678714859437751272e+01 -2.023823407346540204e+00 1.000000000000000056e-01
9.718875502008032186e+01 -1.857372373351372508e+00 1.000000000000000056e-01
9.759036144578313099e+01 -1.866612606077329595e+00 1.000000000000000056e-01
9.799196787148594012e+01 -1.829078658444261540e+00 1.000000000000000056e-01
9.839357429718874926e+01 -1.517257980112020066e+00 1.000000000000000056e-01
9.879518072289157260e+01 -1.679754534746789041e+00 1.000000000000000056e-01
9.919678714859438173e+01 -1.713028234754174983e+00 1.000000000000000056e-01
9.959839357429719087e+01 -1.429120386455252856e+00 1.000000000000000056e-01
1.000000000000000000e+02 -1.354020373538441291e+00 1.000000000000000056e-01
