0.000000000000000000e+00 -7.545590778010982658e-02 1.000000000000000056e-01
4.016064257028112428e-01 -4.497895340952081655e-01 1.000000000000000056e-01
8.032128514056224855e-01 -1.456860360112449904e+00 1.000000000000000056e-01
1.204819277108433617e+00 -2.412410204992157414e+00 1.000000000000000056e-01
1.606425702811244971e+00 -3.302145960134134750e+00 1.000000000000000056e-01
2.008032128514056325e+00 -3.372255521660111555e+00 1.000000000000000056e-01
2.409638554216867234e+00 -3.369498190715248587e+00 1.000000000000000056e-01
2.811244979919678588e+00 -2.526338085823489621e+00 1.000000000000000056e-01
3.212851405622489942e+00 -1.788712845922920902e+00 1.000000000000000056e-01
3.614457831325301296e+00 -1.107243028577303390e+00 1.000000000000000056e-01
4.016064257028112650e+00 -5.008766363084233841e-01 1.000000000000000056e-01
4.417670682730923559e+00 -5.420415091326896695e-01 1.000000000000000056e-01
4.819277108433734469e+00 -6.777552136157379836e-01 1.000000000000000056e-01
5.220883534136546267e+00 -5.784677740643032751e-01 1.000000000000000056e-01
5.622489959839357176e+00 -3.809295343670229816e-01 1.000000000000000056e-01
6.024096385542168974e+00 -1.019694698463975424e-01 1.000000000000000056e-01
6.425702811244979884e+00 1.149470878468067114e-01 1.000000000000000056e-01
6.827309236947790794e+00 2.350542928592349590e-01 1.000000000000000056e-01
7.228915662650602592e+00 5.962087230929855597e-01 1.000000000000000056e-01
7.630522088353413501e+00 6.172922223648819040e-02 1.000000000000000056e-01
8.032128514056225299e+00 -2.619697611355938094e-02 1.000000000000000056e-01
8.433734939759036209e+00 -5.979452999703297467e-01 1.000000000000000056e-01
8.835341365461847118e+00 -8.615809852390017287e-01 1.000000000000000056e-01
9.236947791164658028e+00 -1.203722579746476340e+00 1.000000000000000056e-01
9.638554216867468938e+00 -1.026746539976556072e+00 1.000000000000000056e-01
1.004016064257028162e+01 -4.902785366395501776e-01 1.000000000000000056e-01
1.044176706827309253e+01 2.326211477823352247e-01 1.000000000000000056e-01
1.084337349397590344e+01 8.927000140798626582e-01 1.000000000000000056e-01
1.124497991967871435e+01 1.321315897411680096e+00 1.000000000000000056e-01
1.164658634538152526e+01 1.197891756831892085e+00 1.000000000000000056e-01
1.204819277108433795e+01 9.825957040080707250e-01 1.000000000000000056e-01
1.244979919678714886e+01 9.536130760414291974e-01 1.000000000000000056e-01
1.285140562248995977e+01 9.472398984715203474e-01 1.000000000000000056e-01
1.325301204819277068e+01 1.315260036918007636e+00 1.000000000000000056e-01
1.365461847389558159e+01 1.223530583556844853e+00 1.000000000000000056e-01
1.405622489959839427e+01 9.490748543998994702e-01 1.000000000000000056e-01
1.445783132530120518e+01 8.879290755165982763e-01 1.000000000000000056e-01
1.485943775100401609e+01 6.914524730159817834e-01 1.000000000000000056e-01
1.526104417670682700e+01 7.104552242566659626e-01 1.000000000000000056e-01
1.566265060240963791e+01 3.629618586505882205e-01 1.000000000000000056e-01
1.606425702811245060e+01 -2.820188630418635212e-03 1.000000000000000056e-01
1.646586345381525973e+01 -4.232729595979472514e-01 1.000000000000000056e-01
1.686746987951807242e+01 -9.022388727916552664e-01 1.000000000000000056e-01
1.726907630522088510e+01 -1.210022566518871079e+00 1.000000000000000056e-01
1.767068273092369424e+01 -1.389851451891661593e+00 1.000000000000000056e-01
1.807228915662650692e+01 -1.041042073913049260e+00 1.000000000000000056e-01
1.847389558232931606e+01 -5.035138830235676988e-01 1.000000000000000056e-01
1.887550200803212874e+01 -2.529442068831079249e-01 1.000000000000000056e-01
1.927710843373493788e+01 4.802014519023909411e-01 1.000000000000000056e-01
1.967871485943775056e+01 7.190429358828007711e-01 1.000000000000000056e-01
2.008032128514056325e+01 6.181699418478235897e-01 1.000000000000000056e-01
2.048192771084337238e+01 -9.847383574220412716e-02 1.000000000000000056e-01
2.088353413654618507e+01 -7.216182905233230471e-01 1.000000000000000056e-01
2.128514056224899420e+01 -1.553149058911252434e+00 1.000000000000000056e-01
2.168674698795180689e+01 -1.771253014059039677e+00 1.000000000000000056e-01
2.208835341365461957e+01 -1.789133439200382591e+00 1.000000000000000056e-01
2.248995983935742871e+01 -1.236443980387978536e+00 1.000000000000000056e-01
2.289156626506024139e+01 -7.319440695416363774e-01 1.000000000000000056e-01
2.329317269076305053e+01 -2.951091576465447730e-01 1.000000000000000056e-01
2.369477911646586321e+01 -2.555190813438444342e-01 1.000000000000000056e-01
2.409638554216867590e+01 -6.469122812965271141e-01 1.000000000000000056e-01
2.449799196787148503e+01 -8.862675168724745145e-01 1.000000000000000056e-01
2.489959839357429772e+01 -7.694190040690556120e-01 1.000000000000000056e-01
2.530120481927710685e+01 -5.862585276322640482e-01 1.000000000000000056e-01
2.570281124497991954e+01 -6.711186418828611888e-01 1.000000000000000056e-01
2.610441767068273222e+01 -6.923711975700699295e-01 1.000000000000000056e-01
2.650602409638554136e+01 -7.897184230852947184e-01 1.000000000000000056e-01
2.690763052208835404e+01 -9.380279375524401830e-01 1.000000000000000056e-01
2.730923694779116317e+01 -1.485252802813796791e+00 1.000000000000000056e-01
2.771084337349397586e+01 -1.858284486074791353e+00 1.000000000000000056e-01
2.811244979919678855e+01 -2.366044018606469290e+00 1.000000000000000056e-01
2.851405622489959768e+01 -2.384354572757696467e+00 1.000000000000000056e-01
2.891566265060241037e+01 -1.949061114865887845e+00 1.000000000000000056e-01
2.931726907630521950e+01 -1.226527180180903231e+00 1.000000000000000056e-01
2.971887550200803219e+01 -1.292399741794897361e-01 1.000000000000000056e-01
3.012048192771084487e+01 6.489535498473608666e-01 1.000000000000000056e-01
3.052208835341365400e+01 8.766171869080727763e-01 1.000000000000000056e-01
3.092369477911646669e+01 6.612932705486296303e-01 1.000000000000000056e-01
3.132530120481927582e+01 1.007615014982693458e-01 1.000000000000000056e-01
3.172690763052208851e+01 -1.105054500638823489e+00 1.000000000000000056e-01
3.212851405622490120e+01 -1.892402095068784540e+00 1.000000000000000056e-01
3.253012048192771033e+01 -2.374723408760575971e+00 1.000000000000000056e-01
3.293172690763051946e+01 -2.137661579273000712e+00 1.000000000000000056e-01
3.333333333333333570e+01 -1.288949134993093715e+00 1.000000000000000056e-01
3.373493975903614484e+01 -3.468817326247266020e-01 1.000000000000000056e-01
3.413654618473895397e+01 3.959055471701068418e-01 1.000000000000000056e-01
3.453815261044177021e+01 7.369004939988393899e-01 1.000000000000000056e-01
3.493975903614457934e+01 1.433626013330575377e+00 1.000000000000000056e-01
3.534136546184738847e+01 1.489691564615622354e+00 1.000000000000000056e-01
3.574297188755019761e+01 1.206463097505829474e+00 1.000000000000000056e-01
3.614457831325301385e+01 1.066409505828665338e+00 1.000000000000000056e-01
3.654618473895582298e+01 2.497637827573269131e-01 1.000000000000000056e-01
3.694779116465863211e+01 -5.632476552277737580e-01 1.000000000000000056e-01
3.734939759036144835e+01 -8.255493034441175881e-01 1.000000000000000056e-01
3.775100401606425748e+01 -8.051298769400934141e-01 1.000000000000000056e-01
3.815261044176706662e+01 -3.831676982164095024e-01 1.000000000000000056e-01
3.855421686746987575e+01 1.707650357321660595e-01 1.000000000000000056e-01
3.895582329317269199e+01 6.439537108720700953e-01 1.000000000000000056e-01
3.935742971887550112e+01 5.619248591405318072e-01 1.000000000000000056e-01
3.975903614457831026e+01 5.247685014991332331e-01 1.000000000000000056e-01
4.016064257028112650e+01 6.225150007966518545e-02 1.000000000000000056e-01
4.056224899598393563e+01 -2.491254809265522618e-01 1.000000000000000056e-01
4.096385542168674476e+01 -1.739129453429369421e-01 1.000000000000000056e-01
4.136546184738956100e+01 4.181587241848832431e-02 1.000000000000000056e-01
4.176706827309237013e+01 2.078126474921482281e-01 1.000000000000000056e-01
4.216867469879517927e+01 5.429629297716997982e-02 1.000000000000000056e-01
4.257028112449798840e+01 1.383274632376990665e-01 1.000000000000000056e-01
4.297188755020080464e+01 1.555758098793185717e-01 1.000000000000000056e-01
4.337349397590361377e+01 1.099359511138994772e-02 1.000000000000000056e-01
4.377510040160642291e+01 -3.273916201134436377e-01 1.000000000000000056e-01
4.417670682730923915e+01 -6.247750810515990683e-01 1.000000000000000056e-01
4.457831325301204828e+01 -9.964637465532285576e-01 1.000000000000000056e-01
4.497991967871485741e+01 -1.316123441761789081e+00 1.000000000000000056e-01
4.538152610441767365e+01 -1.377182385549887922e+00 1.000000000000000056e-01
4.578313253012048278e+01 -1.232994350724648580e+00 1.000000000000000056e-01
4.618473895582329192e+01 -3.959000320419330810e-01 1.000000000000000056e-01
4.658634538152610105e+01 -4.651972157088263282e-03 1.000000000000000056e-01
4.698795180722891729e+01 7.220395039851207342e-01 1.000000000000000056e-01
4.738955823293172642e+01 1.279829550704535412e+00 1.000000000000000056e-01
4.779116465863453556e+01 1.953732354110158997e+00 1.000000000000000056e-01
4.819277108433735179e+01 2.210149342521291693e+00 1.000000000000000056e-01
4.859437751004016093e+01 1.936607713312376244e+00 1.000000000000000056e-01
4.899598393574297006e+01 1.454084908236512375e+00 1.000000000000000056e-01
4.939759036144578630e+01 1.109190558862615195e+00 1.000000000000000056e-01
4.979919678714859543e+01 9.498086232959277453e-01 1.000000000000000056e-01
5.020080321285140457e+01 1.200130190617979098e+00 1.000000000000000056e-01
5.060240963855421370e+01 1.606708586785010828e+00 1.000000000000000056e-01
5.100401606425702994e+01 1.788278173523982328e+00 1.000000000000000056e-01
5.140562248995983907e+01 1.717238413575809863e+00 1.000000000000000056e-01
5.180722891566264821e+01 1.252324261363610081e+00 1.000000000000000056e-01
5.220883534136546444e+01 1.004793356253284475e+00 1.000000000000000056e-01
5.261044176706827358e+01 3.592377050157235518e-01 1.000000000000000056e-01
5.301204819277108271e+01 7.761088956213305079e-02 1.000000000000000056e-01
5.341365461847389184e+01 -2.462646588857205776e-01 1.000000000000000056e-01
5.381526104417670808e+01 -6.921689761119461659e-01 1.000000000000000056e-01
5.421686746987951722e+01 -9.114095434598586953e-01 1.000000000000000056e-01
5.461847389558232635e+01 -8.647763630843929850e-01 1.000000000000000056e-01
5.502008032128514259e+01 -3.613175440379758352e-01 1.000000000000000056e-01
5.542168674698795172e+01 1.494238509467209208e-02 1.000000000000000056e-01
5.582329317269076085e+01 7.293523570440841874e-01 1.000000000000000056e-01
5.622489959839357709e+01 1.039570052510039089e+00 1.000000000000000056e-01
5.662650602409638623e+01 8.650051205986789560e-01 1.000000000000000056e-01
5.702811244979919536e+01 1.869825220380063810e-02 1.000000000000000056e-01
5.742971887550200449e+01 -8.311678965313769041e-01 1.000000000000000056e-01
5.783132530120482073e+01 -1.240587225651891057e+00 1.000000000000000056e-01
5.823293172690762987e+01 -1.371994634954691872e+00 1.000000000000000056e-01
5.863453815261043900e+01 -7.301577067289640732e-01 1.000000000000000056e-01
5.903614457831325524e+01 -2.259688894026476262e-03 1.000000000000000056e-01
5.943775100401606437e+01 5.734415209302844429e-01 1.000000000000000056e-01
5.983935742971887350e+01 9.387740491570402135e-01 1.000000000000000056e-01
6.024096385542168974e+01 7.421201609272884969e-01 1.000000000000000056e-01
6.064257028112449888e+01 1.272129071908295606e+00 1.000000000000000056e-01
6.104417670682730801e+01 1.263529365978150132e+00 1.000000000000000056e-01
6.144578313253011714e+01 1.235386094127229439e+00 1.000000000000000056e-01
6.184738955823293338e+01 1.123499215143330066e+00 1.000000000000000056e-01
6.224899598393574252e+01 7.130919812865266216e-01 1.000000000000000056e-01
6.265060240963855165e+01 2.730145197005919289e-01 1.000000000000000056e-01
6.305220883534136789e+01 -3.667202236591047271e-01 1.000000000000000056e-01
6.345381526104417702e+01 -8.054065061945980819e-01 1.000000000000000056e-01
6.385542168674698615e+01 -7.396154670570697087e-01 1.000000000000000056e-01
6.425702811244980239e+01 -6.629007575823180343e-01 1.000000000000000056e-01
6.465863453815261153e+01 -4.798289541785751844e-01 1.000000000000000056e-01
6.506024096385542066e+01 2.161471515957509859e-01 1.000000000000000056e-01
6.546184738955822979e+01 1.015460333170023599e+00 1.000000000000000056e-01
6.586345381526103893e+01 1.104486348325811607e+00 1.000000000000000056e-01
6.626506024096384806e+01 8.359886052996127193e-01 1.000000000000000056e-01
6.666666666666667140e+01 3.255759995639143645e-01 1.000000000000000056e-01
6.706827309236948054e+01 -3.971144224936913325e-01 1.000000000000000056e-01
6.746987951807228967e+01 -1.143423364489966954e+00 1.000000000000000056e-01
6.787148594377509880e+01 -1.366705380153828697e+00 1.000000000000000056e-01
6.827309236947790794e+01 -1.011204185295905500e+00 1.000000000000000056e-01
6.867469879518071707e+01 -5.270158482424127655e-01 1.000000000000000056e-01
6.907630522088354041e+01 -7.211167607115762102e-02 1.000000000000000056e-01
6.947791164658634955e+01 -1.373995770585814402e-01 1.000000000000000056e-01
6.987951807228915868e+01 -1.933722985139383621e-01 1.000000000000000056e-01
7.028112449799196781e+01 -8.398615954534315309e-01 1.000000000000000056e-01
7.068273092369477695e+01 -1.399009643783241330e+00 1.000000000000000056e-01
7.108433734939758608e+01 -1.530535961560013147e+00 1.000000000000000056e-01
7.148594377510039521e+01 -1.449976202172206685e+00 1.000000000000000056e-01
7.188755020080321856e+01 -1.464001326484944077e+00 1.000000000000000056e-01
7.228915662650602769e+01 -1.294248221562314560e+00 1.000000000000000056e-01
7.269076305220883683e+01 -1.438766985432098133e+00 1.000000000000000056e-01
7.309236947791164596e+01 -1.825402015414723911e+00 1.000000000000000056e-01
7.349397590361445509e+01 -2.241827275082869608e+00 1.000000000000000056e-01
7.389558232931726423e+01 -2.470136600006374916e+00 1.000000000000000056e-01
7.429718875502007336e+01 -2.304072954955339370e+00 1.000000000000000056e-01
7.469879518072289670e+01 -1.817645410714581633e+00 1.000000000000000056e-01
7.510040160642570584e+01 -1.347115787369516759e+00 1.000000000000000056e-01
7.550200803212851497e+01 -1.026294310476525196e+00 1.000000000000000056e-01
7.590361445783132410e+01 -7.636172460692074448e-01 1.000000000000000056e-01
7.630522088353413324e+01 -1.034139220200312126e+00 1.000000000000000056e-01
7.670682730923694237e+01 -1.332720954943349634e+00 1.000000000000000056e-01
7.710843373493975150e+01 -1.557164733716083216e+00 1.000000000000000056e-01
7.751004016064257485e+01 -1.822965262776485185e+00 1.000000000000000056e-01
7.791164658634538398e+01 -1.825816255996937976e+00 1.000000000000000056e-01
7.831325301204819311e+01 -1.767383415133113811e+00 1.000000000000000056e-01
7.871485943775100225e+01 -1.891444763039662247e+00 1.000000000000000056e-01
7.911646586345381138e+01 -1.684546054642931612e+00 1.000000000000000056e-01
7.951807228915662051e+01 -1.564202150281770898e+00 1.000000000000000056e-01
7.991967871485944386e+01 -1.290691972183594105e+00 1.000000000000000056e-01
8.032128514056225299e+01 -1.241263202166494883e+00 1.000000000000000056e-01
8.072289156626506212e+01 -6.502639259195095445e-01 1.000000000000000056e-01
8.112449799196787126e+01 2.205694152519732665e-01 1.000000000000000056e-01
8.152610441767068039e+01 9.572552428085070453e-01 1.000000000000000056e-01
8.192771084337348952e+01 1.856490348655581935e+00 1.000000000000000056e-01
8.232931726907629866e+01 2.445776880786631580e+00 1.000000000000000056e-01
8.273092369477912200e+01 2.330122552763710164e+00 1.000000000000000056e-01
8.313253012048193114e+01 2.433428793660445066e+00 1.000000000000000056e-01
8.353413654618474027e+01 1.736842084936718100e+00 1.000000000000000056e-01
8.393574297188754940e+01 1.332693033395222271e+00 1.000000000000000056e-01
8.433734939759035854e+01 4.259004104797407542e-01 1.000000000000000056e-01
8.473895582329316767e+01 -2.861090109865286890e-01 1.000000000000000056e-01
8.514056224899597680e+01 -3.449813147765500854e-01 1.000000000000000056e-01
8.554216867469880015e+01 -1.767394286920786484e-01 1.000000000000000056e-01
8.594377510040160928e+01 2.131809387241229148e-01 1.000000000000000056e-01
8.634538152610441841e+01 5.911343940435019872e-01 1.000000000000000056e-01
8.674698795180722755e+01 5.288539397244305107e-01 1.000000000000000056e-01
8.714859437751003668e+01 3.917435765276380266e-01 1.000000000000000056e-01
8.755020080321284581e+01 -2.365127063772933247e-01 1.000000000000000056e-01
8.795180722891566916e+01 -1.143832501657366718e+00 1.000000000000000056e-01
8.835341365461847829e+01 -1.804435924965652749e+00 1.000000000000000056e-01
8.875502008032128742e+01 -1.880622193753544114e+00 1.000000000000000056e-01
8.915662650602409656e+01 -1.278257251054553567e+00 1.000000000000000056e-01
8.955823293172690569e+01 -2.468339284166334580e-01 1.000000000000000056e-01
8.995983935742971482e+01 5.268934124244794015e-01 1.000000000000000056e-01
9.036144578313252396e+01 1.208939389399902309e+00 1.000000000000000056e-01
9.076305220883534730e+01 1.494989765359322043e+00 1.000000000000000056e-01
9.116465863453815643e+01 1.416504129295778069e+00 1.000000000000000056e-01
9.156626506024096557e+01 1.143033447925634327e+00 1.000000000000000056e-01
9.196787148594377470e+01 8.488090262882933557e-01 1.000000000000000056e-01
9.236947791164658383e+01 2.838951147719618873e-01 1.000000000000000056e-01
9.277108433734939297e+01 -4.433443566197983743e-01 1.000000000000000056e-01
9.317269076305220210e+01 -9.029448233459677065e-01 1.000000000000000056e-01
9.357429718875502545e+01 -1.045956867344562946e+00 1.000000000000000056e-01
9.397590361445783458e+01 -1.027184176325425247e+00 1.000000000000000056e-01
9.437751004016064371e+01 -8.695891893359408709e-01 1.000000000000000056e-01
9.477911646586345285e+01 -9.676742292921644006e-01 1.000000000000000056e-01
9.518072289156626198e+01 -8.057415095165085805e-01 1.000000000000000056e-01
9.558232931726907111e+01 -9.178339015469949569e-01 1.000000000000000056e-01
9.598393574297188025e+01 -9.230418169782389493e-01 1.000000000000000056e-01
9.638554216867470359e+01 -1.227907029931083915e+00 1.000000000000000056e-01
9.678714859437751272e+01 -1.328049050313353074e+00 1.000000000000000056e-01
9.718875502008032186e+01 -1.564102794990123169e+00 1.000000000000000056e-01
9.759036144578313099e+01 -1.588230782434591593e+00 1.000000000000000056e-01
9.799196787148594012e+01 -1.081338627594905066e+00 1.000000000000000056e-01
9.839357429718874926e+01 -6.034231376539836433e-02 1.000000000000000056e-01
9.879518072289157260e+01 7.149316967556446079e-01 1.000000000000000056e-01
9.919678714859438173e+01 1.442713887779548898e+00 1.000000000000000056e-01
9.959839357429719087e+01 1.505748412661162217e+00 1.000000000000000056e-01
1.000000000000000000e+02 1.436849466006149267e+00 1.000000000000000056e-01
