0.000000000000000000e+00 7.019508088263862744e-01 1.000000000000000056e-01
4.016064257028112428e-01 1.353462647455552226e+00 1.000000000000000056e-01
8.032128514056224855e-01 1.817360410714517371e+00 1.000000000000000056e-01
1.204819277108433617e+00 2.318856153214784666e+00 1.000000000000000056e-01
1.606425702811244971e+00 1.919008773768292153e+00 1.000000000000000056e-01
2.008032128514056325e+00 9.599792064178563900e-01 1.000000000000000056e-01
2.409638554216867234e+00 -3.410618219120671868e-01 1.000000000000000056e-01
2.811244979919678588e+00 -2.106981124008383777e+00 1.000000000000000056e-01
3.212851405622489942e+00 -3.183361560520824085e+00 1.000000000000000056e-01
3.614457831325301296e+00 -3.112980800363912781e+00 1.000000000000000056e-01
4.016064257028112650e+00 -2.048040070448486016e+00 1.000000000000000056e-01
4.417670682730923559e+00 -1.095115794753032112e-02 1.000000000000000056e-01
4.819277108433734469e+00 1.719325519039155425e+00 1.000000000000000056e-01
5.220883534136546267e+00 3.239614197373533955e+00 1.000000000000000056e-01
5.622489959839357176e+00 4.262083845893582357e+00 1.000000000000000056e-01
6.024096385542168974e+00 4.623385628356296628e+00 1.000000000000000056e-01
6.425702811244979884e+00 4.766152282979569499e+00 1.000000000000000056e-01
6.827309236947790794e+00 4.494964564152033049e+00 1.000000000000000056e-01
7.228915662650602592e+00 3.465808490332269010e+00 1.000000000000000056e-01
7.630522088353413501e+00 2.269021156322212018e+00 1.000000000000000056e-01
8.032128514056225299e+00 1.282127125763597553e+00 1.000000000000000056e-01
8.433734939759036209e+00 5.592485735779020306e-01 1.000000000000000056e-01
8.835341365461847118e+00 2.658487301962930704e-02 1.000000000000000056e-01
9.236947791164658028e+00 8.396935599377586268e-02 1.000000000000000056e-01
9.638554216867468938e+00 5.751025540184737106e-02 1.000000000000000056e-01
1.004016064257028162e+01 -5.575206587260818081e-01 1.000000000000000056e-01
1.044176706827309253e+01 -1.284343131871983790e+00 1.000000000000000056e-01
1.084337349397590344e+01 -2.431041961462127254e+00 1.000000000000000056e-01
1.124497991967871435e+01 -2.672954676899856885e+00 1.000000000000000056e-01
1.164658634538152526e+01 -2.783344014151910795e+00 1.000000000000000056e-01
1.204819277108433795e+01 -2.046244526779487316e+00 1.000000000000000056e-01
1.244979919678714886e+01 -1.209443144611501930e+00 1.000000000000000056e-01
1.285140562248995977e+01 -5.213196121545354833e-01 1.000000000000000056e-01
1.325301204819277068e+01 -2.595946493689282319e-01 1.000000000000000056e-01
1.365461847389558159e+01 -2.852069152482096248e-01 1.000000000000000056e-01
1.405622489959839427e+01 -7.983905949478490305e-01 1.000000000000000056e-01
1.445783132530120518e+01 -7.848569219173111566e-01 1.000000000000000056e-01
1.485943775100401609e+01 -8.180024158425360792e-01 1.000000000000000056e-01
1.526104417670682700e+01 -9.634038692965265493e-01 1.000000000000000056e-01
1.566265060240963791e+01 -7.394318727417948933e-01 1.000000000000000056e-01
1.606425702811245060e+01 -7.805531293248721969e-01 1.000000000000000056e-01
1.646586345381525973e+01 -8.327427552273194422e-01 1.000000000000000056e-01
1.686746987951807242e+01 3.688031637125885331e-02 1.000000000000000056e-01
1.726907630522088510e+01 4.689807622244150931e-01 1.000000000000000056e-01
1.767068273092369424e+01 1.093237678709887195e+00 1.000000000000000056e-01
1.807228915662650692e+01 1.259867857019237869e+00 1.000000000000000056e-01
1.847389558232931606e+01 6.319980435032774846e-01 1.000000000000000056e-01
1.887550200803212874e+01 6.692647306105650173e-01 1.000000000000000056e-01
1.927710843373493788e+01 7.988702568056877951e-01 1.000000000000000056e-01
1.967871485943775056e+01 1.120546755873757405e+00 1.000000000000000056e-01
2.008032128514056325e+01 1.332072044931059907e+00 1.000000000000000056e-01
2.048192771084337238e+01 1.407651115339986214e+00 1.000000000000000056e-01
2.088353413654618507e+01 1.525122683164299220e+00 1.000000000000000056e-01
2.128514056224899420e+01 1.055067985224777960e+00 1.000000000000000056e-01
2.168674698795180689e+01 7.022619638988270019e-01 1.000000000000000056e-01
2.208835341365461957e+01 -2.540108316637549324e-01 1.000000000000000056e-01
2.248995983935742871e+01 -7.316873378191713906e-01 1.000000000000000056e-01
2.289156626506024139e+01 -8.463517650655685287e-01 1.000000000000000056e-01
2.329317269076305053e+01 -4.116403731282667899e-01 1.000000000000000056e-01
2.369477911646586321e+01 1.079728252913113029e-01 1.000000000000000056e-01
2.409638554216867590e+01 5.499128824759412781e-01 1.000000000000000056e-01
2.449799196787148503e+01 1.254217920222258309e+00 1.000000000000000056e-01
2.489959839357429772e+01 1.282731092837876341e+00 1.000000000000000056e-01
2.530120481927710685e+01 1.223584035353150856e+00 1.000000000000000056e-01
2.570281124497991954e+01 7.687943351555373006e-01 1.000000000000000056e-01
2.610441767068273222e+01 3.815505070704658941e-01 1.000000000000000056e-01
2.650602409638554136e+01 3.952549181295976766e-01 1.000000000000000056e-01
2.690763052208835404e+01 2.975535551170641613e-01 1.000000000000000056e-01
2.730923694779116317e+01 2.690706990892300365e-01 1.000000000000000056e-01
2.771084337349397586e+01 7.531511873915275324e-02 1.000000000000000056e-01
2.811244979919678855e+01 -5.237057356391106033e-01 1.000000000000000056e-01
2.851405622489959768e+01 -9.588307641753016641e-01 1.000000000000000056e-01
2.891566265060241037e+01 -1.133187163361141225e+00 1.000000000000000056e-01
2.931726907630521950e+01 -1.445793041979209770e+00 1.000000000000000056e-01
2.971887550200803219e+01 -1.498679828541848558e+00 1.000000000000000056e-01
3.012048192771084487e+01 -1.700421902391523687e+00 1.000000000000000056e-01
3.052208835341365400e+01 -2.206019959709750289e+00 1.000000000000000056e-01
3.092369477911646669e+01 -2.235064263951213270e+00 1.000000000000000056e-01
3.132530120481927582e+01 -2.088513802321263491e+00 1.000000000000000056e-01
3.172690763052208851e+01 -1.671968725047725535e+00 1.000000000000000056e-01
3.212851405622490120e+01 -1.017754748289701361e+00 1.000000000000000056e-01
3.253012048192771033e+01 -6.934819902807909386e-01 1.000000000000000056e-01
3.293172690763051946e+01 1.593271553141059893e-01 1.000000000000000056e-01
3.333333333333333570e+01 3.954881735749194438e-01 1.000000000000000056e-01
3.373493975903614484e+01 4.798099339540407016e-01 1.000000000000000056e-01
3.413654618473895397e+01 -4.535710014080251984e-02 1.000000000000000056e-01
3.453815261044177021e+01 -3.344801873484486432e-01 1.000000000000000056e-01
3.493975903614457934e+01 -7.688833109508652619e-01 1.000000000000000056e-01
3.534136546184738847e+01 -9.242660738422954214e-01 1.000000000000000056e-01
3.574297188755019761e+01 -1.308805299677575196e+00 1.000000000000000056e-01
3.614457831325301385e+01 -1.123704674309701002e+00 1.000000000000000056e-01
3.654618473895582298e+01 -1.319479752387317184e+00 1.000000000000000056e-01
3.694779116465863211e+01 -1.368433799405996742e+00 1.000000000000000056e-01
3.734939759036144835e+01 -1.140440169683633043e+00 1.000000000000000056e-01
3.775100401606425748e+01 -1.147086437487859101e+00 1.000000000000000056e-01
3.815261044176706662e+01 -1.091906165807058127e+00 1.000000000000000056e-01
3.855421686746987575e+01 -1.190793371406110746e+00 1.000000000000000056e-01
3.895582329317269199e+01 -1.685633188613836708e+00 1.000000000000000056e-01
3.935742971887550112e+01 -2.149570510988895400e+00 1.000000000000000056e-01
3.975903614457831026e+01 -2.051454344497761539e+00 1.000000000000000056e-01
4.016064257028112650e+01 -1.792332240660521547e+00 1.000000000000000056e-01
4.056224899598393563e+01 -1.202486380759203222e+00 1.000000000000000056e-01
4.096385542168674476e+01 -8.421073107718271000e-01 1.000000000000000056e-01
4.136546184738956100e+01 -5.559527806643750347e-01 1.000000000000000056e-01
4.176706827309237013e+01 -5.359702845335498345e-02 1.000000000000000056e-01
4.216867469879517927e+01 -4.267919416645063468e-02 1.000000000000000056e-01
4.257028112449798840e+01 3.268459027967873104e-02 1.000000000000000056e-01
4.297188755020080464e+01 -5.288336438386052052e-01 1.000000000000000056e-01
4.337349397590361377e+01 -7.736570084601138708e-01 1.000000000000000056e-01
4.377510040160642291e+01 -1.172728806657601153e+00 1.000000000000000056e-01
4.417670682730923915e+01 -1.191228387760337126e+00 1.000000000000000056e-01
4.457831325301204828e+01 -6.391380651421596504e-01 1.000000000000000056e-01
4.497991967871485741e+01 4.175284476381782572e-03 1.000000000000000056e-01
4.538152610441767365e+01 2.598013581433988861e-01 1.000000000000000056e-01
4.578313253012048278e+01 -2.186331426620563567e-02 1.000000000000000056e-01
4.618473895582329192e+01 -6.762787269438509385e-01 1.000000000000000056e-01
4.658634538152610105e+01 -1.039851308322747858e+00 1.000000000000000056e-01
4.698795180722891729e+01 -1.544757473647553114e+00 1.000000000000000056e-01
4.738955823293172642e+01 -1.353817897019537808e+00 1.000000000000000056e-01
4.779116465863453556e+01 -1.091212237546552277e+00 1.000000000000000056e-01
4.819277108433735179e+01 -6.185707638741193559e-01 1.000000000000000056e-01
4.859437751004016093e+01 -6.385270710658550453e-01 1.000000000000000056e-01
4.899598393574297006e+01 -1.081861419977554695e+00 1.000000000000000056e-01
4.939759036144578630e+01 -1.145428086498794684e+00 1.000000000000000056e-01
4.979919678714859543e+01 -1.389766717764779447e+00 1.000000000000000056e-01
5.020080321285140457e+01 -1.007113937344898513e+00 1.000000000000000056e-01
5.060240963855421370e+01 -2.432676453127549654e-01 1.000000000000000056e-01
5.100401606425702994e+01 7.821392403761138201e-01 1.000000000000000056e-01
5.140562248995983907e+01 1.706309241630098450e+00 1.000000000000000056e-01
5.180722891566264821e+01 2.199374074338653173e+00 1.000000000000000056e-01
5.220883534136546444e+01 2.106261495205048462e+00 1.000000000000000056e-01
5.261044176706827358e+01 1.919903389936455484e+00 1.000000000000000056e-01
5.301204819277108271e+01 2.327663242616724748e+00 1.000000000000000056e-01
5.341365461847389184e+01 2.497964496418524138e+00 1.000000000000000056e-01
5.381526104417670808e+01 2.405513782312322935e+00 1.000000000000000056e-01
5.421686746987951722e+01 2.152862496380703483e+00 1.000000000000000056e-01
5.461847389558232635e+01 1.671355401697265153e+00 1.000000000000000056e-01
5.502008032128514259e+01 1.212121994390551238e+00 1.000000000000000056e-01
5.542168674698795172e+01 1.238254440993752814e+00 1.000000000000000056e-01
5.582329317269076085e+01 9.841812115451569198e-01 1.000000000000000056e-01
5.622489959839357709e+01 9.730909786760354452e-01 1.000000000000000056e-01
5.662650602409638623e+01 4.523157382601140086e-01 1.000000000000000056e-01
5.702811244979919536e+01 7.431198704033735447e-02 1.000000000000000056e-01
5.742971887550200449e+01 -5.087646887264410944e-01 1.000000000000000056e-01
5.783132530120482073e+01 -9.461622656236086115e-01 1.000000000000000056e-01
5.823293172690762987e+01 -1.039811077435359721e+00 1.000000000000000056e-01
5.863453815261043900e+01 -1.640242440349409581e+00 1.000000000000000056e-01
5.903614457831325524e+01 -1.869925950534065073e+00 1.000000000000000056e-01
5.943775100401606437e+01 -1.682454789312573862e+00 1.000000000000000056e-01
5.983935742971887350e+01 -1.505108164122007430e+00 1.000000000000000056e-01
6.024096385542168974e+01 -8.938017844524088762e-01 1.000000000000000056e-01
6.064257028112449888e+01 -8.795947709135193415e-01 1.000000000000000056e-01
6.104417670682730801e+01 -9.246988634954151909e-01 1.000000000000000056e-01
6.144578313253011714e+01 -7.471720594986654973e-01 1.000000000000000056e-01
6.184738955823293338e+01 -7.872744871426293756e-01 1.000000000000000056e-01
6.224899598393574252e+01 -7.955094757910692316e-01 1.000000000000000056e-01
6.265060240963855165e+01 -6.449701993947539735e-01 1.000000000000000056e-01
6.305220883534136789e+01 -6.175548698569285344e-01 1.000000000000000056e-01
6.345381526104417702e+01 -4.014797580188402826e-01 1.000000000000000056e-01
6.385542168674698615e+01 -2.034797484214455054e-01 1.000000000000000056e-01
6.425702811244980239e+01 3.582984427497781232e-01 1.000000000000000056e-01
6.465863453815261153e+01 4.981524346748575360e-01 1.000000000000000056e-01
6.506024096385542066e+01 4.346487395261695585e-01 1.000000000000000056e-01
6.546184738955822979e+01 3.715214522004223197e-01 1.000000000000000056e-01
6.586345381526103893e+01 1.182015447425849575e-01 1.000000000000000056e-01
6.626506024096384806e+01 1.245720164595226498e-02 1.000000000000000056e-01
6.666666666666667140e+01 1.646766631275582704e-01 1.000000000000000056e-01
6.706827309236948054e+01 3.247674154409194713e-01 1.000000000000000056e-01
6.746987951807228967e+01 1.202771687604662132e+00 1.000000000000000056e-01
6.787148594377509880e+01 2.213022061657929473e+00 1.000000000000000056e-01
6.827309236947790794e+01 3.107668820581732660e+00 1.000000000000000056e-01
6.867469879518071707e+01 3.580291538673564311e+00 1.000000000000000056e-01
6.907630522088354041e+01 3.528666561598427620e+00 1.000000000000000056e-01
6.947791164658634955e+01 2.778846267049856156e+00 1.000000000000000056e-01
6.987951807228915868e+01 2.073863317178219479e+00 1.000000000000000056e-01
7.028112449799196781e+01 1.404270650377617891e+00 1.000000000000000056e-01
7.068273092369477695e+01 9.436274876173899040e-01 1.000000000000000056e-01
7.108433734939758608e+01 6.137153786543093625e-01 1.000000000000000056e-01
7.148594377510039521e+01 3.937511052925476984e-01 1.000000000000000056e-01
7.188755020080321856e+01 9.948283363776122545e-01 1.000000000000000056e-01
7.228915662650602769e+01 1.384712638453866163e+00 1.000000000000000056e-01
7.269076305220883683e+01 2.051831092538960011e+00 1.000000000000000056e-01
7.309236947791164596e+01 2.286110891814893797e+00 1.000000000000000056e-01
7.349397590361445509e+01 1.871607670572035254e+00 1.000000000000000056e-01
7.389558232931726423e+01 1.500357781585596850e+00 1.000000000000000056e-01
7.429718875502007336e+01 5.580401238358793092e-01 1.000000000000000056e-01
7.469879518072289670e+01 -1.301401985542419426e-01 1.000000000000000056e-01
7.510040160642570584e+01 -5.226660953383613917e-01 1.000000000000000056e-01
7.550200803212851497e+01 -8.522656408395791194e-01 1.000000000000000056e-01
7.590361445783132410e+01 -9.458319746078688306e-01 1.000000000000000056e-01
7.630522088353413324e+01 -1.276988408388742613e+00 1.000000000000000056e-01
7.670682730923694237e+01 -1.165005254685711922e+00 1.000000000000000056e-01
7.710843373493975150e+01 -9.120595894480267862e-01 1.000000000000000056e-01
7.751004016064257485e+01 -4.984637997301302748e-01 1.000000000000000056e-01
7.791164658634538398e+01 -3.128377273960550875e-01 1.000000000000000056e-01
7.831325301204819311e+01 -9.875342223500729877e-02 1.000000000000000056e-01
7.871485943775100225e+01 -1.440212707831654004e-01 1.000000000000000056e-01
7.911646586345381138e+01 -3.514493185868621250e-01 1.000000000000000056e-01
7.951807228915662051e+01 -7.958462582197799451e-01 1.000000000000000056e-01
7.991967871485944386e+01 -8.349002579294189097e-01 1.000000000000000056e-01
8.032128514056225299e+01 -5.512236435943305146e-01 1.000000000000000056e-01
8.072289156626506212e+01 -5.021614112417674969e-01 1.000000000000000056e-01
8.112449799196787126e+01 -9.601718120054816286e-01 1.000000000000000056e-01
8.152610441767068039e+01 -8.704400972992210050e-01 1.000000000000000056e-01
8.192771084337348952e+01 -1.330638079692365583e+00 1.000000000000000056e-01
8.232931726907629866e+01 -1.361995344297947330e+00 1.000000000000000056e-01
8.273092369477912200e+01 -1.242596489426893047e+00 1.000000000000000056e-01
8.313253012048193114e+01 -1.616361535992885123e+00 1.000000000000000056e-01
8.353413654618474027e+01 -1.461248241940058090e+00 1.000000000000000056e-01
8.393574297188754940e+01 -1.601371074202088352e+00 1.000000000000000056e-01
8.433734939759035854e+01 -1.609577692320078413e+00 1.000000000000000056e-01
8.473895582329316767e+01 -1.792745248429236327e+00 1.000000000000000056e-01
8.514056224899597680e+01 -1.810709188578440987e+00 1.000000000000000056e-01
8.554216867469880015e+01 -2.087404951166324629e+00 1.000000000000000056e-01
8.594377510040160928e+01 -1.402198521915540175e+00 1.000000000000000056e-01
8.634538152610441841e+01 -8.880672482558402692e-01 1.000000000000000056e-01
8.674698795180722755e+01 1.801207020602910505e-02 1.000000000000000056e-01
8.714859437751003668e+01 1.165560613527774514e+00 1.000000000000000056e-01
8.755020080321284581e+01 2.392614972792877381e+00 1.000000000000000056e-01
8.795180722891566916e+01 3.740782406394629334e+00 1.000000000000000056e-01
8.835341365461847829e+01 5.013886556515267934e+00 1.000000000000000056e-01
8.875502008032128742e+01 5.418528634321361892e+00 1.000000000000000056e-01
8.915662650602409656e+01 4.748240934420020487e+00 1.000000000000000056e-01
8.955823293172690569e+01 3.873779235414563260e+00 1.000000000000000056e-01
8.995983935742971482e+01 2.685011931142436303e+00 1.000000000000000056e-01
9.036144578313252396e+01 1.337940708506428100e+00 1.000000000000000056e-01
9.076305220883534730e+01 4.729749535107605207e-02 1.000000000000000056e-01
9.116465863453815643e+01 -9.343835773356193863e-01 1.000000000000000056e-01
9.156626506024096557e+01 -1.358260214544055211e+00 1.000000000000000056e-01
9.196787148594377470e+01 -1.422263059859869339e+00 1.000000000000000056e-01
9.236947791164658383e+01 -1.142061890137207936e+00 1.000000000000000056e-01
9.277108433734939297e+01 -7.425983412309975495e-01 1.000000000000000056e-01
9.317269076305220210e+01 -2.092578344932526924e-01 1.000000000000000056e-01
9.357429718875502545e+01 -1.098648378865614561e-01 1.000000000000000056e-01
9.397590361445783458e+01 -2.370162806003892342e-01 1.000000000000000056e-01
9.437751004016064371e+01 -4.116457077880038562e-01 1.000000000000000056e-01
9.477911646586345285e+01 -6.064280595118668460e-01 1.000000000000000056e-01
9.518072289156626198e+01 -7.623526437974903480e-01 1.000000000000000056e-01
9.558232931726907111e+01 -1.013362873342406711e+00 1.000000000000000056e-01
9.598393574297188025e+01 -8.008455960818452457e-01 1.000000000000000056e-01
9.638554216867470359e+01 -7.933718151641035998e-01 1.000000000000000056e-01
9.678714859437751272e+01 -8.732052848730086358e-01 1.000000000000000056e-01
9.718875502008032186e+01 -5.390192746289883541e-01 1.000000000000000056e-01
9.759036144578313099e+01 3.856437587241424991e-02 1.000000000000000056e-01
9.799196787148594012e+01 9.546325413339694643e-01 1.000000000000000056e-01
9.839357429718874926e+01 1.691039494935434151e+00 1.000000000000000056e-01
9.879518072289157260e+01 2.278510289248908194e+00 1.000000000000000056e-01
9.919678714859438173e+01 2.362730794763319597e+00 1.000000000000000056e-01
9.959839357429719087e+01 1.828944597179415821e+00 1.000000000000000056e-01
1.000000000000000000e+02 1.148336445612101020e+00 1.000000000000000056e-01
