0.000000000000000000e+00 -1.538036164323846045e+00 1.000000000000000056e-01
4.016064257028112428e-01 -9.920198313884989183e-01 1.000000000000000056e-01
8.032128514056224855e-01 -4.387853642463974690e-01 1.000000000000000056e-01
1.204819277108433617e+00 -9.352231792720469561e-02 1.000000000000000056e-01
1.606425702811244971e+00 4.779643567649453639e-01 1.000000000000000056e-01
2.008032128514056325e+00 7.398381460988985303e-01 1.000000000000000056e-01
2.409638554216867234e+00 6.888781864805781918e-01 1.000000000000000056e-01
2.811244979919678588e+00 1.202729174267347934e-01 1.000000000000000056e-01
3.212851405622489942e+00 -2.855784867098825064e-01 1.000000000000000056e-01
3.614457831325301296e+00 -9.514047955213448260e-01 1.000000000000000056e-01
4.016064257028112650e+00 -1.553387131099073892e+00 1.000000000000000056e-01
4.417670682730923559e+00 -2.118427895391302940e+00 1.000000000000000056e-01
4.819277108433734469e+00 -1.790896190438609370e+00 1.000000000000000056e-01
5.220883534136546267e+00 -1.555649251507799091e+00 1.000000000000000056e-01
5.622489959839357176e+00 -1.013179720135735762e+00 1.000000000000000056e-01
6.024096385542168974e+00 -2.398288253789773450e-01 1.000000000000000056e-01
6.425702811244979884e+00 1.350346230492034671e-01 1.000000000000000056e-01
6.827309236947790794e+00 9.083947799711056259e-02 1.000000000000000056e-01
7.228915662650602592e+00 -4.086752858118839621e-02 1.000000000000000056e-01
7.630522088353413501e+00 -7.967385450086414411e-02 1.000000000000000056e-01
8.032128514056225299e+00 -1.013682567269413720e-01 1.000000000000000056e-01
8.433734939759036209e+00 -5.740541320014109355e-02 1.000000000000000056e-01
8.835341365461847118e+00 -2.024754224092413513e-02 1.000000000000000056e-01
9.236947791164658028e+00 9.563911171615259443e-02 1.000000000000000056e-01
9.638554216867468938e+00 3.386265389984013385e-01 1.000000000000000056e-01
1.004016064257028162e+01 5.286336172516238330e-01 1.000000000000000056e-01
1.044176706827309253e+01 6.810203204138794986e-01 1.000000000000000056e-01
1.084337349397590344e+01 7.878577554419287088e-01 1.000000000000000056e-01
1.124497991967871435e+01 1.147953914731510761e+00 1.000000000000000056e-01
1.164658634538152526e+01 7.954922042317582598e-01 1.000000000000000056e-01
1.204819277108433795e+01 6.639042372086791932e-01 1.000000000000000056e-01
1.244979919678714886e+01 2.848485024458449755e-01 1.000000000000000056e-01
1.285140562248995977e+01 2.646133323673477422e-02 1.000000000000000056e-01
1.325301204819277068e+01 -1.614983109240806791e-01 1.000000000000000056e-01
1.365461847389558159e+01 -4.311645169143705769e-01 1.000000000000000056e-01
1.405622489959839427e+01 -6.054785236646700319e-01 1.000000000000000056e-01
1.445783132530120518e+01 -8.482082995527739921e-01 1.000000000000000056e-01
1.485943775100401609e+01 -5.913938919992978160e-01 1.000000000000000056e-01
1.526104417670682700e+01 -7.277288724328719871e-01 1.000000000000000056e-01
1.566265060240963791e+01 -6.800698723529702283e-01 1.000000000000000056e-01
1.606425702811245060e+01 -8.216068129546414411e-01 1.000000000000000056e-01
1.646586345381525973e+01 -8.856632910966052430e-01 1.000000000000000056e-01
1.686746987951807242e+01 -1.120914158357916302e+00 1.000000000000000056e-01
1.726907630522088510e+01 -1.523712773027352751e+00 1.000000000000000056e-01
1.767068273092369424e+01 -1.568435386413306265e+00 1.000000000000000056e-01
1.807228915662650692e+01 -1.449508071217534999e+00 1.000000000000000056e-01
1.847389558232931606e+01 -7.730435048789838781e-01 1.000000000000000056e-01
1.887550200803212874e+01 -5.355124007581102408e-01 1.000000000000000056e-01
1.927710843373493788e+01 2.850695693205947956e-01 1.000000000000000056e-01
1.967871485943775056e+01 8.336061760907507168e-01 1.000000000000000056e-01
2.008032128514056325e+01 1.023273610148888624e+00 1.000000000000000056e-01
2.048192771084337238e+01 1.168131013614669200e+00 1.000000000000000056e-01
2.088353413654618507e+01 1.286821076672951536e+00 1.000000000000000056e-01
2.128514056224899420e+01 1.151485071522990067e+00 1.000000000000000056e-01
2.168674698795180689e+01 9.103231383112920794e-01 1.000000000000000056e-01
2.208835341365461957e+01 8.046100617865659110e-01 1.000000000000000056e-01
2.248995983935742871e+01 5.768575473184816005e-01 1.000000000000000056e-01
2.289156626506024139e+01 4.465209188494507209e-01 1.000000000000000056e-01
2.329317269076305053e+01 -6.430407168327864631e-03 1.000000000000000056e-01
2.369477911646586321e+01 -5.043829831780936024e-01 1.000000000000000056e-01
2.409638554216867590e+01 -9.501603355625717340e-01 1.000000000000000056e-01
2.449799196787148503e+01 -1.383919086848974356e+00 1.000000000000000056e-01
2.489959839357429772e+01 -1.565371515581538420e+00 1.000000000000000056e-01
2.530120481927710685e+01 -1.668643448997028766e+00 1.000000000000000056e-01
2.570281124497991954e+01 -1.445455536242306938e+00 1.000000000000000056e-01
2.610441767068273222e+01 -1.354322076743483594e+00 1.000000000000000056e-01
2.650602409638554136e+01 -1.278345025275032798e+00 1.000000000000000056e-01
2.690763052208835404e+01 -1.183877786470957760e+00 1.000000000000000056e-01
2.730923694779116317e+01 -1.001477205367672818e+00 1.000000000000000056e-01
2.771084337349397586e+01 -9.410253043233733905e-01 1.000000000000000056e-01
2.811244979919678855e+01 -1.876494601443403631e-01 1.000000000000000056e-01
2.851405622489959768e+01 -1.947279177690747209e-04 1.000000000000000056e-01
2.891566265060241037e+01 4.427305849033825180e-01 1.000000000000000056e-01
2.931726907630521950e+01 6.157190027109215036e-01 1.000000000000000056e-01
2.971887550200803219e+01 9.415884983570961264e-01 1.000000000000000056e-01
3.012048192771084487e+01 1.076678377913011797e+00 1.000000000000000056e-01
3.052208835341365400e+01 9.763427605725085723e-01 1.000000000000000056e-01
3.092369477911646669e+01 8.154064074953839558e-01 1.000000000000000056e-01
3.132530120481927582e+01 7.751325145045317999e-01 1.000000000000000056e-01
3.172690763052208851e+01 9.445660352845525187e-02 1.000000000000000056e-01
3.212851405622490120e+01 -3.000820944814143187e-01 1.000000000000000056e-01
3.253012048192771033e+01 -5.406875389514927965e-01 1.000000000000000056e-01
3.293172690763051946e+01 -1.241908531284892092e+00 1.000000000000000056e-01
3.333333333333333570e+01 -1.866386534676764963e+00 1.000000000000000056e-01
3.373493975903614484e+01 -2.032216896254220639e+00 1.000000000000000056e-01
3.413654618473895397e+01 -2.338474670382199250e+00 1.000000000000000056e-01
3.453815261044177021e+01 -2.489494876299421566e+00 1.000000000000000056e-01
3.493975903614457934e+01 -2.396829070227136427e+00 1.000000000000000056e-01
3.534136546184738847e+01 -2.152176174300604039e+00 1.000000000000000056e-01
3.574297188755019761e+01 -1.779731750355320719e+00 1.000000000000000056e-01
3.614457831325301385e+01 -1.660890323695404458e+00 1.000000000000000056e-01
3.654618473895582298e+01 -1.062555092692574199e+00 1.000000000000000056e-01
3.694779116465863211e+01 -7.357833464106643406e-01 1.000000000000000056e-01
3.734939759036144835e+01 -6.313039944007438065e-01 1.000000000000000056e-01
3.775100401606425748e+01 -4.589827414587622778e-01 1.000000000000000056e-01
3.815261044176706662e+01 -4.793543422276087540e-01 1.000000000000000056e-01
3.855421686746987575e+01 -9.050446988157689887e-02 1.000000000000000056e-01
3.895582329317269199e+01 3.644172475034846981e-01 1.000000000000000056e-01
3.935742971887550112e+01 7.026880315097202567e-01 1.000000000000000056e-01
3.975903614457831026e+01 8.490424708695348821e-01 1.000000000000000056e-01
4.016064257028112650e+01 9.434576308826951863e-01 1.000000000000000056e-01
4.056224899598393563e+01 7.916026071130228825e-01 1.000000000000000056e-01
4.096385542168674476e+01 1.825840002239878523e-01 1.000000000000000056e-01
4.136546184738956100e+01 1.483651198758682843e-01 1.000000000000000056e-01
4.176706827309237013e+01 -4.544919414142217784e-01 1.000000000000000056e-01
4.216867469879517927e+01 -9.731703032714723589e-01 1.000000000000000056e-01
4.257028112449798840e+01 -1.654461496931719511e+00 1.000000000000000056e-01
4.297188755020080464e+01 -2.105483190245572178e+00 1.000000000000000056e-01
4.337349397590361377e+01 -2.219984275666256668e+00 1.000000000000000056e-01
4.377510040160642291e+01 -2.260033490869520101e+00 1.000000000000000056e-01
4.417670682730923915e+01 -2.475478733545438015e+00 1.000000000000000056e-01
4.457831325301204828e+01 -2.154084718772861784e+00 1.000000000000000056e-01
4.497991967871485741e+01 -2.132422907786541089e+00 1.000000000000000056e-01
4.538152610441767365e+01 -1.804076760720697337e+00 1.000000000000000056e-01
4.578313253012048278e+01 -1.263032233349040911e+00 1.000000000000000056e-01
4.618473895582329192e+01 -6.551214339859909863e-01 1.000000000000000056e-01
4.658634538152610105e+01 -3.429484707037714353e-01 1.000000000000000056e-01
4.698795180722891729e+01 -3.099018445069524619e-01 1.000000000000000056e-01
4.738955823293172642e+01 -5.054306471629926856e-01 1.000000000000000056e-01
4.779116465863453556e+01 -9.331368458333346716e-01 1.000000000000000056e-01
4.819277108433735179e+01 -1.367863371421230934e+00 1.000000000000000056e-01
4.859437751004016093e+01 -1.431564046469617102e+00 1.000000000000000056e-01
4.899598393574297006e+01 -1.623918972734890165e+00 1.000000000000000056e-01
4.939759036144578630e+01 -1.911732345521527598e+00 1.000000000000000056e-01
4.979919678714859543e+01 -1.642378842162064645e+00 1.000000000000000056e-01
5.020080321285140457e+01 -1.758429891103683307e+00 1.000000000000000056e-01
5.060240963855421370e+01 -1.565606082545727862e+00 1.000000000000000056e-01
5.100401606425702994e+01 -1.255166165923722765e+00 1.000000000000000056e-01
5.140562248995983907e+01 -6.937086416097304475e-01 1.000000000000000056e-01
5.180722891566264821e+01 8.816606718096475781e-03 1.000000000000000056e-01
5.220883534136546444e+01 1.099598449076782503e+00 1.000000000000000056e-01
5.261044176706827358e+01 1.644281171356504201e+00 1.000000000000000056e-01
5.301204819277108271e+01 2.222152033941616089e+00 1.000000000000000056e-01
5.341365461847389184e+01 2.686520582053709028e+00 1.000000000000000056e-01
5.381526104417670808e+01 2.826287268940631758e+00 1.000000000000000056e-01
5.421686746987951722e+01 2.690963146835609887e+00 1.000000000000000056e-01
5.461847389558232635e+01 2.312767122859435087e+00 1.000000000000000056e-01
5.502008032128514259e+01 1.755347605510576559e+00 1.000000000000000056e-01
5.542168674698795172e+01 1.355766848803421354e+00 1.000000000000000056e-01
5.582329317269076085e+01 9.745828848138998746e-01 1.000000000000000056e-01
5.622489959839357709e+01 3.771966720543917795e-01 1.000000000000000056e-01
5.662650602409638623e+01 1.777999394361251539e-01 1.000000000000000056e-01
5.702811244979919536e+01 9.401979379217109689e-02 1.000000000000000056e-01
5.742971887550200449e+01 2.370500089639835939e-01 1.000000000000000056e-01
5.783132530120482073e+01 -2.121607692148741453e-01 1.000000000000000056e-01
5.823293172690762987e+01 -3.329021663310168799e-01 1.000000000000000056e-01
5.863453815261043900e+01 -9.486084209020528846e-02 1.000000000000000056e-01
5.903614457831325524e+01 -2.442436220123203605e-01 1.000000000000000056e-01
5.943775100401606437e+01 -1.657138158243890991e-01 1.000000000000000056e-01
5.983935742971887350e+01 -4.184928228065582650e-02 1.000000000000000056e-01
6.024096385542168974e+01 -2.298846030283073771e-01 1.000000000000000056e-01
6.064257028112449888e+01 -1.356081433966230820e-01 1.000000000000000056e-01
6.104417670682730801e+01 -1.821239359027360671e-01 1.000000000000000056e-01
6.144578313253011714e+01 -1.314995801680936272e-01 1.000000000000000056e-01
6.184738955823293338e+01 3.336994506826639895e-01 1.000000000000000056e-01
6.224899598393574252e+01 7.823810944439517634e-01 1.000000000000000056e-01
6.265060240963855165e+01 1.033805187509246881e+00 1.000000000000000056e-01
6.305220883534136789e+01 1.552146316025719175e+00 1.000000000000000056e-01
6.345381526104417702e+01 1.747893962736884799e+00 1.000000000000000056e-01
6.385542168674698615e+01 1.747416473864811692e+00 1.000000000000000056e-01
6.425702811244980239e+01 1.607423852517982032e+00 1.000000000000000056e-01
6.465863453815261153e+01 1.233833221862667306e+00 1.000000000000000056e-01
6.506024096385542066e+01 1.026381077647855244e+00 1.000000000000000056e-01
6.546184738955822979e+01 9.365006317143129699e-01 1.000000000000000056e-01
6.586345381526103893e+01 9.725339395745116189e-01 1.000000000000000056e-01
6.626506024096384806e+01 1.281208218867752935e+00 1.000000000000000056e-01
6.666666666666667140e+01 1.468888045136898635e+00 1.000000000000000056e-01
6.706827309236948054e+01 1.930631429582368774e+00 1.000000000000000056e-01
6.746987951807228967e+01 2.151659772451989028e+00 1.000000000000000056e-01
6.787148594377509880e+01 2.105068713738329489e+00 1.000000000000000056e-01
6.827309236947790794e+01 2.439222585000687449e+00 1.000000000000000056e-01
6.867469879518071707e+01 2.022968460335410334e+00 1.000000000000000056e-01
6.907630522088354041e+01 2.166509804231345537e+00 1.000000000000000056e-01
6.947791164658634955e+01 1.678069304974894260e+00 1.000000000000000056e-01
6.987951807228915868e+01 1.384629258144081332e+00 1.000000000000000056e-01
7.028112449799196781e+01 1.032377016319468988e+00 1.000000000000000056e-01
7.068273092369477695e+01 8.196761757216098898e-01 1.000000000000000056e-01
7.108433734939758608e+01 8.646623983123855606e-01 1.000000000000000056e-01
7.148594377510039521e+01 7.356102481181179265e-01 1.000000000000000056e-01
7.188755020080321856e+01 9.169021844573805868e-01 1.000000000000000056e-01
7.228915662650602769e+01 1.252906910426468956e+00 1.000000000000000056e-01
7.269076305220883683e+01 1.289118914783243586e+00 1.000000000000000056e-01
7.309236947791164596e+01 1.592312492312533134e+00 1.000000000000000056e-01
7.349397590361445509e+01 1.778962701118030676e+00 1.000000000000000056e-01
7.389558232931726423e+01 1.638163700694742708e+00 1.000000000000000056e-01
7.429718875502007336e+01 1.512444374989866613e+00 1.000000000000000056e-01
7.469879518072289670e+01 1.383106516755565396e+00 1.000000000000000056e-01
7.510040160642570584e+01 1.399301236362326284e+00 1.000000000000000056e-01
7.550200803212851497e+01 1.128561364828151614e+00 1.000000000000000056e-01
7.590361445783132410e+01 7.839099685647313853e-01 1.000000000000000056e-01
7.630522088353413324e+01 1.002565420543487740e+00 1.000000000000000056e-01
7.670682730923694237e+01 1.394471944294711996e+00 1.000000000000000056e-01
7.710843373493975150e+01 1.433830340475143128e+00 1.000000000000000056e-01
7.751004016064257485e+01 1.770033764839947787e+00 1.000000000000000056e-01
7.791164658634538398e+01 1.723163266887469014e+00 1.000000000000000056e-01
7.831325301204819311e+01 1.709947682058526874e+00 1.000000000000000056e-01
7.871485943775100225e+01 1.781737241499857349e+00 1.000000000000000056e-01
7.911646586345381138e+01 1.306750249989641288e+00 1.000000000000000056e-01
7.951807228915662051e+01 7.525039483142147434e-01 1.000000000000000056e-01
7.991967871485944386e+01 4.801295166377617107e-01 1.000000000000000056e-01
8.032128514056225299e+01 4.625038445388040542e-01 1.000000000000000056e-01
8.072289156626506212e+01 5.352463598282153345e-01 1.000000000000000056e-01
8.112449799196787126e+01 7.323261501049451727e-01 1.000000000000000056e-01
8.152610441767068039e+01 1.046613106641406832e+00 1.000000000000000056e-01
8.192771084337348952e+01 1.358242044303889617e+00 1.000000000000000056e-01
8.232931726907629866e+01 1.605090439784450762e+00 1.000000000000000056e-01
8.273092369477912200e+01 1.811175819203652226e+00 1.000000000000000056e-01
8.313253012048193114e+01 1.644447144496712587e+00 1.000000000000000056e-01
8.353413654618474027e+01 1.346867665484098753e+00 1.000000000000000056e-01
8.393574297188754940e+01 8.508851216386671412e-01 1.000000000000000056e-01
8.433734939759035854e+01 4.865868880038425881e-01 1.000000000000000056e-01
8.473895582329316767e+01 1.458234035049627841e-01 1.000000000000000056e-01
8.514056224899597680e+01 -8.522282392913659022e-02 1.000000000000000056e-01
8.554216867469880015e+01 -6.884289129526491302e-02 1.000000000000000056e-01
8.594377510040160928e+01 5.262276900398488166e-04 1.000000000000000056e-01
8.634538152610441841e+01 -4.278340186826080221e-02 1.000000000000000056e-01
8.674698795180722755e+01 -4.904897166078000387e-02 1.000000000000000056e-01
8.714859437751003668e+01 -9.031915813700806817e-02 1.000000000000000056e-01
8.755020080321284581e+01 9.953181609635119997e-02 1.000000000000000056e-01
8.795180722891566916e+01 1.624694366662615685e-01 1.000000000000000056e-01
8.835341365461847829e+01 1.566130058072879305e-01 1.000000000000000056e-01
8.875502008032128742e+01 5.159648800853245537e-02 1.000000000000000056e-01
8.915662650602409656e+01 -3.504926157878845427e-01 1.000000000000000056e-01
8.955823293172690569e+01 -7.360262981619878353e-01 1.000000000000000056e-01
8.995983935742971482e+01 -8.058651077506154836e-01 1.000000000000000056e-01
9.036144578313252396e+01 -1.028683985383912480e+00 1.000000000000000056e-01
9.076305220883534730e+01 -1.180604216460817257e+00 1.000000000000000056e-01
9.116465863453815643e+01 -8.067106114128753669e-01 1.000000000000000056e-01
9.156626506024096557e+01 -5.258098422670147709e-01 1.000000000000000056e-01
9.196787148594377470e+01 4.373465061515618979e-03 1.000000000000000056e-01
9.236947791164658383e+01 2.400142602333126818e-01 1.000000000000000056e-01
9.277108433734939297e+01 6.318563896615416731e-01 1.000000000000000056e-01
9.317269076305220210e+01 4.313611236676790917e-01 1.000000000000000056e-01
9.357429718875502545e+01 1.183354729723456317e-01 1.000000000000000056e-01
9.397590361445783458e+01 -1.256835593292207967e-02 1.000000000000000056e-01
9.437751004016064371e+01 -2.343064199461756814e-01 1.000000000000000056e-01
9.477911646586345285e+01 -7.218633402261194210e-01 1.000000000000000056e-01
9.518072289156626198e+01 -8.897176437792471138e-01 1.000000000000000056e-01
9.558232931726907111e+01 -9.502294209000987646e-01 1.000000000000000056e-01
9.598393574297188025e+01 -8.926601892721597320e-01 1.000000000000000056e-01
9.638554216867470359e+01 -4.648285876776355741e-01 1.000000000000000056e-01
9.678714859437751272e+01 -2.653153421112371957e-01 1.000000000000000056e-01
9.718875502008032186e+01 4.571369700499918198e-01 1.000000000000000056e-01
9.759036144578313099e+01 8.120692374264371072e-01 1.000000000000000056e-01
9.799196787148594012e+01 1.104836705111661432e+00 1.000000000000000056e-01
9.839357429718874926e+01 9.793865654767573981e-01 1.000000000000000056e-01
9.879518072289157260e+01 8.877032869109697799e-01 1.000000000000000056e-01
9.919678714859438173e+01 4.462935291577612706e-01 1.000000000000000056e-01
9.959839357429719087e+01 2.048949139409923237e-01 1.000000000000000056e-01
1.000000000000000000e+02 3.718817560110476012e-02 1.000000000000000056e-01
