0.000000000000000000e+00 -7.366561016114145377e-02 1.000000000000000056e-01
4.016064257028112428e-01 3.020807375781791593e-01 1.000000000000000056e-01
8.032128514056224855e-01 5.673198565917845215e-01 1.000000000000000056e-01
1.204819277108433617e+00 6.522518198612777818e-01 1.000000000000000056e-01
1.606425702811244971e+00 7.378468877558257422e-01 1.000000000000000056e-01
2.008032128514056325e+00 9.127165750807765265e-01 1.000000000000000056e-01
2.409638554216867234e+00 1.059980129813526517e+00 1.000000000000000056e-01
2.811244979919678588e+00 1.149284694498113213e+00 1.000000000000000056e-01
3.212851405622489942e+00 1.295361046847271602e+00 1.000000000000000056e-01
3.614457831325301296e+00 1.193959732715061062e+00 1.000000000000000056e-01
4.016064257028112650e+00 1.312976334816582158e+00 1.000000000000000056e-01
4.417670682730923559e+00 1.145536771091160366e+00 1.000000000000000056e-01
4.819277108433734469e+00 8.232779379002415077e-01 1.000000000000000056e-01
5.220883534136546267e+00 2.723845107608892091e-01 1.000000000000000056e-01
5.622489959839357176e+00 2.407262892936903598e-01 1.000000000000000056e-01
6.024096385542168974e+00 1.179734450132675916e-02 1.000000000000000056e-01
6.425702811244979884e+00 5.575340121418187467e-02 1.000000000000000056e-01
6.827309236947790794e+00 -1.173787336406472426e-01 1.000000000000000056e-01
7.228915662650602592e+00 -2.734903182925971787e-01 1.000000000000000056e-01
7.630522088353413501e+00 -2.587554144218417451e-01 1.000000000000000056e-01
8.032128514056225299e+00 -3.258795046884732649e-01 1.000000000000000056e-01
8.433734939759036209e+00 -3.112570484425090100e-01 1.000000000000000056e-01
8.835341365461847118e+00 6.694442231229701112e-02 1.000000000000000056e-01
9.236947791164658028e+00 4.011521321613213953e-01 1.000000000000000056e-01
9.638554216867468938e+00 2.583856488864731960e-01 1.000000000000000056e-01
1.004016064257028162e+01 9.054749690369094939e-01 1.000000000000000056e-01
1.044176706827309253e+01 9.679611970457463466e-01 1.000000000000000056e-01
1.084337349397590344e+01 1.135581189387030676e+00 1.000000000000000056e-01
1.124497991967871435e+01 1.259263170371400564e+00 1.000000000000000056e-01
1.164658634538152526e+01 1.218085873301562261e+00 1.000000000000000056e-01
1.204819277108433795e+01 1.348368788861147305e+00 1.000000000000000056e-01
1.244979919678714886e+01 1.517779050721931311e+00 1.000000000000000056e-01
1.285140562248995977e+01 1.423762736987187472e+00 1.000000000000000056e-01
1.325301204819277068e+01 1.483485679839335436e+00 1.000000000000000056e-01
1.365461847389558159e+01 1.528648593444180470e+00 1.000000000000000056e-01
1.405622489959839427e+01 1.620915611843135151e+00 1.000000000000000056e-01
1.445783132530120518e+01 1.712717927722255062e+00 1.000000000000000056e-01
1.485943775100401609e+01 1.872200831585451919e+00 1.000000000000000056e-01
1.526104417670682700e+01 2.075348429830536912e+00 1.000000000000000056e-01
1.566265060240963791e+01 2.083253983594020031e+00 1.000000000000000056e-01
1.606425702811245060e+01 1.903514337828905889e+00 1.000000000000000056e-01
1.646586345381525973e+01 1.955444995681573372e+00 1.000000000000000056e-01
1.686746987951807242e+01 1.519708360482667997e+00 1.000000000000000056e-01
1.726907630522088510e+01 1.488676775263067631e+00 1.000000000000000056e-01
1.767068273092369424e+01 1.293332429684895812e+00 1.000000000000000056e-01
1.807228915662650692e+01 1.451149550252657017e+00 1.000000000000000056e-01
1.847389558232931606e+01 1.921229186972969405e+00 1.000000000000000056e-01
1.887550200803212874e+01 1.999521050513109799e+00 1.000000000000000056e-01
1.927710843373493788e+01 2.219867297834453357e+00 1.000000000000000056e-01
1.967871485943775056e+01 2.095210938986634908e+00 1.000000000000000056e-01
2.008032128514056325e+01 2.366585870499345212e+00 1.000000000000000056e-01
2.048192771084337238e+01 2.122351303299871539e+00 1.000000000000000056e-01
2.088353413654618507e+01 2.279720146677615134e+00 1.000000000000000056e-01
2.128514056224899420e+01 1.838393560975224439e+00 1.000000000000000056e-01
2.168674698795180689e+01 1.843810819193498762e+00 1.000000000000000056e-01
2.208835341365461957e+01 1.692776530966907389e+00 1.000000000000000056e-01
2.248995983935742871e+01 1.651058782171734851e+00 1.000000000000000056e-01
2.289156626506024139e+01 1.574621411875952504e+00 1.000000000000000056e-01
2.329317269076305053e+01 1.544051614096492830e+00 1.000000000000000056e-01
2.369477911646586321e+01 2.003071649850143743e+00 1.000000000000000056e-01
2.409638554216867590e+01 2.185263596844889467e+00 1.000000000000000056e-01
2.449799196787148503e+01 2.457977661661981728e+00 1.000000000000000056e-01
2.489959839357429772e+01 2.704131889499605812e+00 1.000000000000000056e-01
2.530120481927710685e+01 2.839064545698135600e+00 1.000000000000000056e-01
2.570281124497991954e+01 2.806441994281091645e+00 1.000000000000000056e-01
2.610441767068273222e+01 2.854829425084860262e+00 1.000000000000000056e-01
2.650602409638554136e+01 2.182503753543317604e+00 1.000000000000000056e-01
2.690763052208835404e+01 1.855637292679452655e+00 1.000000000000000056e-01
2.730923694779116317e+01 1.856870804297301447e+00 1.000000000000000056e-01
2.771084337349397586e+01 1.603284406510147253e+00 1.000000000000000056e-01
2.811244979919678855e+01 1.217219024667337779e+00 1.000000000000000056e-01
2.851405622489959768e+01 9.992831865462596941e-01 1.000000000000000056e-01
2.891566265060241037e+01 4.754068513246895167e-01 1.000000000000000056e-01
2.931726907630521950e+01 1.979341020854317734e-01 1.000000000000000056e-01
2.971887550200803219e+01 -1.343606689155893708e-01 1.000000000000000056e-01
3.012048192771084487e+01 -3.547131179372432497e-01 1.000000000000000056e-01
3.052208835341365400e+01 -4.738680941873520402e-01 1.000000000000000056e-01
3.092369477911646669e+01 -7.000009882697997288e-01 1.000000000000000056e-01
3.132530120481927582e+01 -4.817832593616169223e-01 1.000000000000000056e-01
3.172690763052208851e+01 -3.887690973929519567e-01 1.000000000000000056e-01
3.212851405622490120e+01 -5.350570342725123885e-01 1.000000000000000056e-01
3.253012048192771033e+01 -4.596489293412772126e-01 1.000000000000000056e-01
3.293172690763051946e+01 -2.359249342349114542e-01 1.000000000000000056e-01
3.333333333333333570e+01 -4.295905861330489017e-01 1.000000000000000056e-01
3.373493975903614484e+01 -2.861623939282210288e-02 1.000000000000000056e-01
3.413654618473895397e+01 -9.084957194888337861e-02 1.000000000000000056e-01
3.453815261044177021e+01 2.073709659498171876e-01 1.000000000000000056e-01
3.493975903614457934e+01 3.125846628560062235e-01 1.000000000000000056e-01
3.534136546184738847e+01 4.149776415683237851e-01 1.000000000000000056e-01
3.574297188755019761e+01 6.333144838425904810e-01 1.000000000000000056e-01
3.614457831325301385e+01 7.240798839067729142e-01 1.000000000000000056e-01
3.654618473895582298e+01 1.086610945710577480e+00 1.000000000000000056e-01
3.694779116465863211e+01 1.136892659322651156e+00 1.000000000000000056e-01
3.734939759036144835e+01 1.311823909096452523e+00 1.000000000000000056e-01
3.775100401606425748e+01 1.284229621455271309e+00 1.000000000000000056e-01
3.815261044176706662e+01 1.079077593324438533e+00 1.000000000000000056e-01
3.855421686746987575e+01 7.776303564727243822e-01 1.000000000000000056e-01
3.895582329317269199e+01 5.214155289195629983e-01 1.000000000000000056e-01
3.935742971887550112e+01 2.880540486329279948e-01 1.000000000000000056e-01
3.975903614457831026e+01 3.317531247820032503e-01 1.000000000000000056e-01
4.016064257028112650e+01 4.733833340537588197e-01 1.000000000000000056e-01
4.056224899598393563e+01 7.186547838998328386e-01 1.000000000000000056e-01
4.096385542168674476e+01 1.132929580503575062e+00 1.000000000000000056e-01
4.136546184738956100e+01 1.410298400202999680e+00 1.000000000000000056e-01
4.176706827309237013e+01 1.586733126671239447e+00 1.000000000000000056e-01
4.216867469879517927e+01 1.680024159191136235e+00 1.000000000000000056e-01
4.257028112449798840e+01 1.704018884947356982e+00 1.000000000000000056e-01
4.297188755020080464e+01 1.748284812915944064e+00 1.000000000000000056e-01
4.337349397590361377e+01 1.732622539045914678e+00 1.000000000000000056e-01
4.377510040160642291e+01 1.761021334331074106e+00 1.000000000000000056e-01
4.417670682730923915e+01 1.520465113672947011e+00 1.000000000000000056e-01
4.457831325301204828e+01 1.272112727348006844e+00 1.000000000000000056e-01
4.497991967871485741e+01 1.351171897642867492e+00 1.000000000000000056e-01
4.538152610441767365e+01 1.438871766813673680e+00 1.000000000000000056e-01
4.578313253012048278e+01 1.125078119345133576e+00 1.000000000000000056e-01
4.618473895582329192e+01 1.262483572701923684e+00 1.000000000000000056e-01
4.658634538152610105e+01 1.480767897039103609e+00 1.000000000000000056e-01
4.698795180722891729e+01 1.652093456938775518e+00 1.000000000000000056e-01
4.738955823293172642e+01 1.776935593762156484e+00 1.000000000000000056e-01
4.779116465863453556e+01 1.622727868129898443e+00 1.000000000000000056e-01
4.819277108433735179e+01 1.294486578735747795e+00 1.000000000000000056e-01
4.859437751004016093e+01 1.441235229400128715e+00 1.000000000000000056e-01
4.899598393574297006e+01 1.481874397231291995e+00 1.000000000000000056e-01
4.939759036144578630e+01 1.910361776137569745e+00 1.000000000000000056e-01
4.979919678714859543e+01 1.818003315454986835e+00 1.000000000000000056e-01
5.020080321285140457e+01 2.085336207373393425e+00 1.000000000000000056e-01
5.060240963855421370e+01 1.837437134779082992e+00 1.000000000000000056e-01
5.100401606425702994e+01 1.867577803482429077e+00 1.000000000000000056e-01
5.140562248995983907e+01 1.796265086553137991e+00 1.000000000000000056e-01
5.180722891566264821e+01 1.511138935280071038e+00 1.000000000000000056e-01
5.220883534136546444e+01 1.441712796453457290e+00 1.000000000000000056e-01
5.261044176706827358e+01 1.453763371887866640e+00 1.000000000000000056e-01
5.301204819277108271e+01 1.593775796315442417e+00 1.000000000000000056e-01
5.341365461847389184e+01 1.730178894353123775e+00 1.000000000000000056e-01
5.381526104417670808e+01 2.057610150297828788e+00 1.000000000000000056e-01
5.421686746987951722e+01 2.029868634227109947e+00 1.000000000000000056e-01
5.461847389558232635e+01 2.199069595532268995e+00 1.000000000000000056e-01
5.502008032128514259e+01 2.179957955049126817e+00 1.000000000000000056e-01
5.542168674698795172e+01 2.135816602849651691e+00 1.000000000000000056e-01
5.582329317269076085e+01 2.153772042493292460e+00 1.000000000000000056e-01
5.622489959839357709e+01 2.127840953301554094e+00 1.000000000000000056e-01
5.662650602409638623e+01 2.125664673648009817e+00 1.000000000000000056e-01
5.702811244979919536e+01 2.156524053296459353e+00 1.000000000000000056e-01
5.742971887550200449e+01 2.312813078529492028e+00 1.000000000000000056e-01
5.783132530120482073e+01 2.483726147706484255e+00 1.000000000000000056e-01
5.823293172690762987e+01 2.523697439621432004e+00 1.000000000000000056e-01
5.863453815261043900e+01 2.752650680528862637e+00 1.000000000000000056e-01
5.903614457831325524e+01 2.847916281214004641e+00 1.000000000000000056e-01
5.943775100401606437e+01 2.908876680022854266e+00 1.000000000000000056e-01
5.983935742971887350e+01 2.704119109371962981e+00 1.000000000000000056e-01
6.024096385542168974e+01 2.434142523178766560e+00 1.000000000000000056e-01
6.064257028112449888e+01 1.754459181227186138e+00 1.000000000000000056e-01
6.104417670682730801e+01 1.474395291312681877e+00 1.000000000000000056e-01
6.144578313253011714e+01 8.919347975668295847e-01 1.000000000000000056e-01
6.184738955823293338e+01 3.712368145991693513e-01 1.000000000000000056e-01
6.224899598393574252e+01 2.967709541282969599e-01 1.000000000000000056e-01
6.265060240963855165e+01 2.257068293766434641e-01 1.000000000000000056e-01
6.305220883534136789e+01 3.292839841582665406e-01 1.000000000000000056e-01
6.345381526104417702e+01 2.190574099217921789e-01 1.000000000000000056e-01
6.385542168674698615e+01 -9.192632881627049724e-02 1.000000000000000056e-01
6.425702811244980239e+01 -4.798222188472963529e-02 1.000000000000000056e-01
6.465863453815261153e+01 -2.237126593422238963e-01 1.000000000000000056e-01
6.506024096385542066e+01 -5.514721765892538485e-02 1.000000000000000056e-01
6.546184738955822979e+01 1.350188787889329556e-01 1.000000000000000056e-01
6.586345381526103893e+01 5.179593412671894548e-01 1.000000000000000056e-01
6.626506024096384806e+01 8.448768922058063069e-01 1.000000000000000056e-01
6.666666666666667140e+01 1.268516120620315935e+00 1.000000000000000056e-01
6.706827309236948054e+01 1.578249672368152723e+00 1.000000000000000056e-01
6.746987951807228967e+01 1.895135577839137886e+00 1.000000000000000056e-01
6.787148594377509880e+01 2.027925279742869957e+00 1.000000000000000056e-01
6.827309236947790794e+01 2.119422479218106226e+00 1.000000000000000056e-01
6.867469879518071707e+01 2.197716481063547000e+00 1.000000000000000056e-01
6.907630522088354041e+01 2.250661119862956472e+00 1.000000000000000056e-01
6.947791164658634955e+01 2.255596086127900080e+00 1.000000000000000056e-01
6.987951807228915868e+01 2.075787158523586307e+00 1.000000000000000056e-01
7.028112449799196781e+01 1.964389973303147574e+00 1.000000000000000056e-01
7.068273092369477695e+01 1.523902335873638103e+00 1.000000000000000056e-01
7.108433734939758608e+01 1.035982203708623928e+00 1.000000000000000056e-01
7.148594377510039521e+01 7.923825928204006885e-01 1.000000000000000056e-01
7.188755020080321856e+01 3.487178934128101759e-01 1.000000000000000056e-01
7.228915662650602769e+01 1.446013399263458565e-01 1.000000000000000056e-01
7.269076305220883683e+01 -1.519565852347397328e-02 1.000000000000000056e-01
7.309236947791164596e+01 2.779750605393130347e-02 1.000000000000000056e-01
7.349397590361445509e+01 7.627163738732206655e-04 1.000000000000000056e-01
7.389558232931726423e+01 -1.474192598221654993e-01 1.000000000000000056e-01
7.429718875502007336e+01 2.638143535677839879e-01 1.000000000000000056e-01
7.469879518072289670e+01 5.409756635551452586e-01 1.000000000000000056e-01
7.510040160642570584e+01 8.455404333281378859e-01 1.000000000000000056e-01
7.550200803212851497e+01 1.029702456886224304e+00 1.000000000000000056e-01
7.590361445783132410e+01 1.264887192177361008e+00 1.000000000000000056e-01
7.630522088353413324e+01 1.441226054772785758e+00 1.000000000000000056e-01
7.670682730923694237e+01 1.296759038602771863e+00 1.000000000000000056e-01
7.710843373493975150e+01 1.247930938934559864e+00 1.000000000000000056e-01
7.751004016064257485e+01 9.258344829511322427e-01 1.000000000000000056e-01
7.791164658634538398e+01 7.286192567480352933e-01 1.000000000000000056e-01
7.831325301204819311e+01 5.704892254945151953e-01 1.000000000000000056e-01
7.871485943775100225e+01 4.708729837778417027e-01 1.000000000000000056e-01
7.911646586345381138e+01 4.135733529725034163e-01 1.000000000000000056e-01
7.951807228915662051e+01 5.016753140339138550e-01 1.000000000000000056e-01
7.991967871485944386e+01 4.921322181627418857e-01 1.000000000000000056e-01
8.032128514056225299e+01 5.508948629568037880e-01 1.000000000000000056e-01
8.072289156626506212e+01 7.336401300662520608e-01 1.000000000000000056e-01
8.112449799196787126e+01 5.521978658402769691e-01 1.000000000000000056e-01
8.152610441767068039e+01 6.855942745033689611e-01 1.000000000000000056e-01
8.192771084337348952e+01 7.670373189126877822e-01 1.000000000000000056e-01
8.232931726907629866e+01 1.134529153085138242e+00 1.000000000000000056e-01
8.273092369477912200e+01 1.196075586100832311e+00 1.000000000000000056e-01
8.313253012048193114e+01 1.349818347522824258e+00 1.000000000000000056e-01
8.353413654618474027e+01 1.585986309731751920e+00 1.000000000000000056e-01
8.393574297188754940e+01 1.551364616628940540e+00 1.000000000000000056e-01
8.433734939759035854e+01 1.798022255797844693e+00 1.000000000000000056e-01
8.473895582329316767e+01 1.567916272513423248e+00 1.000000000000000056e-01
8.514056224899597680e+01 1.468617835324364185e+00 1.000000000000000056e-01
8.554216867469880015e+01 1.272210753243153025e+00 1.000000000000000056e-01
8.594377510040160928e+01 1.224193116855360142e+00 1.000000000000000056e-01
8.634538152610441841e+01 1.018284961450701243e+00 1.000000000000000056e-01
8.674698795180722755e+01 7.317516665899436168e-01 1.000000000000000056e-01
8.714859437751003668e+01 6.171070821688591224e-01 1.000000000000000056e-01
8.755020080321284581e+01 6.980001642486971525e-01 1.000000000000000056e-01
8.795180722891566916e+01 7.739754458601784126e-01 1.000000000000000056e-01
8.835341365461847829e+01 9.224154996665508977e-01 1.000000000000000056e-01
8.875502008032128742e+01 9.366224084467716926e-01 1.000000000000000056e-01
8.915662650602409656e+01 1.245167189348241887e+00 1.000000000000000056e-01
8.955823293172690569e+01 1.335860273352313277e+00 1.000000000000000056e-01
8.995983935742971482e+01 1.417240039167139809e+00 1.000000000000000056e-01
9.036144578313252396e+01 1.758773605393727513e+00 1.000000000000000056e-01
9.076305220883534730e+01 2.150329459556109768e+00 1.000000000000000056e-01
9.116465863453815643e+01 2.251776839624618276e+00 1.000000000000000056e-01
9.156626506024096557e+01 2.226833883371671430e+00 1.000000000000000056e-01
9.196787148594377470e+01 2.504586164176535235e+00 1.000000000000000056e-01
9.236947791164658383e+01 2.305068260988548445e+00 1.000000000000000056e-01
9.277108433734939297e+01 2.213938705334008272e+00 1.000000000000000056e-01
9.317269076305220210e+01 1.851346948309558593e+00 1.000000000000000056e-01
9.357429718875502545e+01 1.454280854029178061e+00 1.000000000000000056e-01
9.397590361445783458e+01 8.033580428227574677e-01 1.000000000000000056e-01
9.437751004016064371e+01 5.867170641682665222e-01 1.000000000000000056e-01
9.477911646586345285e+01 2.350783904455238660e-01 1.000000000000000056e-01
9.518072289156626198e+01 4.912764475494109384e-02 1.000000000000000056e-01
9.558232931726907111e+01 -1.508252026965667403e-02 1.000000000000000056e-01
9.598393574297188025e+01 1.472288812933414404e-01 1.000000000000000056e-01
9.638554216867470359e+01 7.201439475634698884e-01 1.000000000000000056e-01
9.678714859437751272e+01 1.128393656696940361e+00 1.000000000000000056e-01
9.718875502008032186e+01 1.718991665591631079e+00 1.000000000000000056e-01
9.759036144578313099e+01 2.074054071808840050e+00 1.000000000000000056e-01
9.799196787148594012e+01 2.338225790192535847e+00 1.000000000000000056e-01
9.839357429718874926e+01 2.430408048078743555e+00 1.000000000000000056e-01
9.879518072289157260e+01 2.634119114831540376e+00 1.000000000000000056e-01
9.919678714859438173e+01 2.671991422067897748e+00 1.000000000000000056e-01
9.959839357429719087e+01 2.788301544491799344e+00 1.000000000000000056e-01
1.000000000000000000e+02 2.892350722231447069e+00 1.000000000000000056e-01
