0.000000000000000000e+00 3.033756298011526464e+00 1.000000000000000056e-01
4.016064257028112428e-01 2.753673088332702079e+00 1.000000000000000056e-01
8.032128514056224855e-01 2.421775528529386712e+00 1.000000000000000056e-01
1.204819277108433617e+00 1.491155874699354733e+00 1.000000000000000056e-01
1.606425702811244971e+00 8.179400326815747801e-01 1.000000000000000056e-01
2.008032128514056325e+00 3.945837087551858358e-01 1.000000000000000056e-01
2.409638554216867234e+00 2.318523790060844636e-01 1.000000000000000056e-01
2.811244979919678588e+00 1.778099031470541380e-01 1.000000000000000056e-01
3.212851405622489942e+00 4.423362026179169515e-01 1.000000000000000056e-01
3.614457831325301296e+00 2.229720194148784029e-01 1.000000000000000056e-01
4.016064257028112650e+00 -2.501974763041867611e-01 1.000000000000000056e-01
4.417670682730923559e+00 -4.967332733570512526e-01 1.000000000000000056e-01
4.819277108433734469e+00 -8.334762638558874670e-01 1.000000000000000056e-01
5.220883534136546267e+00 -1.050174801874826702e+00 1.000000000000000056e-01
5.622489959839357176e+00 -5.505586093103087553e-01 1.000000000000000056e-01
6.024096385542168974e+00 1.555956542803220433e-01 1.000000000000000056e-01
6.425702811244979884e+00 8.590623894024932428e-01 1.000000000000000056e-01
6.827309236947790794e+00 1.411909012495813798e+00 1.000000000000000056e-01
7.228915662650602592e+00 2.367072293191151644e+00 1.000000000000000056e-01
7.630522088353413501e+00 2.531965436193130081e+00 1.000000000000000056e-01
8.032128514056225299e+00 2.589985787849544252e+00 1.000000000000000056e-01
8.433734939759036209e+00 2.765510906083473941e+00 1.000000000000000056e-01
8.835341365461847118e+00 2.598437856738629925e+00 1.000000000000000056e-01
9.236947791164658028e+00 2.304078786170176141e+00 1.000000000000000056e-01
9.638554216867468938e+00 2.106421255715743790e+00 1.000000000000000056e-01
1.004016064257028162e+01 1.680417542439293532e+00 1.000000000000000056e-01
1.044176706827309253e+01 1.481074834365966764e+00 1.000000000000000056e-01
1.084337349397590344e+01 1.393187441939087501e+00 1.000000000000000056e-01
1.124497991967871435e+01 1.368527032189381876e+00 1.000000000000000056e-01
1.164658634538152526e+01 1.117418296113722675e+00 1.000000000000000056e-01
1.204819277108433795e+01 1.238219849404911477e+00 1.000000000000000056e-01
1.244979919678714886e+01 1.299735943357247070e+00 1.000000000000000056e-01
1.285140562248995977e+01 1.451369697226053912e+00 1.000000000000000056e-01
1.325301204819277068e+01 1.376194858334438331e+00 1.000000000000000056e-01
1.365461847389558159e+01 1.207179623740362473e+00 1.000000000000000056e-01
1.405622489959839427e+01 8.269780882172506065e-01 1.000000000000000056e-01
1.445783132530120518e+01 9.401196161839162624e-01 1.000000000000000056e-01
1.485943775100401609e+01 1.132990168403959608e+00 1.000000000000000056e-01
1.526104417670682700e+01 9.647645790239089969e-01 1.000000000000000056e-01
1.566265060240963791e+01 1.192756657443278412e+00 1.000000000000000056e-01
1.606425702811245060e+01 1.498120164270797305e+00 1.000000000000000056e-01
1.646586345381525973e+01 1.683544070766218370e+00 1.000000000000000056e-01
1.686746987951807242e+01 1.917510050761779272e+00 1.000000000000000056e-01
1.726907630522088510e+01 2.266228155898119212e+00 1.000000000000000056e-01
1.767068273092369424e+01 2.503361602057087687e+00 1.000000000000000056e-01
1.807228915662650692e+01 2.442211198198960265e+00 1.000000000000000056e-01
1.847389558232931606e+01 2.529683129951599607e+00 1.000000000000000056e-01
1.887550200803212874e+01 2.067176874662818964e+00 1.000000000000000056e-01
1.927710843373493788e+01 1.948688310346297081e+00 1.000000000000000056e-01
1.967871485943775056e+01 1.465032266625736934e+00 1.000000000000000056e-01
2.008032128514056325e+01 1.560061904989542780e+00 1.000000000000000056e-01
2.048192771084337238e+01 1.817971047640329241e+00 1.000000000000000056e-01
2.088353413654618507e+01 1.890271172658975152e+00 1.000000000000000056e-01
2.128514056224899420e+01 2.062463178928319874e+00 1.000000000000000056e-01
2.168674698795180689e+01 2.182172229570320976e+00 1.000000000000000056e-01
2.208835341365461957e+01 2.199787252072251231e+00 1.000000000000000056e-01
2.248995983935742871e+01 1.800054169445434837e+00 1.000000000000000056e-01
2.289156626506024139e+01 1.758514970966629898e+00 1.000000000000000056e-01
2.329317269076305053e+01 1.136139155468169681e+00 1.000000000000000056e-01
2.369477911646586321e+01 1.042981290856260346e+00 1.000000000000000056e-01
2.409638554216867590e+01 7.342589210057335336e-01 1.000000000000000056e-01
2.449799196787148503e+01 7.348595975968534866e-01 1.000000000000000056e-01
2.489959839357429772e+01 5.374236352202481637e-01 1.000000000000000056e-01
2.530120481927710685e+01 9.095156087751846696e-01 1.000000000000000056e-01
2.570281124497991954e+01 9.812320033102805983e-01 1.000000000000000056e-01
2.610441767068273222e+01 1.057501760861600637e+00 1.000000000000000056e-01
2.650602409638554136e+01 1.053358880502617945e+00 1.000000000000000056e-01
2.690763052208835404e+01 1.268245994303554891e+00 1.000000000000000056e-01
2.730923694779116317e+01 1.147237301078805949e+00 1.000000000000000056e-01
2.771084337349397586e+01 1.345744236662366866e+00 1.000000000000000056e-01
2.811244979919678855e+01 1.460732235044740035e+00 1.000000000000000056e-01
2.851405622489959768e+01 1.249276809942571731e+00 1.000000000000000056e-01
2.891566265060241037e+01 1.563409254841338969e+00 1.000000000000000056e-01
2.931726907630521950e+01 1.717832617375442128e+00 1.000000000000000056e-01
2.971887550200803219e+01 1.914019871045232524e+00 1.000000000000000056e-01
3.012048192771084487e+01 2.103222140390051287e+00 1.000000000000000056e-01
3.052208835341365400e+01 2.304444728834890821e+00 1.000000000000000056e-01
3.092369477911646669e+01 2.470434848106703551e+00 1.000000000000000056e-01
3.132530120481927582e+01 2.000124275795859496e+00 1.000000000000000056e-01
3.172690763052208851e+01 2.029088038068830979e+00 1.000000000000000056e-01
3.212851405622490120e+01 1.725654857750799298e+00 1.000000000000000056e-01
3.253012048192771033e+01 1.674270371122345447e+00 1.000000000000000056e-01
3.293172690763051946e+01 1.255304140184361206e+00 1.000000000000000056e-01
3.333333333333333570e+01 1.058879406802576417e+00 1.000000000000000056e-01
3.373493975903614484e+01 5.438475056276906860e-01 1.000000000000000056e-01
3.413654618473895397e+01 3.292229960015392587e-01 1.000000000000000056e-01
3.453815261044177021e+01 -2.593246344241842416e-02 1.000000000000000056e-01
3.493975903614457934e+01 -2.467138279876121831e-01 1.000000000000000056e-01
3.534136546184738847e+01 -2.341317262728703774e-02 1.000000000000000056e-01
3.574297188755019761e+01 -2.753398473883142406e-01 1.000000000000000056e-01
3.614457831325301385e+01 -2.187686308129183077e-03 1.000000000000000056e-01
3.654618473895582298e+01 7.128540443489476963e-02 1.000000000000000056e-01
3.694779116465863211e+01 1.380144575256723183e-01 1.000000000000000056e-01
3.734939759036144835e+01 5.235795499295278210e-01 1.000000000000000056e-01
3.775100401606425748e+01 9.295525869824587950e-01 1.000000000000000056e-01
3.815261044176706662e+01 1.007949730912003794e+00 1.000000000000000056e-01
3.855421686746987575e+01 1.138232072035425979e+00 1.000000000000000056e-01
3.895582329317269199e+01 8.188794964456611591e-01 1.000000000000000056e-01
3.935742971887550112e+01 6.163062035142895523e-01 1.000000000000000056e-01
3.975903614457831026e+01 5.399667572353848977e-01 1.000000000000000056e-01
4.016064257028112650e+01 -8.893494804753554472e-02 1.000000000000000056e-01
4.056224899598393563e+01 -2.090531150468063482e-01 1.000000000000000056e-01
4.096385542168674476e+01 -7.368799912942994856e-01 1.000000000000000056e-01
4.136546184738956100e+01 -8.280741895913154016e-01 1.000000000000000056e-01
4.176706827309237013e+01 -1.216856968288826168e+00 1.000000000000000056e-01
4.216867469879517927e+01 -1.504675067287693402e+00 1.000000000000000056e-01
4.257028112449798840e+01 -1.638712087906577075e+00 1.000000000000000056e-01
4.297188755020080464e+01 -2.160983173066982843e+00 1.000000000000000056e-01
4.337349397590361377e+01 -2.282489724812895027e+00 1.000000000000000056e-01
4.377510040160642291e+01 -2.237771289626283355e+00 1.000000000000000056e-01
4.417670682730923915e+01 -2.040664548450825233e+00 1.000000000000000056e-01
4.457831325301204828e+01 -1.588768796463318811e+00 1.000000000000000056e-01
4.497991967871485741e+01 -1.014212046695904590e+00 1.000000000000000056e-01
4.538152610441767365e+01 -3.918560451507674403e-01 1.000000000000000056e-01
4.578313253012048278e+01 -8.181342487234319338e-02 1.000000000000000056e-01
4.618473895582329192e+01 2.925390555041170737e-01 1.000000000000000056e-01
4.658634538152610105e+01 8.841763400835849218e-01 1.000000000000000056e-01
4.698795180722891729e+01 5.274145540306822699e-01 1.000000000000000056e-01
4.738955823293172642e+01 5.022660188907805967e-01 1.000000000000000056e-01
4.779116465863453556e+01 3.822692694465334440e-01 1.000000000000000056e-01
4.819277108433735179e+01 3.062022916810515083e-01 1.000000000000000056e-01
4.859437751004016093e+01 3.377495010469426795e-01 1.000000000000000056e-01
4.899598393574297006e+01 -4.072088834888096254e-02 1.000000000000000056e-01
4.939759036144578630e+01 2.031981971874749493e-01 1.000000000000000056e-01
4.979919678714859543e+01 1.908672260547039368e-01 1.000000000000000056e-01
5.020080321285140457e+01 3.077041518669506592e-01 1.000000000000000056e-01
5.060240963855421370e+01 3.245313041509586549e-01 1.000000000000000056e-01
5.100401606425702994e+01 9.046822293653726532e-02 1.000000000000000056e-01
5.140562248995983907e+01 -7.446495768506452562e-01 1.000000000000000056e-01
5.180722891566264821e+01 -1.042684280863621415e+00 1.000000000000000056e-01
5.220883534136546444e+01 -1.680263406001777149e+00 1.000000000000000056e-01
5.261044176706827358e+01 -2.072598619676835341e+00 1.000000000000000056e-01
5.301204819277108271e+01 -2.165979191019689498e+00 1.000000000000000056e-01
5.341365461847389184e+01 -2.119520268889890424e+00 1.000000000000000056e-01
5.381526104417670808e+01 -2.132232651436118065e+00 1.000000000000000056e-01
5.421686746987951722e+01 -1.976784449290938772e+00 1.000000000000000056e-01
5.461847389558232635e+01 -1.831338973738497078e+00 1.000000000000000056e-01
5.502008032128514259e+01 -1.763650171683495360e+00 1.000000000000000056e-01
5.542168674698795172e+01 -1.500269476127944479e+00 1.000000000000000056e-01
5.582329317269076085e+01 -9.795194104605882135e-01 1.000000000000000056e-01
5.622489959839357709e+01 -7.176438919634926528e-01 1.000000000000000056e-01
5.662650602409638623e+01 -2.806971807066204749e-01 1.000000000000000056e-01
5.702811244979919536e+01 -1.774571124414536238e-01 1.000000000000000056e-01
5.742971887550200449e+01 3.178426388115320189e-01 1.000000000000000056e-01
5.783132530120482073e+01 3.058696661437390607e-01 1.000000000000000056e-01
5.823293172690762987e+01 3.770611773322813942e-01 1.000000000000000056e-01
5.863453815261043900e+01 4.134724038113450351e-01 1.000000000000000056e-01
5.903614457831325524e+01 2.488123454833121584e-01 1.000000000000000056e-01
5.943775100401606437e+01 4.430063747554567888e-01 1.000000000000000056e-01
5.983935742971887350e+01 4.730895920368437535e-01 1.000000000000000056e-01
6.024096385542168974e+01 5.639577310765091500e-01 1.000000000000000056e-01
6.064257028112449888e+01 6.172184657847864520e-01 1.000000000000000056e-01
6.104417670682730801e+01 7.060079419583721316e-01 1.000000000000000056e-01
6.144578313253011714e+01 8.061910834386067926e-01 1.000000000000000056e-01
6.184738955823293338e+01 3.611536637260002736e-01 1.000000000000000056e-01
6.224899598393574252e+01 2.355169656406524981e-02 1.000000000000000056e-01
6.265060240963855165e+01 6.292801306812989548e-02 1.000000000000000056e-01
6.305220883534136789e+01 -3.836180362820773571e-01 1.000000000000000056e-01
6.345381526104417702e+01 -3.192277852745813993e-01 1.000000000000000056e-01
6.385542168674698615e+01 -3.302535001129821013e-01 1.000000000000000056e-01
6.425702811244980239e+01 -3.406841795030418618e-01 1.000000000000000056e-01
6.465863453815261153e+01 3.387644065045498920e-02 1.000000000000000056e-01
6.506024096385542066e+01 4.943847890032909143e-01 1.000000000000000056e-01
6.546184738955822979e+01 5.650129835142676527e-01 1.000000000000000056e-01
6.586345381526103893e+01 7.695382069719801654e-01 1.000000000000000056e-01
6.626506024096384806e+01 8.461592167261637876e-01 1.000000000000000056e-01
6.666666666666667140e+01 6.999599635104519768e-01 1.000000000000000056e-01
6.706827309236948054e+01 5.186955022404243776e-01 1.000000000000000056e-01
6.746987951807228967e+01 2.883839989480166954e-01 1.000000000000000056e-01
6.787148594377509880e+01 -1.950357540117039767e-01 1.000000000000000056e-01
6.827309236947790794e+01 -4.458687209666422069e-01 1.000000000000000056e-01
6.867469879518071707e+01 -1.046886180348570505e+00 1.000000000000000056e-01
6.907630522088354041e+01 -1.599359166819302347e+00 1.000000000000000056e-01
6.947791164658634955e+01 -2.053650081496341873e+00 1.000000000000000056e-01
6.987951807228915868e+01 -2.150926586371187721e+00 1.000000000000000056e-01
7.028112449799196781e+01 -2.302846425390618457e+00 1.000000000000000056e-01
7.068273092369477695e+01 -2.152589459123011029e+00 1.000000000000000056e-01
7.108433734939758608e+01 -1.757759146832878594e+00 1.000000000000000056e-01
7.148594377510039521e+01 -1.511745387173319077e+00 1.000000000000000056e-01
7.188755020080321856e+01 -1.051901663533410858e+00 1.000000000000000056e-01
7.228915662650602769e+01 -8.080865176895821733e-01 1.000000000000000056e-01
7.269076305220883683e+01 -5.127182956545217607e-01 1.000000000000000056e-01
7.309236947791164596e+01 -3.801150641680962061e-01 1.000000000000000056e-01
7.349397590361445509e+01 -1.621488034145399104e-01 1.000000000000000056e-01
7.389558232931726423e+01 -1.850430675487477750e-01 1.000000000000000056e-01
7.429718875502007336e+01 3.702031657593082836e-01 1.000000000000000056e-01
7.469879518072289670e+01 4.651633727969314847e-01 1.000000000000000056e-01
7.510040160642570584e+01 7.223807733528576636e-01 1.000000000000000056e-01
7.550200803212851497e+01 1.139890165871320749e+00 1.000000000000000056e-01
7.590361445783132410e+01 1.207692979795082611e+00 1.000000000000000056e-01
7.630522088353413324e+01 1.559494669668592959e+00 1.000000000000000056e-01
7.670682730923694237e+01 1.475143838271219865e+00 1.000000000000000056e-01
7.710843373493975150e+01 1.049007734969938266e+00 1.000000000000000056e-01
7.751004016064257485e+01 6.191378832844173230e-01 1.000000000000000056e-01
7.791164658634538398e+01 3.253186480010886172e-01 1.000000000000000056e-01
7.831325301204819311e+01 -6.616212907685385947e-01 1.000000000000000056e-01
7.871485943775100225e+01 -1.217017274217794265e+00 1.000000000000000056e-01
7.911646586345381138e+01 -2.042678897108576752e+00 1.000000000000000056e-01
7.951807228915662051e+01 -2.353601231332627108e+00 1.000000000000000056e-01
7.991967871485944386e+01 -2.646501195535762907e+00 1.000000000000000056e-01
8.032128514056225299e+01 -2.688504442759874546e+00 1.000000000000000056e-01
8.072289156626506212e+01 -2.800677201436334585e+00 1.000000000000000056e-01
8.112449799196787126e+01 -2.666815905804118980e+00 1.000000000000000056e-01
8.152610441767068039e+01 -2.644733468279083954e+00 1.000000000000000056e-01
8.192771084337348952e+01 -2.191655459436425701e+00 1.000000000000000056e-01
8.232931726907629866e+01 -2.106092565805934402e+00 1.000000000000000056e-01
8.273092369477912200e+01 -1.936721522343348711e+00 1.000000000000000056e-01
8.313253012048193114e+01 -1.820217177005645670e+00 1.000000000000000056e-01
8.353413654618474027e+01 -1.807790994164337306e+00 1.000000000000000056e-01
8.393574297188754940e+01 -1.454717560182319458e+00 1.000000000000000056e-01
8.433734939759035854e+01 -1.098886957996619174e+00 1.000000000000000056e-01
8.473895582329316767e+01 -9.656558670635476682e-01 1.000000000000000056e-01
8.514056224899597680e+01 -5.924358986831339546e-01 1.000000000000000056e-01
8.554216867469880015e+01 -1.764697803552354449e-01 1.000000000000000056e-01
8.594377510040160928e+01 -2.528366335020216377e-02 1.000000000000000056e-01
8.634538152610441841e+01 3.494903691370369048e-01 1.000000000000000056e-01
8.674698795180722755e+01 6.354246343494502902e-01 1.000000000000000056e-01
8.714859437751003668e+01 8.645347374294798382e-01 1.000000000000000056e-01
8.755020080321284581e+01 8.339754308545024308e-01 1.000000000000000056e-01
8.795180722891566916e+01 8.400709572772684375e-01 1.000000000000000056e-01
8.835341365461847829e+01 8.384211374116989912e-01 1.000000000000000056e-01
8.875502008032128742e+01 6.758880575903182253e-01 1.000000000000000056e-01
8.915662650602409656e+01 4.512682810832411850e-01 1.000000000000000056e-01
8.955823293172690569e+01 3.361814836545978236e-01 1.000000000000000056e-01
8.995983935742971482e+01 1.878822759877122328e-01 1.000000000000000056e-01
9.036144578313252396e+01 5.675358755100615854e-02 1.000000000000000056e-01
9.076305220883534730e+01 3.222442768508818056e-02 1.000000000000000056e-01
9.116465863453815643e+01 3.520881269296048388e-01 1.000000000000000056e-01
9.156626506024096557e+01 8.059293001108688292e-01 1.000000000000000056e-01
9.196787148594377470e+01 7.832452561811027447e-01 1.000000000000000056e-01
9.236947791164658383e+01 6.704265902848351999e-01 1.000000000000000056e-01
9.277108433734939297e+01 6.845069567727416482e-01 1.000000000000000056e-01
9.317269076305220210e+01 4.287949130760025929e-01 1.000000000000000056e-01
9.357429718875502545e+01 8.535331306467953960e-02 1.000000000000000056e-01
9.397590361445783458e+01 -1.658084534503736357e-02 1.000000000000000056e-01
9.437751004016064371e+01 1.898079945659055523e-01 1.000000000000000056e-01
9.477911646586345285e+01 3.933931112777946382e-01 1.000000000000000056e-01
9.518072289156626198e+01 7.478719096179544668e-01 1.000000000000000056e-01
9.558232931726907111e+01 1.268098451195636134e+00 1.000000000000000056e-01
9.598393574297188025e+01 1.416591742195855819e+00 1.000000000000000056e-01
9.638554216867470359e+01 1.768001307708890524e+00 1.000000000000000056e-01
9.678714859437751272e+01 1.882623493345259025e+00 1.000000000000000056e-01
9.718875502008032186e+01 1.702880167674398093e+00 1.000000000000000056e-01
9.759036144578313099e+01 1.340653597959722720e+00 1.000000000000000056e-01
9.799196787148594012e+01 8.399705647923658702e-01 1.000000000000000056e-01
9.839357429718874926e+01 5.758172064806065249e-01 1.000000000000000056e-01
9.879518072289157260e+01 9.439258807019236253e-01 1.000000000000000056e-01
9.919678714859438173e+01 1.264235280743992940e+00 1.000000000000000056e-01
9.959839357429719087e+01 1.554077121110807980e+00 1.000000000000000056e-01
1.000000000000000000e+02 1.926428248805575949e+00 1.000000000000000056e-01
