0.000000000000000000e+00 9.355496732469221755e-01 1.000000000000000056e-01
4.016064257028112428e-01 4.591534228453599265e-01 1.000000000000000056e-01
8.032128514056224855e-01 2.741692359756552344e-01 1.000000000000000056e-01
1.204819277108433617e+00 -5.369457610442379680e-02 1.000000000000000056e-01
1.606425702811244971e+00 -1.569356607498735845e-01 1.000000000000000056e-01
2.008032128514056325e+00 -5.450754449096897880e-02 1.000000000000000056e-01
2.409638554216867234e+00 -7.167063337486151431e-03 1.000000000000000056e-01
2.811244979919678588e+00 9.649632905785453241e-02 1.000000000000000056e-01
3.212851405622489942e+00 3.637011300033249350e-01 1.000000000000000056e-01
3.614457831325301296e+00 1.026744466912621778e+00 1.000000000000000056e-01
4.016064257028112650e+00 1.483550651503645623e+00 1.000000000000000056e-01
4.417670682730923559e+00 1.819143790329053489e+00 1.000000000000000056e-01
4.819277108433734469e+00 1.947542288142937839e+00 1.000000000000000056e-01
5.220883534136546267e+00 2.005181663212089571e+00 1.000000000000000056e-01
5.622489959839357176e+00 1.540078216155404078e+00 1.000000000000000056e-01
6.024096385542168974e+00 1.373835837257549430e+00 1.000000000000000056e-01
6.425702811244979884e+00 1.021847735230785759e+00 1.000000000000000056e-01
6.827309236947790794e+00 8.372821269253909460e-01 1.000000000000000056e-01
7.228915662650602592e+00 5.978707656533002179e-01 1.000000000000000056e-01
7.630522088353413501e+00 4.380922696127498850e-01 1.000000000000000056e-01
8.032128514056225299e+00 4.412873706507811633e-01 1.000000000000000056e-01
8.433734939759036209e+00 3.965404600505739729e-01 1.000000000000000056e-01
8.835341365461847118e+00 2.251174715977670160e-01 1.000000000000000056e-01
9.236947791164658028e+00 1.004779150530745041e-01 1.000000000000000056e-01
9.638554216867468938e+00 1.654909971772302868e-01 1.000000000000000056e-01
1.004016064257028162e+01 2.293189799038196364e-01 1.000000000000000056e-01
1.044176706827309253e+01 6.024410897470962034e-01 1.000000000000000056e-01
1.084337349397590344e+01 1.192835870764238138e+00 1.000000000000000056e-01
1.124497991967871435e+01 1.649025696666130747e+00 1.000000000000000056e-01
1.164658634538152526e+01 1.694855257163153883e+00 1.000000000000000056e-01
1.204819277108433795e+01 1.713987720930495229e+00 1.000000000000000056e-01
1.244979919678714886e+01 1.419129198405793213e+00 1.000000000000000056e-01
1.285140562248995977e+01 1.214305509445457121e+00 1.000000000000000056e-01
1.325301204819277068e+01 8.535863788275019903e-01 1.000000000000000056e-01
1.365461847389558159e+01 8.496490637260963874e-01 1.000000000000000056e-01
1.405622489959839427e+01 8.992680984229014518e-01 1.000000000000000056e-01
1.445783132530120518e+01 1.388616008508375188e+00 1.000000000000000056e-01
1.485943775100401609e+01 1.501735248402448430e+00 1.000000000000000056e-01
1.526104417670682700e+01 1.696165216462887759e+00 1.000000000000000056e-01
1.566265060240963791e+01 1.457367691716362046e+00 1.000000000000000056e-01
1.606425702811245060e+01 1.646898597516744944e+00 1.000000000000000056e-01
1.646586345381525973e+01 1.954870089768603769e+00 1.000000000000000056e-01
1.686746987951807242e+01 2.024965583519717338e+00 1.000000000000000056e-01
1.726907630522088510e+01 2.175142808382102722e+00 1.000000000000000056e-01
1.767068273092369424e+01 2.382566799476420805e+00 1.000000000000000056e-01
1.807228915662650692e+01 2.284825318214485979e+00 1.000000000000000056e-01
1.847389558232931606e+01 1.999595530163322588e+00 1.000000000000000056e-01
1.887550200803212874e+01 1.915973287698365501e+00 1.000000000000000056e-01
1.927710843373493788e+01 1.878388483920012675e+00 1.000000000000000056e-01
1.967871485943775056e+01 2.272482571845971577e+00 1.000000000000000056e-01
2.008032128514056325e+01 2.641392527488546804e+00 1.000000000000000056e-01
2.048192771084337238e+01 2.647935250841212174e+00 1.000000000000000056e-01
2.088353413654618507e+01 3.224375607721506665e+00 1.000000000000000056e-01
2.128514056224899420e+01 3.273273121590495993e+00 1.000000000000000056e-01
2.168674698795180689e+01 2.703324086140994620e+00 1.000000000000000056e-01
2.208835341365461957e+01 2.124165488795945134e+00 1.000000000000000056e-01
2.248995983935742871e+01 1.015386795456145741e+00 1.000000000000000056e-01
2.289156626506024139e+01 1.723513648182496139e-01 1.000000000000000056e-01
2.329317269076305053e+01 -2.975369692757348083e-01 1.000000000000000056e-01
2.369477911646586321e+01 -5.818898347081015165e-01 1.000000000000000056e-01
2.409638554216867590e+01 -5.054459874255798901e-01 1.000000000000000056e-01
2.449799196787148503e+01 -2.463080264834724142e-01 1.000000000000000056e-01
2.489959839357429772e+01 -5.665252725536849832e-02 1.000000000000000056e-01
2.530120481927710685e+01 9.460329086206661908e-02 1.000000000000000056e-01
2.570281124497991954e+01 3.485525733909891621e-02 1.000000000000000056e-01
2.610441767068273222e+01 3.190101811226003781e-01 1.000000000000000056e-01
2.650602409638554136e+01 3.099762591465260453e-01 1.000000000000000056e-01
2.690763052208835404e+01 2.777862646745731245e-01 1.000000000000000056e-01
2.730923694779116317e+01 4.124840075950662044e-01 1.000000000000000056e-01
2.771084337349397586e+01 4.318710622139060873e-01 1.000000000000000056e-01
2.811244979919678855e+01 4.132708358655183267e-01 1.000000000000000056e-01
2.851405622489959768e+01 5.164736869125434726e-01 1.000000000000000056e-01
2.891566265060241037e+01 5.450003267790189954e-01 1.000000000000000056e-01
2.931726907630521950e+01 5.785584683735794931e-01 1.000000000000000056e-01
2.971887550200803219e+01 7.638769199358972362e-01 1.000000000000000056e-01
3.012048192771084487e+01 7.300139001100954816e-01 1.000000000000000056e-01
3.052208835341365400e+01 4.817982044007697029e-01 1.000000000000000056e-01
3.092369477911646669e+01 4.197044308202225182e-01 1.000000000000000056e-01
3.132530120481927582e+01 2.816315141072384121e-01 1.000000000000000056e-01
3.172690763052208851e+01 2.062785899447780458e-01 1.000000000000000056e-01
3.212851405622490120e+01 1.390322654919401435e-01 1.000000000000000056e-01
3.253012048192771033e+01 4.325687319532103836e-01 1.000000000000000056e-01
3.293172690763051946e+01 3.669736452625516621e-01 1.000000000000000056e-01
3.333333333333333570e+01 4.041008941626738071e-01 1.000000000000000056e-01
3.373493975903614484e+01 5.162105680329509561e-01 1.000000000000000056e-01
3.413654618473895397e+01 4.693984981381514321e-01 1.000000000000000056e-01
3.453815261044177021e+01 -1.795176276242808067e-01 1.000000000000000056e-01
3.493975903614457934e+01 1.127010478935677462e-01 1.000000000000000056e-01
3.534136546184738847e+01 -1.710140218674292834e-01 1.000000000000000056e-01
3.574297188755019761e+01 -6.691568593130800546e-02 1.000000000000000056e-01
3.614457831325301385e+01 -1.856830125161006428e-01 1.000000000000000056e-01
3.654618473895582298e+01 -2.147283800754473115e-01 1.000000000000000056e-01
3.694779116465863211e+01 -2.856286286727167667e-01 1.000000000000000056e-01
3.734939759036144835e+01 -2.036126744938330235e-01 1.000000000000000056e-01
3.775100401606425748e+01 -1.720283488934543081e-01 1.000000000000000056e-01
3.815261044176706662e+01 4.417209813113173178e-01 1.000000000000000056e-01
3.855421686746987575e+01 4.599269956429882789e-01 1.000000000000000056e-01
3.895582329317269199e+01 8.704048144082691119e-01 1.000000000000000056e-01
3.935742971887550112e+01 1.276880458251707484e+00 1.000000000000000056e-01
3.975903614457831026e+01 1.580219671984243179e+00 1.000000000000000056e-01
4.016064257028112650e+01 1.259080483121331362e+00 1.000000000000000056e-01
4.056224899598393563e+01 9.952642658309618362e-01 1.000000000000000056e-01
4.096385542168674476e+01 9.288602458898683745e-01 1.000000000000000056e-01
4.136546184738956100e+01 6.356178573073125726e-01 1.000000000000000056e-01
4.176706827309237013e+01 9.355821824163663702e-01 1.000000000000000056e-01
4.216867469879517927e+01 1.137437869803030521e+00 1.000000000000000056e-01
4.257028112449798840e+01 1.305874450140990906e+00 1.000000000000000056e-01
4.297188755020080464e+01 1.175748817936451918e+00 1.000000000000000056e-01
4.337349397590361377e+01 1.119419027689694479e+00 1.000000000000000056e-01
4.377510040160642291e+01 8.475112907521740180e-01 1.000000000000000056e-01
4.417670682730923915e+01 6.799376708507981482e-01 1.000000000000000056e-01
4.457831325301204828e+01 5.428051246484273396e-01 1.000000000000000056e-01
4.497991967871485741e+01 3.081540028255742025e-01 1.000000000000000056e-01
4.538152610441767365e+01 4.821261615950797053e-01 1.000000000000000056e-01
4.578313253012048278e+01 5.033003167536918010e-01 1.000000000000000056e-01
4.618473895582329192e+01 4.869577681003100511e-01 1.000000000000000056e-01
4.658634538152610105e+01 6.420595834892270926e-01 1.000000000000000056e-01
4.698795180722891729e+01 9.498069660730956709e-01 1.000000000000000056e-01
4.738955823293172642e+01 1.656491318819024894e+00 1.000000000000000056e-01
4.779116465863453556e+01 2.097782590920734158e+00 1.000000000000000056e-01
4.819277108433735179e+01 2.724818277768649821e+00 1.000000000000000056e-01
4.859437751004016093e+01 3.139048497482312516e+00 1.000000000000000056e-01
4.899598393574297006e+01 3.389397134506674014e+00 1.000000000000000056e-01
4.939759036144578630e+01 3.245163293678998695e+00 1.000000000000000056e-01
4.979919678714859543e+01 2.642630022924246536e+00 1.000000000000000056e-01
5.020080321285140457e+01 2.141105784118082944e+00 1.000000000000000056e-01
5.060240963855421370e+01 1.700954828998644919e+00 1.000000000000000056e-01
5.100401606425702994e+01 9.225814572070898389e-01 1.000000000000000056e-01
5.140562248995983907e+01 6.899993183609119951e-01 1.000000000000000056e-01
5.180722891566264821e+01 2.340539023900408411e-01 1.000000000000000056e-01
5.220883534136546444e+01 -1.607780002820198284e-01 1.000000000000000056e-01
5.261044176706827358e+01 -4.503668682796280187e-01 1.000000000000000056e-01
5.301204819277108271e+01 -3.869360630512274080e-01 1.000000000000000056e-01
5.341365461847389184e+01 -3.208955908570075843e-01 1.000000000000000056e-01
5.381526104417670808e+01 -3.661764261164109080e-03 1.000000000000000056e-01
5.421686746987951722e+01 5.481106138917931636e-01 1.000000000000000056e-01
5.461847389558232635e+01 1.285351701427231763e+00 1.000000000000000056e-01
5.502008032128514259e+01 1.667079815443907709e+00 1.000000000000000056e-01
5.542168674698795172e+01 1.994309584410414837e+00 1.000000000000000056e-01
5.582329317269076085e+01 1.767864785233062452e+00 1.000000000000000056e-01
5.622489959839357709e+01 1.415455330770642561e+00 1.000000000000000056e-01
5.662650602409638623e+01 9.405887660101974745e-01 1.000000000000000056e-01
5.702811244979919536e+01 9.487348060634800406e-01 1.000000000000000056e-01
5.742971887550200449e+01 8.099890279782556712e-01 1.000000000000000056e-01
5.783132530120482073e+01 8.738590849706289188e-01 1.000000000000000056e-01
5.823293172690762987e+01 9.126897832721158066e-01 1.000000000000000056e-01
5.863453815261043900e+01 1.152077654756085145e+00 1.000000000000000056e-01
5.903614457831325524e+01 1.306596090040680336e+00 1.000000000000000056e-01
5.943775100401606437e+01 9.728898168448927297e-01 1.000000000000000056e-01
5.983935742971887350e+01 6.661059809354232808e-01 1.000000000000000056e-01
6.024096385542168974e+01 7.463643444817747996e-01 1.000000000000000056e-01
6.064257028112449888e+01 8.462648721655622319e-01 1.000000000000000056e-01
6.104417670682730801e+01 9.881775225681185271e-01 1.000000000000000056e-01
6.144578313253011714e+01 1.063963634226030575e+00 1.000000000000000056e-01
6.184738955823293338e+01 1.058267027702970653e+00 1.000000000000000056e-01
6.224899598393574252e+01 1.404574593425496509e+00 1.000000000000000056e-01
6.265060240963855165e+01 1.616924786916016821e+00 1.000000000000000056e-01
6.305220883534136789e+01 1.821816990278581461e+00 1.000000000000000056e-01
6.345381526104417702e+01 2.062516557920221150e+00 1.000000000000000056e-01
6.385542168674698615e+01 2.187770343388215633e+00 1.000000000000000056e-01
6.425702811244980239e+01 2.556002461659394598e+00 1.000000000000000056e-01
6.465863453815261153e+01 2.476349728290869301e+00 1.000000000000000056e-01
6.506024096385542066e+01 1.979022939305404183e+00 1.000000000000000056e-01
6.546184738955822979e+01 1.402006206243236575e+00 1.000000000000000056e-01
6.586345381526103893e+01 6.014397098575435807e-01 1.000000000000000056e-01
6.626506024096384806e+01 -8.661062836829450662e-01 1.000000000000000056e-01
6.666666666666667140e+01 -1.876974240021241025e+00 1.000000000000000056e-01
6.706827309236948054e+01 -2.488235252672470921e+00 1.000000000000000056e-01
6.746987951807228967e+01 -2.461572223048776653e+00 1.000000000000000056e-01
6.787148594377509880e+01 -2.074115182486682141e+00 1.000000000000000056e-01
6.827309236947790794e+01 -1.374794782240807756e+00 1.000000000000000056e-01
6.867469879518071707e+01 -8.215520527901862824e-01 1.000000000000000056e-01
6.907630522088354041e+01 -4.632000866459270449e-01 1.000000000000000056e-01
6.947791164658634955e+01 1.486313650558590826e-01 1.000000000000000056e-01
6.987951807228915868e+01 6.299256360075258243e-01 1.000000000000000056e-01
7.028112449799196781e+01 5.712750141760634115e-01 1.000000000000000056e-01
7.068273092369477695e+01 1.063419066775660893e+00 1.000000000000000056e-01
7.108433734939758608e+01 1.050632674220688179e+00 1.000000000000000056e-01
7.148594377510039521e+01 8.541329138740596516e-01 1.000000000000000056e-01
7.188755020080321856e+01 7.512258946442971208e-01 1.000000000000000056e-01
7.228915662650602769e+01 3.432932080730049518e-01 1.000000000000000056e-01
7.269076305220883683e+01 -2.856698898765122618e-02 1.000000000000000056e-01
7.309236947791164596e+01 -3.144959279205268299e-01 1.000000000000000056e-01
7.349397590361445509e+01 -3.436455303207143208e-01 1.000000000000000056e-01
7.389558232931726423e+01 -4.701687814108174157e-01 1.000000000000000056e-01
7.429718875502007336e+01 -5.183226204447847207e-01 1.000000000000000056e-01
7.469879518072289670e+01 -4.670221191378200465e-01 1.000000000000000056e-01
7.510040160642570584e+01 -5.251781051849064852e-01 1.000000000000000056e-01
7.550200803212851497e+01 -5.419277325670501799e-01 1.000000000000000056e-01
7.590361445783132410e+01 -9.058235569819583777e-01 1.000000000000000056e-01
7.630522088353413324e+01 -1.210554224277737401e+00 1.000000000000000056e-01
7.670682730923694237e+01 -1.287148254295756633e+00 1.000000000000000056e-01
7.710843373493975150e+01 -1.177832932995906745e+00 1.000000000000000056e-01
7.751004016064257485e+01 -7.748892625037772097e-01 1.000000000000000056e-01
7.791164658634538398e+01 -3.597285898401358373e-01 1.000000000000000056e-01
7.831325301204819311e+01 1.917537725161909123e-01 1.000000000000000056e-01
7.871485943775100225e+01 6.397059714206119185e-01 1.000000000000000056e-01
7.911646586345381138e+01 1.036924687456675542e+00 1.000000000000000056e-01
7.951807228915662051e+01 1.552857870859958522e+00 1.000000000000000056e-01
7.991967871485944386e+01 1.386552936159660465e+00 1.000000000000000056e-01
8.032128514056225299e+01 1.379094945913893921e+00 1.000000000000000056e-01
8.072289156626506212e+01 1.022254431608336622e+00 1.000000000000000056e-01
8.112449799196787126e+01 8.039535690011897495e-01 1.000000000000000056e-01
8.152610441767068039e+01 3.796803382716442687e-01 1.000000000000000056e-01
8.192771084337348952e+01 6.341164584289622486e-01 1.000000000000000056e-01
8.232931726907629866e+01 9.795204733897721061e-01 1.000000000000000056e-01
8.273092369477912200e+01 1.092469171328457778e+00 1.000000000000000056e-01
8.313253012048193114e+01 1.254456414991331092e+00 1.000000000000000056e-01
8.353413654618474027e+01 1.360216384570644976e+00 1.000000000000000056e-01
8.393574297188754940e+01 1.203370538085535291e+00 1.000000000000000056e-01
8.433734939759035854e+01 9.642100959577121211e-01 1.000000000000000056e-01
8.473895582329316767e+01 1.013725516509332847e+00 1.000000000000000056e-01
8.514056224899597680e+01 8.858536192157248079e-01 1.000000000000000056e-01
8.554216867469880015e+01 5.621127555628557815e-01 1.000000000000000056e-01
8.594377510040160928e+01 4.098179375395266111e-01 1.000000000000000056e-01
8.634538152610441841e+01 2.497389392281570974e-01 1.000000000000000056e-01
8.674698795180722755e+01 1.604212701010024333e-01 1.000000000000000056e-01
8.714859437751003668e+01 -5.604578690674558716e-01 1.000000000000000056e-01
8.755020080321284581e+01 -7.957099274290542201e-01 1.000000000000000056e-01
8.795180722891566916e+01 -1.380954221198484433e+00 1.000000000000000056e-01
8.835341365461847829e+01 -1.443608880033312669e+00 1.000000000000000056e-01
8.875502008032128742e+01 -1.156786244020998389e+00 1.000000000000000056e-01
8.915662650602409656e+01 -8.900195620609773206e-01 1.000000000000000056e-01
8.955823293172690569e+01 -1.674050993131738774e-01 1.000000000000000056e-01
8.995983935742971482e+01 4.014664755832604848e-01 1.000000000000000056e-01
9.036144578313252396e+01 8.302676175788614721e-01 1.000000000000000056e-01
9.076305220883534730e+01 8.219601781264476159e-01 1.000000000000000056e-01
9.116465863453815643e+01 1.010350672075173595e+00 1.000000000000000056e-01
9.156626506024096557e+01 5.196637624243771736e-01 1.000000000000000056e-01
9.196787148594377470e+01 4.103570668659679843e-02 1.000000000000000056e-01
9.236947791164658383e+01 -4.542890769470056544e-01 1.000000000000000056e-01
9.277108433734939297e+01 -9.217925659612677958e-01 1.000000000000000056e-01
9.317269076305220210e+01 -1.154131757063534769e+00 1.000000000000000056e-01
9.357429718875502545e+01 -1.354495432906415386e+00 1.000000000000000056e-01
9.397590361445783458e+01 -1.317408607911749296e+00 1.000000000000000056e-01
9.437751004016064371e+01 -1.297881339299538084e+00 1.000000000000000056e-01
9.477911646586345285e+01 -1.133947662235300857e+00 1.000000000000000056e-01
9.518072289156626198e+01 -9.948284827799407370e-01 1.000000000000000056e-01
9.558232931726907111e+01 -7.678922270760066837e-01 1.000000000000000056e-01
9.598393574297188025e+01 -7.943173696510863468e-01 1.000000000000000056e-01
9.638554216867470359e+01 -1.273740779106292909e+00 1.000000000000000056e-01
9.678714859437751272e+01 -1.429085804361772238e+00 1.000000000000000056e-01
9.718875502008032186e+01 -1.832476988655040051e+00 1.000000000000000056e-01
9.759036144578313099e+01 -2.532450293126248919e+00 1.000000000000000056e-01
9.799196787148594012e+01 -2.954485448642037770e+00 1.000000000000000056e-01
9.839357429718874926e+01 -3.086923317927622090e+00 1.000000000000000056e-01
9.879518072289157260e+01 -2.611544606603166674e+00 1.000000000000000056e-01
9.919678714859438173e+01 -1.636287054397856711e+00 1.000000000000000056e-01
9.959839357429719087e+01 -4.207857733725539617e-01 1.000000000000000056e-01
1.000000000000000000e+02 4.102501804783784678e-01 1.000000000000000056e-01
