0.000000000000000000e+00 1.586719461785662810e+00 1.000000000000000056e-01
4.016064257028112428e-01 1.545805626967571733e+00 1.000000000000000056e-01
8.032128514056224855e-01 1.172786892605261144e+00 1.000000000000000056e-01
1.204819277108433617e+00 5.510712353249637152e-01 1.000000000000000056e-01
1.606425702811244971e+00 -7.172163341157156147e-02 1.000000000000000056e-01
2.008032128514056325e+00 -5.711565500667908912e-01 1.000000000000000056e-01
2.409638554216867234e+00 -9.721112438510199905e-01 1.000000000000000056e-01
2.811244979919678588e+00 -1.423343911046368149e+00 1.000000000000000056e-01
3.212851405622489942e+00 -1.723381994209165713e+00 1.000000000000000056e-01
3.614457831325301296e+00 -1.842987984392509659e+00 1.000000000000000056e-01
4.016064257028112650e+00 -2.148866916984328412e+00 1.000000000000000056e-01
4.417670682730923559e+00 -2.205380943232581270e+00 1.000000000000000056e-01
4.819277108433734469e+00 -2.563724937718840469e+00 1.000000000000000056e-01
5.220883534136546267e+00 -2.712755501544491299e+00 1.000000000000000056e-01
5.622489959839357176e+00 -2.281199488000837050e+00 1.000000000000000056e-01
6.024096385542168974e+00 -1.857406602558950404e+00 1.000000000000000056e-01
6.425702811244979884e+00 -1.202968256030452432e+00 1.000000000000000056e-01
6.827309236947790794e+00 -6.782391587676465106e-01 1.000000000000000056e-01
7.228915662650602592e+00 -1.542117884317844578e-01 1.000000000000000056e-01
7.630522088353413501e+00 5.200753108026205940e-01 1.000000000000000056e-01
8.032128514056225299e+00 7.457427765238094919e-01 1.000000000000000056e-01
8.433734939759036209e+00 1.019488515379788796e+00 1.000000000000000056e-01
8.835341365461847118e+00 1.151452942851980410e+00 1.000000000000000056e-01
9.236947791164658028e+00 1.273720048365711177e+00 1.000000000000000056e-01
9.638554216867468938e+00 1.295929719060247010e+00 1.000000000000000056e-01
1.004016064257028162e+01 1.463925927462557341e+00 1.000000000000000056e-01
1.044176706827309253e+01 1.951520716267947986e+00 1.000000000000000056e-01
1.084337349397590344e+01 1.931888670783739936e+00 1.000000000000000056e-01
1.124497991967871435e+01 2.188032192546728538e+00 1.000000000000000056e-01
1.164658634538152526e+01 1.872093812766835841e+00 1.000000000000000056e-01
1.204819277108433795e+01 1.736643963183297057e+00 1.000000000000000056e-01
1.244979919678714886e+01 1.372555361208686486e+00 1.000000000000000056e-01
1.285140562248995977e+01 8.101298033857946557e-01 1.000000000000000056e-01
1.325301204819277068e+01 3.106826165590745870e-01 1.000000000000000056e-01
1.365461847389558159e+01 -3.309253025951536253e-01 1.000000000000000056e-01
1.405622489959839427e+01 -5.685356664847963648e-01 1.000000000000000056e-01
1.445783132530120518e+01 -1.001061823724783917e+00 1.000000000000000056e-01
1.485943775100401609e+01 -1.016678870556786629e+00 1.000000000000000056e-01
1.526104417670682700e+01 -1.045806563163353964e+00 1.000000000000000056e-01
1.566265060240963791e+01 -8.438743883873571772e-01 1.000000000000000056e-01
1.606425702811245060e+01 -3.801966414350558821e-01 1.000000000000000056e-01
1.646586345381525973e+01 1.860185686669529881e-02 1.000000000000000056e-01
1.686746987951807242e+01 5.500279245026465924e-01 1.000000000000000056e-01
1.726907630522088510e+01 1.127657273465754173e+00 1.000000000000000056e-01
1.767068273092369424e+01 1.736132767742211813e+00 1.000000000000000056e-01
1.807228915662650692e+01 1.523958936363621008e+00 1.000000000000000056e-01
1.847389558232931606e+01 1.026502723379617565e+00 1.000000000000000056e-01
1.887550200803212874e+01 6.928365254678645613e-01 1.000000000000000056e-01
1.927710843373493788e+01 1.228390923471328888e-01 1.000000000000000056e-01
1.967871485943775056e+01 3.289984027254103105e-01 1.000000000000000056e-01
2.008032128514056325e+01 8.098470918265354701e-01 1.000000000000000056e-01
2.048192771084337238e+01 1.127418907522688807e+00 1.000000000000000056e-01
2.088353413654618507e+01 1.418695051377581784e+00 1.000000000000000056e-01
2.128514056224899420e+01 1.211013031295307130e+00 1.000000000000000056e-01
2.168674698795180689e+01 5.411026647852457128e-01 1.000000000000000056e-01
2.208835341365461957e+01 3.029046660533691870e-01 1.000000000000000056e-01
2.248995983935742871e+01 2.528651033144976856e-01 1.000000000000000056e-01
2.289156626506024139e+01 2.937723139399485150e-01 1.000000000000000056e-01
2.329317269076305053e+01 5.317804903213414480e-01 1.000000000000000056e-01
2.369477911646586321e+01 8.199807265501078968e-01 1.000000000000000056e-01
2.409638554216867590e+01 8.185627080087798380e-01 1.000000000000000056e-01
2.449799196787148503e+01 9.183480836908847200e-01 1.000000000000000056e-01
2.489959839357429772e+01 8.981446274465362256e-01 1.000000000000000056e-01
2.530120481927710685e+01 7.126984367541333576e-01 1.000000000000000056e-01
2.570281124497991954e+01 9.235684871716097755e-01 1.000000000000000056e-01
2.610441767068273222e+01 9.088966547916028649e-01 1.000000000000000056e-01
2.650602409638554136e+01 1.128104713622688937e+00 1.000000000000000056e-01
2.690763052208835404e+01 1.372124733686863163e+00 1.000000000000000056e-01
2.730923694779116317e+01 1.472114257958246464e+00 1.000000000000000056e-01
2.771084337349397586e+01 1.456758941374841188e+00 1.000000000000000056e-01
2.811244979919678855e+01 1.181267860297246619e+00 1.000000000000000056e-01
2.851405622489959768e+01 1.139867942910079313e+00 1.000000000000000056e-01
2.891566265060241037e+01 1.509637847196332316e+00 1.000000000000000056e-01
2.931726907630521950e+01 1.631553898194724850e+00 1.000000000000000056e-01
2.971887550200803219e+01 2.255283468562513161e+00 1.000000000000000056e-01
3.012048192771084487e+01 2.459181962864785742e+00 1.000000000000000056e-01
3.052208835341365400e+01 2.543643362890206649e+00 1.000000000000000056e-01
3.092369477911646669e+01 1.983900038894375051e+00 1.000000000000000056e-01
3.132530120481927582e+01 1.153908886292836833e+00 1.000000000000000056e-01
3.172690763052208851e+01 3.210502079247217200e-01 1.000000000000000056e-01
3.212851405622490120e+01 6.001786169684157624e-02 1.000000000000000056e-01
3.253012048192771033e+01 -2.691321718732596624e-01 1.000000000000000056e-01
3.293172690763051946e+01 -1.999246748327464240e-01 1.000000000000000056e-01
3.333333333333333570e+01 -1.317949518388583097e-01 1.000000000000000056e-01
3.373493975903614484e+01 -2.074908390982143358e-01 1.000000000000000056e-01
3.413654618473895397e+01 -8.449440322931566216e-01 1.000000000000000056e-01
3.453815261044177021e+01 -1.056792713951237639e+00 1.000000000000000056e-01
3.493975903614457934e+01 -1.341447316011082247e+00 1.000000000000000056e-01
3.534136546184738847e+01 -1.303465691613834965e+00 1.000000000000000056e-01
3.574297188755019761e+01 -8.240093446905193408e-01 1.000000000000000056e-01
3.614457831325301385e+01 -2.431892764350327141e-01 1.000000000000000056e-01
3.654618473895582298e+01 1.235457788362153142e-01 1.000000000000000056e-01
3.694779116465863211e+01 7.005497885824772952e-01 1.000000000000000056e-01
3.734939759036144835e+01 8.114116462511217209e-01 1.000000000000000056e-01
3.775100401606425748e+01 8.355639965039983741e-01 1.000000000000000056e-01
3.815261044176706662e+01 9.050866964717404484e-01 1.000000000000000056e-01
3.855421686746987575e+01 5.778278439350087448e-01 1.000000000000000056e-01
3.895582329317269199e+01 3.617511646872214048e-01 1.000000000000000056e-01
3.935742971887550112e+01 -1.120042216901664667e-01 1.000000000000000056e-01
3.975903614457831026e+01 -3.498361497400018782e-01 1.000000000000000056e-01
4.016064257028112650e+01 -4.136518110533168313e-01 1.000000000000000056e-01
4.056224899598393563e+01 -4.921191703921331539e-01 1.000000000000000056e-01
4.096385542168674476e+01 -2.633542918556834311e-01 1.000000000000000056e-01
4.136546184738956100e+01 -2.051120739617725564e-01 1.000000000000000056e-01
4.176706827309237013e+01 -5.056420485981850677e-01 1.000000000000000056e-01
4.216867469879517927e+01 -8.511200084466601368e-01 1.000000000000000056e-01
4.257028112449798840e+01 -1.141069831587878669e+00 1.000000000000000056e-01
4.297188755020080464e+01 -1.865373739674826004e+00 1.000000000000000056e-01
4.337349397590361377e+01 -2.068181415709849258e+00 1.000000000000000056e-01
4.377510040160642291e+01 -2.146742579165976661e+00 1.000000000000000056e-01
4.417670682730923915e+01 -2.369660000036714731e+00 1.000000000000000056e-01
4.457831325301204828e+01 -2.114755030975499217e+00 1.000000000000000056e-01
4.497991967871485741e+01 -1.669887314944493939e+00 1.000000000000000056e-01
4.538152610441767365e+01 -1.383881341620159411e+00 1.000000000000000056e-01
4.578313253012048278e+01 -1.090622370629939386e+00 1.000000000000000056e-01
4.618473895582329192e+01 -7.317265318532635288e-01 1.000000000000000056e-01
4.658634538152610105e+01 -7.870629068506163062e-01 1.000000000000000056e-01
4.698795180722891729e+01 -7.252098660036898625e-01 1.000000000000000056e-01
4.738955823293172642e+01 -3.867745078476328424e-02 1.000000000000000056e-01
4.779116465863453556e+01 2.491695057660677226e-01 1.000000000000000056e-01
4.819277108433735179e+01 4.934738900689316088e-01 1.000000000000000056e-01
4.859437751004016093e+01 5.494261153607625792e-01 1.000000000000000056e-01
4.899598393574297006e+01 -1.724769063522630930e-01 1.000000000000000056e-01
4.939759036144578630e+01 -2.992099081487573087e-01 1.000000000000000056e-01
4.979919678714859543e+01 -8.227313026063902690e-01 1.000000000000000056e-01
5.020080321285140457e+01 -7.528902281034350885e-01 1.000000000000000056e-01
5.060240963855421370e+01 -4.426008027363583230e-01 1.000000000000000056e-01
5.100401606425702994e+01 1.220190019207747639e-01 1.000000000000000056e-01
5.140562248995983907e+01 5.213346575508802649e-01 1.000000000000000056e-01
5.180722891566264821e+01 7.058227882085074123e-01 1.000000000000000056e-01
5.220883534136546444e+01 -8.109339020036776535e-02 1.000000000000000056e-01
5.261044176706827358e+01 -5.221799036707766017e-01 1.000000000000000056e-01
5.301204819277108271e+01 -1.288835846850314493e+00 1.000000000000000056e-01
5.341365461847389184e+01 -2.004427979098890589e+00 1.000000000000000056e-01
5.381526104417670808e+01 -2.171858832534439010e+00 1.000000000000000056e-01
5.421686746987951722e+01 -1.915881312067106323e+00 1.000000000000000056e-01
5.461847389558232635e+01 -1.803568825482923410e+00 1.000000000000000056e-01
5.502008032128514259e+01 -1.128139930587703788e+00 1.000000000000000056e-01
5.542168674698795172e+01 -8.278483247236784193e-01 1.000000000000000056e-01
5.582329317269076085e+01 -1.755448852259431924e-01 1.000000000000000056e-01
5.622489959839357709e+01 8.066369879145414423e-02 1.000000000000000056e-01
5.662650602409638623e+01 1.714966880102204438e-01 1.000000000000000056e-01
5.702811244979919536e+01 6.585006234818008286e-01 1.000000000000000056e-01
5.742971887550200449e+01 6.245669054032845224e-01 1.000000000000000056e-01
5.783132530120482073e+01 7.625099668797613583e-01 1.000000000000000056e-01
5.823293172690762987e+01 3.403126351842848951e-01 1.000000000000000056e-01
5.863453815261043900e+01 -7.162583376683559488e-02 1.000000000000000056e-01
5.903614457831325524e+01 -9.285380343174796103e-01 1.000000000000000056e-01
5.943775100401606437e+01 -1.803302634920285197e+00 1.000000000000000056e-01
5.983935742971887350e+01 -1.886841794703174369e+00 1.000000000000000056e-01
6.024096385542168974e+01 -1.915625087025197626e+00 1.000000000000000056e-01
6.064257028112449888e+01 -1.670408130422932125e+00 1.000000000000000056e-01
6.104417670682730801e+01 -1.425247310885918495e+00 1.000000000000000056e-01
6.144578313253011714e+01 -1.404939663425592844e+00 1.000000000000000056e-01
6.184738955823293338e+01 -1.105994350489490019e+00 1.000000000000000056e-01
6.224899598393574252e+01 -6.998138927153313427e-01 1.000000000000000056e-01
6.265060240963855165e+01 -2.165493520872733557e-01 1.000000000000000056e-01
6.305220883534136789e+01 3.093877352893894539e-01 1.000000000000000056e-01
6.345381526104417702e+01 6.785685807975717632e-01 1.000000000000000056e-01
6.385542168674698615e+01 9.957056252828472287e-01 1.000000000000000056e-01
6.425702811244980239e+01 1.145131260816717012e+00 1.000000000000000056e-01
6.465863453815261153e+01 1.614824877164018346e+00 1.000000000000000056e-01
6.506024096385542066e+01 1.936192944098471758e+00 1.000000000000000056e-01
6.546184738955822979e+01 2.004926658668815254e+00 1.000000000000000056e-01
6.586345381526103893e+01 1.602255784594252885e+00 1.000000000000000056e-01
6.626506024096384806e+01 1.435533804160572302e+00 1.000000000000000056e-01
6.666666666666667140e+01 1.189489930930316630e+00 1.000000000000000056e-01
6.706827309236948054e+01 8.963544038739676978e-01 1.000000000000000056e-01
6.746987951807228967e+01 7.396513652018277263e-01 1.000000000000000056e-01
6.787148594377509880e+01 5.971341426861149770e-01 1.000000000000000056e-01
6.827309236947790794e+01 5.785482794700671505e-01 1.000000000000000056e-01
6.867469879518071707e+01 2.939374105796655479e-01 1.000000000000000056e-01
6.907630522088354041e+01 -1.901083939392805289e-01 1.000000000000000056e-01
6.947791164658634955e+01 -5.618799513591544725e-01 1.000000000000000056e-01
6.987951807228915868e+01 -8.968615435362811139e-01 1.000000000000000056e-01
7.028112449799196781e+01 -1.025707930963232650e+00 1.000000000000000056e-01
7.068273092369477695e+01 -1.058782255485089863e+00 1.000000000000000056e-01
7.108433734939758608e+01 -1.327441936932095778e+00 1.000000000000000056e-01
7.148594377510039521e+01 -1.629483198393311572e+00 1.000000000000000056e-01
7.188755020080321856e+01 -1.553365678532135030e+00 1.000000000000000056e-01
7.228915662650602769e+01 -1.226315132213056103e+00 1.000000000000000056e-01
7.269076305220883683e+01 -7.976994572141484774e-01 1.000000000000000056e-01
7.309236947791164596e+01 -4.197059049279366905e-01 1.000000000000000056e-01
7.349397590361445509e+01 -5.403665179495207305e-01 1.000000000000000056e-01
7.389558232931726423e+01 -5.165194872691815098e-01 1.000000000000000056e-01
7.429718875502007336e+01 -5.311131075586497108e-01 1.000000000000000056e-01
7.469879518072289670e+01 -5.656796781665874851e-01 1.000000000000000056e-01
7.510040160642570584e+01 -5.868583284204382799e-01 1.000000000000000056e-01
7.550200803212851497e+01 -3.884458080641630673e-01 1.000000000000000056e-01
7.590361445783132410e+01 -1.489030294605563909e-01 1.000000000000000056e-01
7.630522088353413324e+01 -1.618568362001371608e-01 1.000000000000000056e-01
7.670682730923694237e+01 1.793465197594184546e-01 1.000000000000000056e-01
7.710843373493975150e+01 7.501961668740322331e-01 1.000000000000000056e-01
7.751004016064257485e+01 1.038711782040243614e+00 1.000000000000000056e-01
7.791164658634538398e+01 1.470556188131109554e+00 1.000000000000000056e-01
7.831325301204819311e+01 1.569832367287167463e+00 1.000000000000000056e-01
7.871485943775100225e+01 1.414194293628037391e+00 1.000000000000000056e-01
7.911646586345381138e+01 1.229185363261459329e+00 1.000000000000000056e-01
7.951807228915662051e+01 1.221448673410829189e+00 1.000000000000000056e-01
7.991967871485944386e+01 1.128479858479546794e+00 1.000000000000000056e-01
8.032128514056225299e+01 1.294276223977827378e+00 1.000000000000000056e-01
8.072289156626506212e+01 1.459269562586934521e+00 1.000000000000000056e-01
8.112449799196787126e+01 1.393371036050744083e+00 1.000000000000000056e-01
8.152610441767068039e+01 1.545041011155271704e+00 1.000000000000000056e-01
8.192771084337348952e+01 2.004552468979953872e+00 1.000000000000000056e-01
8.232931726907629866e+01 2.758097570262868281e+00 1.000000000000000056e-01
8.273092369477912200e+01 3.259977271466498294e+00 1.000000000000000056e-01
8.313253012048193114e+01 3.713805745025911431e+00 1.000000000000000056e-01
8.353413654618474027e+01 3.919599634911683950e+00 1.000000000000000056e-01
8.393574297188754940e+01 4.091992023799026157e+00 1.000000000000000056e-01
8.433734939759035854e+01 3.639020174023295251e+00 1.000000000000000056e-01
8.473895582329316767e+01 3.440583132636434005e+00 1.000000000000000056e-01
8.514056224899597680e+01 3.264611366534706516e+00 1.000000000000000056e-01
8.554216867469880015e+01 2.927802244802541143e+00 1.000000000000000056e-01
8.594377510040160928e+01 3.306555080990416062e+00 1.000000000000000056e-01
8.634538152610441841e+01 3.774094875495351609e+00 1.000000000000000056e-01
8.674698795180722755e+01 3.447336436885021893e+00 1.000000000000000056e-01
8.714859437751003668e+01 3.359423803140440423e+00 1.000000000000000056e-01
8.755020080321284581e+01 2.783391142296026466e+00 1.000000000000000056e-01
8.795180722891566916e+01 2.036718226282249855e+00 1.000000000000000056e-01
8.835341365461847829e+01 1.416005928111288226e+00 1.000000000000000056e-01
8.875502008032128742e+01 1.036724068766286200e+00 1.000000000000000056e-01
8.915662650602409656e+01 1.057694847826920581e+00 1.000000000000000056e-01
8.955823293172690569e+01 1.440650193570975013e+00 1.000000000000000056e-01
8.995983935742971482e+01 1.878730086213599160e+00 1.000000000000000056e-01
9.036144578313252396e+01 2.151219119248810596e+00 1.000000000000000056e-01
9.076305220883534730e+01 1.937593060219960250e+00 1.000000000000000056e-01
9.116465863453815643e+01 1.981786032507166340e+00 1.000000000000000056e-01
9.156626506024096557e+01 1.676884224809562784e+00 1.000000000000000056e-01
9.196787148594377470e+01 1.505066241237142277e+00 1.000000000000000056e-01
9.236947791164658383e+01 1.647186327343167944e+00 1.000000000000000056e-01
9.277108433734939297e+01 1.434152234111557789e+00 1.000000000000000056e-01
9.317269076305220210e+01 1.538122630095354326e+00 1.000000000000000056e-01
9.357429718875502545e+01 1.208325999691968855e+00 1.000000000000000056e-01
9.397590361445783458e+01 1.011787627530531974e+00 1.000000000000000056e-01
9.437751004016064371e+01 1.400232310876081687e+00 1.000000000000000056e-01
9.477911646586345285e+01 1.882553222909133961e+00 1.000000000000000056e-01
9.518072289156626198e+01 2.397834001720508645e+00 1.000000000000000056e-01
9.558232931726907111e+01 2.575829183320059279e+00 1.000000000000000056e-01
9.598393574297188025e+01 2.884271468896509205e+00 1.000000000000000056e-01
9.638554216867470359e+01 3.049588673609545442e+00 1.000000000000000056e-01
9.678714859437751272e+01 2.954795604098794382e+00 1.000000000000000056e-01
9.718875502008032186e+01 2.462700806292080546e+00 1.000000000000000056e-01
9.759036144578313099e+01 2.159770990304878069e+00 1.000000000000000056e-01
9.799196787148594012e+01 2.034695693662573746e+00 1.000000000000000056e-01
9.839357429718874926e+01 1.673179505978931170e+00 1.000000000000000056e-01
9.879518072289157260e+01 1.322468438053507445e+00 1.000000000000000056e-01
9.919678714859438173e+01 1.361592202467362123e+00 1.000000000000000056e-01
9.959839357429719087e+01 1.295552774902664517e+00 1.000000000000000056e-01
1.000000000000000000e+02 1.052469616936645647e+00 1.000000000000000056e-01
