0.000000000000000000e+00 -5.729384953424814242e-01 1.000000000000000056e-01
4.016064257028112428e-01 -6.960134780947270228e-01 1.000000000000000056e-01
8.032128514056224855e-01 -6.939848798609141722e-01 1.000000000000000056e-01
1.204819277108433617e+00 -1.034972244019924270e+00 1.000000000000000056e-01
1.606425702811244971e+00 -1.240803840899473487e+00 1.000000000000000056e-01
2.008032128514056325e+00 -1.100018826513122328e+00 1.000000000000000056e-01
2.409638554216867234e+00 -1.062813917429039190e+00 1.000000000000000056e-01
2.811244979919678588e+00 -8.591943844770527638e-01 1.000000000000000056e-01
3.212851405622489942e+00 -4.115912312177585353e-01 1.000000000000000056e-01
3.614457831325301296e+00 5.480325503479394761e-03 1.000000000000000056e-01
4.016064257028112650e+00 3.143615141749985797e-01 1.000000000000000056e-01
4.417670682730923559e+00 8.871458367964281111e-01 1.000000000000000056e-01
4.819277108433734469e+00 9.108671197190580937e-01 1.000000000000000056e-01
5.220883534136546267e+00 8.852723489972826876e-01 1.000000000000000056e-01
5.622489959839357176e+00 1.117491049959253413e+00 1.000000000000000056e-01
6.024096385542168974e+00 1.027104796486911109e+00 1.000000000000000056e-01
6.425702811244979884e+00 9.339130859873352453e-01 1.000000000000000056e-01
6.827309236947790794e+00 6.084687312833492179e-01 1.000000000000000056e-01
7.228915662650602592e+00 9.025226093087843626e-01 1.000000000000000056e-01
7.630522088353413501e+00 2.705680966492360340e-01 1.000000000000000056e-01
8.032128514056225299e+00 1.919016786141751751e-01 1.000000000000000056e-01
8.433734939759036209e+00 -4.115363117292867856e-01 1.000000000000000056e-01
8.835341365461847118e+00 -9.585790476852649178e-01 1.000000000000000056e-01
9.236947791164658028e+00 -1.124981079176051502e+00 1.000000000000000056e-01
9.638554216867468938e+00 -1.581058418929062626e+00 1.000000000000000056e-01
1.004016064257028162e+01 -1.991201101183265099e+00 1.000000000000000056e-01
1.044176706827309253e+01 -2.048032069832239621e+00 1.000000000000000056e-01
1.084337349397590344e+01 -2.036418355091884624e+00 1.000000000000000056e-01
1.124497991967871435e+01 -1.660493079938773153e+00 1.000000000000000056e-01
1.164658634538152526e+01 -1.520713086145170534e+00 1.000000000000000056e-01
1.204819277108433795e+01 -9.920006676563563053e-01 1.000000000000000056e-01
1.244979919678714886e+01 -4.497652322698151295e-01 1.000000000000000056e-01
1.285140562248995977e+01 -1.285251752566399508e-01 1.000000000000000056e-01
1.325301204819277068e+01 2.438686252363167495e-01 1.000000000000000056e-01
1.365461847389558159e+01 5.691573118148769428e-01 1.000000000000000056e-01
1.405622489959839427e+01 6.346430620393813671e-01 1.000000000000000056e-01
1.445783132530120518e+01 5.643183708623769057e-01 1.000000000000000056e-01
1.485943775100401609e+01 6.060794062953018813e-01 1.000000000000000056e-01
1.526104417670682700e+01 2.752764547122782401e-01 1.000000000000000056e-01
1.566265060240963791e+01 5.265434169934495312e-01 1.000000000000000056e-01
1.606425702811245060e+01 9.430136553544479217e-01 1.000000000000000056e-01
1.646586345381525973e+01 1.100279985613016986e+00 1.000000000000000056e-01
1.686746987951807242e+01 1.494364526254204018e+00 1.000000000000000056e-01
1.726907630522088510e+01 1.624380399246960094e+00 1.000000000000000056e-01
1.767068273092369424e+01 1.677311310100071839e+00 1.000000000000000056e-01
1.807228915662650692e+01 1.747713825732826187e+00 1.000000000000000056e-01
1.847389558232931606e+01 1.348904404298800763e+00 1.000000000000000056e-01
1.887550200803212874e+01 1.420361865686543767e+00 1.000000000000000056e-01
1.927710843373493788e+01 9.365472430617787225e-01 1.000000000000000056e-01
1.967871485943775056e+01 1.045407642611495103e+00 1.000000000000000056e-01
2.008032128514056325e+01 8.033748568462069084e-01 1.000000000000000056e-01
2.048192771084337238e+01 6.685370258600480398e-01 1.000000000000000056e-01
2.088353413654618507e+01 4.107929480680807544e-01 1.000000000000000056e-01
2.128514056224899420e+01 1.826208262686918882e-01 1.000000000000000056e-01
2.168674698795180689e+01 -1.107249314526209671e-02 1.000000000000000056e-01
2.208835341365461957e+01 -1.909643973886154464e-02 1.000000000000000056e-01
2.248995983935742871e+01 -1.688146254548625325e-01 1.000000000000000056e-01
2.289156626506024139e+01 -3.942038465149716453e-01 1.000000000000000056e-01
2.329317269076305053e+01 -5.017362575904202870e-01 1.000000000000000056e-01
2.369477911646586321e+01 -5.213310201257410625e-01 1.000000000000000056e-01
2.409638554216867590e+01 -4.200581821627263346e-01 1.000000000000000056e-01
2.449799196787148503e+01 -3.409462439695071234e-01 1.000000000000000056e-01
2.489959839357429772e+01 7.176851166294793971e-02 1.000000000000000056e-01
2.530120481927710685e+01 3.850527328553301487e-01 1.000000000000000056e-01
2.570281124497991954e+01 5.629193251130427678e-01 1.000000000000000056e-01
2.610441767068273222e+01 2.590412920518544437e-01 1.000000000000000056e-01
2.650602409638554136e+01 -2.199260658941963598e-02 1.000000000000000056e-01
2.690763052208835404e+01 -8.012182847290061360e-02 1.000000000000000056e-01
2.730923694779116317e+01 -6.570706534133563537e-01 1.000000000000000056e-01
2.771084337349397586e+01 -9.061074711207284249e-01 1.000000000000000056e-01
2.811244979919678855e+01 -1.076228859104318536e+00 1.000000000000000056e-01
2.851405622489959768e+01 -1.359172452040594781e+00 1.000000000000000056e-01
2.891566265060241037e+01 -1.492838605328804080e+00 1.000000000000000056e-01
2.931726907630521950e+01 -1.487930635757613418e+00 1.000000000000000056e-01
2.971887550200803219e+01 -1.218812128986652921e+00 1.000000000000000056e-01
3.012048192771084487e+01 -1.218110135920126957e+00 1.000000000000000056e-01
3.052208835341365400e+01 -1.087889118935719823e+00 1.000000000000000056e-01
3.092369477911646669e+01 -7.802132130059556969e-01 1.000000000000000056e-01
3.132530120481927582e+01 -5.916280867117892361e-01 1.000000000000000056e-01
3.172690763052208851e+01 -2.486718285821685748e-01 1.000000000000000056e-01
3.212851405622490120e+01 -3.745736260019495445e-01 1.000000000000000056e-01
3.253012048192771033e+01 -3.484068355281186302e-02 1.000000000000000056e-01
3.293172690763051946e+01 -2.393632384345353303e-01 1.000000000000000056e-01
3.333333333333333570e+01 -3.189726296174009157e-01 1.000000000000000056e-01
3.373493975903614484e+01 -4.460203048599122866e-01 1.000000000000000056e-01
3.413654618473895397e+01 -5.380885584012758960e-01 1.000000000000000056e-01
3.453815261044177021e+01 -7.169666277283327505e-01 1.000000000000000056e-01
3.493975903614457934e+01 -8.768373531452058334e-01 1.000000000000000056e-01
3.534136546184738847e+01 -9.724732776099298537e-01 1.000000000000000056e-01
3.574297188755019761e+01 -9.113156009273890579e-01 1.000000000000000056e-01
3.614457831325301385e+01 -1.167093714908261415e+00 1.000000000000000056e-01
3.654618473895582298e+01 -9.484378104285966504e-01 1.000000000000000056e-01
3.694779116465863211e+01 -6.883243509096389490e-01 1.000000000000000056e-01
3.734939759036144835e+01 -2.603777030272578785e-01 1.000000000000000056e-01
3.775100401606425748e+01 3.374562088079405830e-01 1.000000000000000056e-01
3.815261044176706662e+01 6.655675776109981623e-01 1.000000000000000056e-01
3.855421686746987575e+01 1.131485316355208770e+00 1.000000000000000056e-01
3.895582329317269199e+01 1.586938712768826587e+00 1.000000000000000056e-01
3.935742971887550112e+01 1.994924604975684801e+00 1.000000000000000056e-01
3.975903614457831026e+01 2.146890903736927925e+00 1.000000000000000056e-01
4.016064257028112650e+01 2.281478498813723998e+00 1.000000000000000056e-01
4.056224899598393563e+01 2.217049230985646879e+00 1.000000000000000056e-01
4.096385542168674476e+01 1.779028792592724617e+00 1.000000000000000056e-01
4.136546184738956100e+01 1.239929641414607042e+00 1.000000000000000056e-01
4.176706827309237013e+01 1.235765594722606942e+00 1.000000000000000056e-01
4.216867469879517927e+01 1.002961743602776234e+00 1.000000000000000056e-01
4.257028112449798840e+01 7.242337467928925410e-01 1.000000000000000056e-01
4.297188755020080464e+01 5.743737845375134210e-01 1.000000000000000056e-01
4.337349397590361377e+01 -1.731846368039945405e-01 1.000000000000000056e-01
4.377510040160642291e+01 -8.953191840708817351e-01 1.000000000000000056e-01
4.417670682730923915e+01 -1.499765122069868450e+00 1.000000000000000056e-01
4.457831325301204828e+01 -2.126804092216447728e+00 1.000000000000000056e-01
4.497991967871485741e+01 -2.606463067373550047e+00 1.000000000000000056e-01
4.538152610441767365e+01 -2.706548935193981098e+00 1.000000000000000056e-01
4.578313253012048278e+01 -2.534460055727719929e+00 1.000000000000000056e-01
4.618473895582329192e+01 -2.552947405256431601e+00 1.000000000000000056e-01
4.658634538152610105e+01 -2.197104556687438315e+00 1.000000000000000056e-01
4.698795180722891729e+01 -1.887654384504761529e+00 1.000000000000000056e-01
4.738955823293172642e+01 -1.588385032530227559e+00 1.000000000000000056e-01
4.779116465863453556e+01 -1.006132705362824398e+00 1.000000000000000056e-01
4.819277108433735179e+01 -7.510897874726959467e-01 1.000000000000000056e-01
4.859437751004016093e+01 -5.505837799445941760e-01 1.000000000000000056e-01
4.899598393574297006e+01 -2.367455426907748017e-01 1.000000000000000056e-01
4.939759036144578630e+01 6.267617693867921780e-02 1.000000000000000056e-01
4.979919678714859543e+01 -2.026208360221825600e-01 1.000000000000000056e-01
5.020080321285140457e+01 -1.233472197803787695e-01 1.000000000000000056e-01
5.060240963855421370e+01 3.096001278304089110e-03 1.000000000000000056e-01
5.100401606425702994e+01 -3.824931583869028429e-01 1.000000000000000056e-01
5.140562248995983907e+01 -2.496747406483189047e-01 1.000000000000000056e-01
5.180722891566264821e+01 -3.059482473228465338e-01 1.000000000000000056e-01
5.220883534136546444e+01 -1.524955766357178333e-01 1.000000000000000056e-01
5.261044176706827358e+01 -2.281808706261299197e-02 1.000000000000000056e-01
5.301204819277108271e+01 1.062641252583872709e-01 1.000000000000000056e-01
5.341365461847389184e+01 -4.718381853079425814e-02 1.000000000000000056e-01
5.381526104417670808e+01 1.340226103158652926e-01 1.000000000000000056e-01
5.421686746987951722e+01 -1.009835908400777693e-01 1.000000000000000056e-01
5.461847389558232635e+01 -4.722524516377938353e-01 1.000000000000000056e-01
5.502008032128514259e+01 -5.444089146894174336e-01 1.000000000000000056e-01
5.542168674698795172e+01 -5.544892745720432226e-01 1.000000000000000056e-01
5.582329317269076085e+01 -4.223992919139514801e-01 1.000000000000000056e-01
5.622489959839357709e+01 -4.286928802530602933e-01 1.000000000000000056e-01
5.662650602409638623e+01 1.238655084651153759e-01 1.000000000000000056e-01
5.702811244979919536e+01 4.823295084534948152e-01 1.000000000000000056e-01
5.742971887550200449e+01 6.214431522787441375e-01 1.000000000000000056e-01
5.783132530120482073e+01 8.394066723796511642e-01 1.000000000000000056e-01
5.823293172690762987e+01 7.614460339282819179e-01 1.000000000000000056e-01
5.863453815261043900e+01 6.758990786648347848e-01 1.000000000000000056e-01
5.903614457831325524e+01 2.662619483588817282e-01 1.000000000000000056e-01
5.943775100401606437e+01 2.625484036707783075e-01 1.000000000000000056e-01
5.983935742971887350e+01 -1.379160848709315434e-05 1.000000000000000056e-01
6.024096385542168974e+01 -1.516555450821934770e-01 1.000000000000000056e-01
6.064257028112449888e+01 -2.245344779433449678e-01 1.000000000000000056e-01
6.104417670682730801e+01 -1.551600636655497967e-01 1.000000000000000056e-01
6.144578313253011714e+01 -2.824784020206232427e-01 1.000000000000000056e-01
6.184738955823293338e+01 -1.810049364644065184e-01 1.000000000000000056e-01
6.224899598393574252e+01 -6.268777938067363054e-02 1.000000000000000056e-01
6.265060240963855165e+01 -4.065990988830038289e-01 1.000000000000000056e-01
6.305220883534136789e+01 -4.534176802638819059e-01 1.000000000000000056e-01
6.345381526104417702e+01 -2.918634062904866822e-01 1.000000000000000056e-01
6.385542168674698615e+01 -3.319341200795767888e-01 1.000000000000000056e-01
6.425702811244980239e+01 -8.292713746632882632e-01 1.000000000000000056e-01
6.465863453815261153e+01 -6.423282406692309987e-01 1.000000000000000056e-01
6.506024096385542066e+01 -9.912288235556924176e-01 1.000000000000000056e-01
6.546184738955822979e+01 -1.043639066118494441e+00 1.000000000000000056e-01
6.586345381526103893e+01 -8.080771159929067693e-01 1.000000000000000056e-01
6.626506024096384806e+01 -1.109372977725676002e+00 1.000000000000000056e-01
6.666666666666667140e+01 -1.016586024225753171e+00 1.000000000000000056e-01
6.706827309236948054e+01 -9.741478517018744565e-01 1.000000000000000056e-01
6.746987951807228967e+01 -8.192236369707013299e-01 1.000000000000000056e-01
6.787148594377509880e+01 -8.333935524453489618e-01 1.000000000000000056e-01
6.827309236947790794e+01 -8.058146513433508407e-01 1.000000000000000056e-01
6.867469879518071707e+01 -4.902124957275302286e-01 1.000000000000000056e-01
6.907630522088354041e+01 -4.612387591477288273e-01 1.000000000000000056e-01
6.947791164658634955e+01 -6.001904652915777127e-01 1.000000000000000056e-01
6.987951807228915868e+01 -4.856198927193494663e-01 1.000000000000000056e-01
7.028112449799196781e+01 -5.175321085548617583e-01 1.000000000000000056e-01
7.068273092369477695e+01 -7.306568244245539301e-01 1.000000000000000056e-01
7.108433734939758608e+01 -1.202823471084050633e+00 1.000000000000000056e-01
7.148594377510039521e+01 -1.540978721696005804e+00 1.000000000000000056e-01
7.188755020080321856e+01 -2.067663587909249312e+00 1.000000000000000056e-01
7.228915662650602769e+01 -2.245960256053932014e+00 1.000000000000000056e-01
7.269076305220883683e+01 -2.460247055635357505e+00 1.000000000000000056e-01
7.309236947791164596e+01 -2.483219384083569903e+00 1.000000000000000056e-01
7.349397590361445509e+01 -2.483586678857494068e+00 1.000000000000000056e-01
7.389558232931726423e+01 -2.114728321186233995e+00 1.000000000000000056e-01
7.429718875502007336e+01 -1.915271573098092039e+00 1.000000000000000056e-01
7.469879518072289670e+01 -1.532362541681311141e+00 1.000000000000000056e-01
7.510040160642570584e+01 -8.486068304990723732e-01 1.000000000000000056e-01
7.550200803212851497e+01 -3.386295301209774067e-01 1.000000000000000056e-01
7.590361445783132410e+01 -3.399149807651236088e-02 1.000000000000000056e-01
7.630522088353413324e+01 5.361877726113473130e-01 1.000000000000000056e-01
7.670682730923694237e+01 6.564370192119819425e-01 1.000000000000000056e-01
7.710843373493975150e+01 6.880029632790995997e-01 1.000000000000000056e-01
7.751004016064257485e+01 6.358013383325240575e-01 1.000000000000000056e-01
7.791164658634538398e+01 7.015731256564002871e-01 1.000000000000000056e-01
7.831325301204819311e+01 7.234200989734220766e-01 1.000000000000000056e-01
7.871485943775100225e+01 5.741262188989189053e-01 1.000000000000000056e-01
7.911646586345381138e+01 5.235081150858407195e-01 1.000000000000000056e-01
7.951807228915662051e+01 5.583782294456404172e-01 1.000000000000000056e-01
7.991967871485944386e+01 5.384195678370214955e-01 1.000000000000000056e-01
8.032128514056225299e+01 5.946813702658034773e-01 1.000000000000000056e-01
8.072289156626506212e+01 3.550763681827624474e-01 1.000000000000000056e-01
8.112449799196787126e+01 1.391386644464874534e-01 1.000000000000000056e-01
8.152610441767068039e+01 -7.701257490855632770e-02 1.000000000000000056e-01
8.192771084337348952e+01 -3.319987786578741940e-01 1.000000000000000056e-01
8.232931726907629866e+01 -4.539953995814282051e-01 1.000000000000000056e-01
8.273092369477912200e+01 -3.508345489087809632e-01 1.000000000000000056e-01
8.313253012048193114e+01 -3.581191759706576772e-01 1.000000000000000056e-01
8.353413654618474027e+01 -3.548325364855297037e-01 1.000000000000000056e-01
8.393574297188754940e+01 -1.230296804711588365e-01 1.000000000000000056e-01
8.433734939759035854e+01 -4.078542623204708395e-01 1.000000000000000056e-01
8.473895582329316767e+01 -4.491750246258696677e-01 1.000000000000000056e-01
8.514056224899597680e+01 -5.827705772810063412e-01 1.000000000000000056e-01
8.554216867469880015e+01 -6.169498227836014426e-01 1.000000000000000056e-01
8.594377510040160928e+01 -6.892283533098977344e-01 1.000000000000000056e-01
8.634538152610441841e+01 -4.438042304814625583e-01 1.000000000000000056e-01
8.674698795180722755e+01 -5.735880589586402900e-01 1.000000000000000056e-01
8.714859437751003668e+01 -6.195199206111022816e-01 1.000000000000000056e-01
8.755020080321284581e+01 -9.246550913021109874e-01 1.000000000000000056e-01
8.795180722891566916e+01 -1.319372010901853631e+00 1.000000000000000056e-01
8.835341365461847829e+01 -1.823761202392776504e+00 1.000000000000000056e-01
8.875502008032128742e+01 -1.904628358231017060e+00 1.000000000000000056e-01
8.915662650602409656e+01 -2.175651367787710733e+00 1.000000000000000056e-01
8.955823293172690569e+01 -1.945900588443583601e+00 1.000000000000000056e-01
8.995983935742971482e+01 -1.782954255980528702e+00 1.000000000000000056e-01
9.036144578313252396e+01 -1.460623021233680596e+00 1.000000000000000056e-01
9.076305220883534730e+01 -1.401115087127197123e+00 1.000000000000000056e-01
9.116465863453815643e+01 -1.479482162569071280e+00 1.000000000000000056e-01
9.156626506024096557e+01 -1.268053387614609173e+00 1.000000000000000056e-01
9.196787148594377470e+01 -1.292196060699580151e+00 1.000000000000000056e-01
9.236947791164658383e+01 -1.389439430708262702e+00 1.000000000000000056e-01
9.277108433734939297e+01 -1.349761927821396590e+00 1.000000000000000056e-01
9.317269076305220210e+01 -1.253979677854526464e+00 1.000000000000000056e-01
9.357429718875502545e+01 -9.369614891251430988e-01 1.000000000000000056e-01
9.397590361445783458e+01 -7.142730779784014494e-01 1.000000000000000056e-01
9.437751004016064371e+01 -6.739160658787016756e-01 1.000000000000000056e-01
9.477911646586345285e+01 -3.754950956662422845e-01 1.000000000000000056e-01
9.518072289156626198e+01 -7.616008627239329032e-02 1.000000000000000056e-01
9.558232931726907111e+01 8.549773253308695642e-02 1.000000000000000056e-01
9.598393574297188025e+01 5.786236285084959963e-02 1.000000000000000056e-01
9.638554216867470359e+01 2.257693340072337018e-01 1.000000000000000056e-01
9.678714859437751272e+01 3.601178415525155274e-02 1.000000000000000056e-01
9.718875502008032186e+01 2.156166782680179472e-01 1.000000000000000056e-01
9.759036144578313099e+01 -2.387440363031173574e-02 1.000000000000000056e-01
9.799196787148594012e+01 -7.570509741643044466e-02 1.000000000000000056e-01
9.839357429718874926e+01 -3.937180166361975431e-01 1.000000000000000056e-01
9.879518072289157260e+01 -5.138658186331284128e-01 1.000000000000000056e-01
9.919678714859438173e+01 -6.342999704194809407e-01 1.000000000000000056e-01
9.959839357429719087e+01 -7.773936470190443426e-01 1.000000000000000056e-01
1.000000000000000000e+02 -1.049260358946892957e+00 1.000000000000000056e-01
