0.000000000000000000e+00 -6.081306996088162720e-01 1.000000000000000056e-01
4.016064257028112428e-01 -9.541734979655968063e-01 1.000000000000000056e-01
8.032128514056224855e-01 -1.419866232496159508e+00 1.000000000000000056e-01
1.204819277108433617e+00 -1.765197891402099373e+00 1.000000000000000056e-01
1.606425702811244971e+00 -1.984757260059916151e+00 1.000000000000000056e-01
2.008032128514056325e+00 -1.742742755858743386e+00 1.000000000000000056e-01
2.409638554216867234e+00 -1.973403096539989132e+00 1.000000000000000056e-01
2.811244979919678588e+00 -2.024900242025517993e+00 1.000000000000000056e-01
3.212851405622489942e+00 -1.796245265642990363e+00 1.000000000000000056e-01
3.614457831325301296e+00 -1.570979912656646160e+00 1.000000000000000056e-01
4.016064257028112650e+00 -1.345002083905313395e+00 1.000000000000000056e-01
4.417670682730923559e+00 -1.285565854611001368e+00 1.000000000000000056e-01
4.819277108433734469e+00 -1.692393137187023555e+00 1.000000000000000056e-01
5.220883534136546267e+00 -2.134165090137074117e+00 1.000000000000000056e-01
5.622489959839357176e+00 -2.383921150258339505e+00 1.000000000000000056e-01
6.024096385542168974e+00 -2.916890265348303313e+00 1.000000000000000056e-01
6.425702811244979884e+00 -2.898291885254900002e+00 1.000000000000000056e-01
6.827309236947790794e+00 -2.489979548579224211e+00 1.000000000000000056e-01
7.228915662650602592e+00 -2.066382894573279838e+00 1.000000000000000056e-01
7.630522088353413501e+00 -8.674363909910495218e-01 1.000000000000000056e-01
8.032128514056225299e+00 -1.145042234868438868e-02 1.000000000000000056e-01
8.433734939759036209e+00 3.303147717392922456e-01 1.000000000000000056e-01
8.835341365461847118e+00 -3.420824448209688895e-02 1.000000000000000056e-01
9.236947791164658028e+00 -1.474906421681058677e-01 1.000000000000000056e-01
9.638554216867468938e+00 -3.799407960634785253e-01 1.000000000000000056e-01
1.004016064257028162e+01 -5.785200098937521851e-01 1.000000000000000056e-01
1.044176706827309253e+01 -5.006597605231527526e-01 1.000000000000000056e-01
1.084337349397590344e+01 -5.246826371718448234e-01 1.000000000000000056e-01
1.124497991967871435e+01 -7.344260917203046524e-02 1.000000000000000056e-01
1.164658634538152526e+01 3.499506564160935751e-01 1.000000000000000056e-01
1.204819277108433795e+01 3.528228841405667282e-01 1.000000000000000056e-01
1.244979919678714886e+01 9.679856787112344207e-01 1.000000000000000056e-01
1.285140562248995977e+01 9.289750538161011262e-01 1.000000000000000056e-01
1.325301204819277068e+01 7.689750483411622595e-01 1.000000000000000056e-01
1.365461847389558159e+01 7.892530180375135762e-01 1.000000000000000056e-01
1.405622489959839427e+01 3.098530778050880841e-01 1.000000000000000056e-01
1.445783132530120518e+01 -2.019774995074469504e-01 1.000000000000000056e-01
1.485943775100401609e+01 -6.477396542168201155e-01 1.000000000000000056e-01
1.526104417670682700e+01 -1.076898579788676980e+00 1.000000000000000056e-01
1.566265060240963791e+01 -1.407439325955088583e+00 1.000000000000000056e-01
1.606425702811245060e+01 -1.412974906179229162e+00 1.000000000000000056e-01
1.646586345381525973e+01 -6.790268570744761867e-01 1.000000000000000056e-01
1.686746987951807242e+01 -1.322271860614355199e-01 1.000000000000000056e-01
1.726907630522088510e+01 3.320253904194812034e-01 1.000000000000000056e-01
1.767068273092369424e+01 5.954016366296691620e-01 1.000000000000000056e-01
1.807228915662650692e+01 2.665172155044036595e-01 1.000000000000000056e-01
1.847389558232931606e+01 -5.981931562845791417e-01 1.000000000000000056e-01
1.887550200803212874e+01 -1.323503684844514749e+00 1.000000000000000056e-01
1.927710843373493788e+01 -1.885918258850259210e+00 1.000000000000000056e-01
1.967871485943775056e+01 -2.207951266725119321e+00 1.000000000000000056e-01
2.008032128514056325e+01 -1.911499448728975814e+00 1.000000000000000056e-01
2.048192771084337238e+01 -1.510631608840900197e+00 1.000000000000000056e-01
2.088353413654618507e+01 -9.686877885117621823e-01 1.000000000000000056e-01
2.128514056224899420e+01 -4.644362459772520824e-01 1.000000000000000056e-01
2.168674698795180689e+01 -2.244895275015910130e-01 1.000000000000000056e-01
2.208835341365461957e+01 -2.758769741928299157e-01 1.000000000000000056e-01
2.248995983935742871e+01 -5.365052044043094881e-01 1.000000000000000056e-01
2.289156626506024139e+01 -7.352892201914822401e-01 1.000000000000000056e-01
2.329317269076305053e+01 -7.901221451882146640e-01 1.000000000000000056e-01
2.369477911646586321e+01 -7.984552365898466286e-01 1.000000000000000056e-01
2.409638554216867590e+01 -8.759232622291771575e-01 1.000000000000000056e-01
2.449799196787148503e+01 -9.768169092086785854e-01 1.000000000000000056e-01
2.489959839357429772e+01 -1.098318548240045489e+00 1.000000000000000056e-01
2.530120481927710685e+01 -9.470330032340505966e-01 1.000000000000000056e-01
2.570281124497991954e+01 -7.701804321592073954e-01 1.000000000000000056e-01
2.610441767068273222e+01 -8.373043778315000241e-01 1.000000000000000056e-01
2.650602409638554136e+01 -1.138092382826279225e+00 1.000000000000000056e-01
2.690763052208835404e+01 -1.500636312139538520e+00 1.000000000000000056e-01
2.730923694779116317e+01 -1.936813978229308342e+00 1.000000000000000056e-01
2.771084337349397586e+01 -2.649832975703068971e+00 1.000000000000000056e-01
2.811244979919678855e+01 -3.477382520817115186e+00 1.000000000000000056e-01
2.851405622489959768e+01 -4.024356196634537142e+00 1.000000000000000056e-01
2.891566265060241037e+01 -3.946705118538132329e+00 1.000000000000000056e-01
2.931726907630521950e+01 -3.963093749848458192e+00 1.000000000000000056e-01
2.971887550200803219e+01 -3.622833405196546508e+00 1.000000000000000056e-01
3.012048192771084487e+01 -3.438508481063299538e+00 1.000000000000000056e-01
3.052208835341365400e+01 -3.091493192201287155e+00 1.000000000000000056e-01
3.092369477911646669e+01 -2.876129395932870203e+00 1.000000000000000056e-01
3.132530120481927582e+01 -2.596378619032842838e+00 1.000000000000000056e-01
3.172690763052208851e+01 -2.141869426343426586e+00 1.000000000000000056e-01
3.212851405622490120e+01 -1.216489730888351994e+00 1.000000000000000056e-01
3.253012048192771033e+01 -1.655997941866578227e-01 1.000000000000000056e-01
3.293172690763051946e+01 5.724416981897354484e-01 1.000000000000000056e-01
3.333333333333333570e+01 1.181717211368130682e+00 1.000000000000000056e-01
3.373493975903614484e+01 1.251520369124031085e+00 1.000000000000000056e-01
3.413654618473895397e+01 1.229439524104254389e+00 1.000000000000000056e-01
3.453815261044177021e+01 8.614304531145522414e-01 1.000000000000000056e-01
3.493975903614457934e+01 4.064328739465676299e-01 1.000000000000000056e-01
3.534136546184738847e+01 -1.759909430628432414e-01 1.000000000000000056e-01
3.574297188755019761e+01 -3.562661556680383756e-01 1.000000000000000056e-01
3.614457831325301385e+01 -3.889950433737358604e-01 1.000000000000000056e-01
3.654618473895582298e+01 2.220631316584151943e-02 1.000000000000000056e-01
3.694779116465863211e+01 3.660452236727457231e-01 1.000000000000000056e-01
3.734939759036144835e+01 6.960817325377435250e-01 1.000000000000000056e-01
3.775100401606425748e+01 8.960090734142549529e-01 1.000000000000000056e-01
3.815261044176706662e+01 1.290301304991075870e+00 1.000000000000000056e-01
3.855421686746987575e+01 1.128344989263601494e+00 1.000000000000000056e-01
3.895582329317269199e+01 1.634186044581978692e+00 1.000000000000000056e-01
3.935742971887550112e+01 1.816249982823589182e+00 1.000000000000000056e-01
3.975903614457831026e+01 2.329687335165969042e+00 1.000000000000000056e-01
4.016064257028112650e+01 2.322045789954037875e+00 1.000000000000000056e-01
4.056224899598393563e+01 2.342112920423466083e+00 1.000000000000000056e-01
4.096385542168674476e+01 1.326643901085176047e+00 1.000000000000000056e-01
4.136546184738956100e+01 8.027455134271008763e-01 1.000000000000000056e-01
4.176706827309237013e+01 2.675759595185911444e-02 1.000000000000000056e-01
4.216867469879517927e+01 -5.596074108965517491e-01 1.000000000000000056e-01
4.257028112449798840e+01 -9.088247359922804192e-01 1.000000000000000056e-01
4.297188755020080464e+01 -9.509522142363477926e-01 1.000000000000000056e-01
4.337349397590361377e+01 -1.085421022441605432e+00 1.000000000000000056e-01
4.377510040160642291e+01 -1.120482638132662245e+00 1.000000000000000056e-01
4.417670682730923915e+01 -1.002918908657442376e+00 1.000000000000000056e-01
4.457831325301204828e+01 -1.054758629949902993e+00 1.000000000000000056e-01
4.497991967871485741e+01 -1.194573191651308708e+00 1.000000000000000056e-01
4.538152610441767365e+01 -9.950382903147577673e-01 1.000000000000000056e-01
4.578313253012048278e+01 -7.011073624285187877e-01 1.000000000000000056e-01
4.618473895582329192e+01 -3.494472823173765397e-01 1.000000000000000056e-01
4.658634538152610105e+01 -5.090760144358071893e-01 1.000000000000000056e-01
4.698795180722891729e+01 -6.459995628948754787e-01 1.000000000000000056e-01
4.738955823293172642e+01 -1.132287161818906984e+00 1.000000000000000056e-01
4.779116465863453556e+01 -1.912661785894468114e+00 1.000000000000000056e-01
4.819277108433735179e+01 -2.329593658214144991e+00 1.000000000000000056e-01
4.859437751004016093e+01 -2.982516119334787774e+00 1.000000000000000056e-01
4.899598393574297006e+01 -3.039005306563188125e+00 1.000000000000000056e-01
4.939759036144578630e+01 -3.206672308097833657e+00 1.000000000000000056e-01
4.979919678714859543e+01 -2.716671466847402794e+00 1.000000000000000056e-01
5.020080321285140457e+01 -2.411399823782534924e+00 1.000000000000000056e-01
5.060240963855421370e+01 -2.233189852516405782e+00 1.000000000000000056e-01
5.100401606425702994e+01 -1.589718065648661138e+00 1.000000000000000056e-01
5.140562248995983907e+01 -6.825636641337446964e-01 1.000000000000000056e-01
5.180722891566264821e+01 3.807759285322682707e-01 1.000000000000000056e-01
5.220883534136546444e+01 1.275879379277137460e+00 1.000000000000000056e-01
5.261044176706827358e+01 1.682203561301971684e+00 1.000000000000000056e-01
5.301204819277108271e+01 1.665826260532259129e+00 1.000000000000000056e-01
5.341365461847389184e+01 1.380746016907009377e+00 1.000000000000000056e-01
5.381526104417670808e+01 1.257979358715152429e+00 1.000000000000000056e-01
5.421686746987951722e+01 1.430257046478190297e+00 1.000000000000000056e-01
5.461847389558232635e+01 1.629340688328735354e+00 1.000000000000000056e-01
5.502008032128514259e+01 2.461113732107444552e+00 1.000000000000000056e-01
5.542168674698795172e+01 2.951698600613395396e+00 1.000000000000000056e-01
5.582329317269076085e+01 3.675794786292784888e+00 1.000000000000000056e-01
5.622489959839357709e+01 3.786112891899524602e+00 1.000000000000000056e-01
5.662650602409638623e+01 3.339274375438733511e+00 1.000000000000000056e-01
5.702811244979919536e+01 3.119652617948170281e+00 1.000000000000000056e-01
5.742971887550200449e+01 2.684466928569597677e+00 1.000000000000000056e-01
5.783132530120482073e+01 2.307704255379273039e+00 1.000000000000000056e-01
5.823293172690762987e+01 2.454486994347089279e+00 1.000000000000000056e-01
5.863453815261043900e+01 2.146992968535135216e+00 1.000000000000000056e-01
5.903614457831325524e+01 1.956200916246775501e+00 1.000000000000000056e-01
5.943775100401606437e+01 1.495599280082311466e+00 1.000000000000000056e-01
5.983935742971887350e+01 1.080130779263774654e+00 1.000000000000000056e-01
6.024096385542168974e+01 1.028821975926195398e+00 1.000000000000000056e-01
6.064257028112449888e+01 1.107691981892696242e+00 1.000000000000000056e-01
6.104417670682730801e+01 9.586330200703481186e-01 1.000000000000000056e-01
6.144578313253011714e+01 6.053195542746622193e-01 1.000000000000000056e-01
6.184738955823293338e+01 8.807940984980630605e-02 1.000000000000000056e-01
6.224899598393574252e+01 -3.363410685786402676e-01 1.000000000000000056e-01
6.265060240963855165e+01 -5.202701644062914799e-01 1.000000000000000056e-01
6.305220883534136789e+01 -4.146858209187554989e-01 1.000000000000000056e-01
6.345381526104417702e+01 -1.279458327580519916e-01 1.000000000000000056e-01
6.385542168674698615e+01 1.149252983726560193e-03 1.000000000000000056e-01
6.425702811244980239e+01 -9.925939723728890995e-03 1.000000000000000056e-01
6.465863453815261153e+01 -1.657669473249474001e-01 1.000000000000000056e-01
6.506024096385542066e+01 -3.266577768705019036e-01 1.000000000000000056e-01
6.546184738955822979e+01 -8.072195841573963637e-01 1.000000000000000056e-01
6.586345381526103893e+01 -9.461345462231242065e-01 1.000000000000000056e-01
6.626506024096384806e+01 -8.374472401225570017e-01 1.000000000000000056e-01
6.666666666666667140e+01 -1.185434542254261370e+00 1.000000000000000056e-01
6.706827309236948054e+01 -9.652230388588362020e-01 1.000000000000000056e-01
6.746987951807228967e+01 -7.973324817440127221e-01 1.000000000000000056e-01
6.787148594377509880e+01 -7.065230091971389514e-01 1.000000000000000056e-01
6.827309236947790794e+01 -8.290403730573676633e-01 1.000000000000000056e-01
6.867469879518071707e+01 -1.353058907284972134e+00 1.000000000000000056e-01
6.907630522088354041e+01 -1.203346915476051660e+00 1.000000000000000056e-01
6.947791164658634955e+01 -1.267782932982436828e+00 1.000000000000000056e-01
6.987951807228915868e+01 -1.279007503238314136e+00 1.000000000000000056e-01
7.028112449799196781e+01 -1.063829072875547510e+00 1.000000000000000056e-01
7.068273092369477695e+01 -7.425837853491435991e-01 1.000000000000000056e-01
7.108433734939758608e+01 -6.256396883987317414e-01 1.000000000000000056e-01
7.148594377510039521e+01 -6.211045010223662510e-01 1.000000000000000056e-01
7.188755020080321856e+01 -9.568985837931227589e-01 1.000000000000000056e-01
7.228915662650602769e+01 -1.102697307029379514e+00 1.000000000000000056e-01
7.269076305220883683e+01 -1.474364659804612510e+00 1.000000000000000056e-01
7.309236947791164596e+01 -1.305892686763956867e+00 1.000000000000000056e-01
7.349397590361445509e+01 -9.024198162705415749e-01 1.000000000000000056e-01
7.389558232931726423e+01 -4.252650067130203659e-02 1.000000000000000056e-01
7.429718875502007336e+01 1.178142466346038475e+00 1.000000000000000056e-01
7.469879518072289670e+01 1.767472538186004583e+00 1.000000000000000056e-01
7.510040160642570584e+01 1.940352480822144843e+00 1.000000000000000056e-01
7.550200803212851497e+01 1.924277870416223335e+00 1.000000000000000056e-01
7.590361445783132410e+01 1.438822060358103450e+00 1.000000000000000056e-01
7.630522088353413324e+01 1.252179541990705580e+00 1.000000000000000056e-01
7.670682730923694237e+01 9.655639497335013477e-01 1.000000000000000056e-01
7.710843373493975150e+01 4.631664974568446835e-01 1.000000000000000056e-01
7.751004016064257485e+01 6.627431535739684854e-02 1.000000000000000056e-01
7.791164658634538398e+01 -3.368281185362169694e-01 1.000000000000000056e-01
7.831325301204819311e+01 -9.981846594710624965e-01 1.000000000000000056e-01
7.871485943775100225e+01 -1.275645595638947416e+00 1.000000000000000056e-01
7.911646586345381138e+01 -1.507581526077925282e+00 1.000000000000000056e-01
7.951807228915662051e+01 -1.483072450592426428e+00 1.000000000000000056e-01
7.991967871485944386e+01 -9.164922670851697317e-01 1.000000000000000056e-01
8.032128514056225299e+01 -4.562605347382877596e-01 1.000000000000000056e-01
8.072289156626506212e+01 -1.813991348602964071e-01 1.000000000000000056e-01
8.112449799196787126e+01 2.134203846290608220e-01 1.000000000000000056e-01
8.152610441767068039e+01 3.152906643257945007e-01 1.000000000000000056e-01
8.192771084337348952e+01 4.503578640824701385e-01 1.000000000000000056e-01
8.232931726907629866e+01 5.732355372016324502e-01 1.000000000000000056e-01
8.273092369477912200e+01 4.215700239408237682e-01 1.000000000000000056e-01
8.313253012048193114e+01 4.003885438214325743e-01 1.000000000000000056e-01
8.353413654618474027e+01 4.100432828545343411e-01 1.000000000000000056e-01
8.393574297188754940e+01 9.965780542903267536e-01 1.000000000000000056e-01
8.433734939759035854e+01 8.963247112503796021e-01 1.000000000000000056e-01
8.473895582329316767e+01 1.252431126946697892e+00 1.000000000000000056e-01
8.514056224899597680e+01 1.697759151375032971e+00 1.000000000000000056e-01
8.554216867469880015e+01 1.371109164630600841e+00 1.000000000000000056e-01
8.594377510040160928e+01 1.401588764475736104e+00 1.000000000000000056e-01
8.634538152610441841e+01 9.171898436333809634e-01 1.000000000000000056e-01
8.674698795180722755e+01 2.547197106152820356e-01 1.000000000000000056e-01
8.714859437751003668e+01 -2.505857691802723108e-01 1.000000000000000056e-01
8.755020080321284581e+01 -1.223353869916521175e+00 1.000000000000000056e-01
8.795180722891566916e+01 -1.653553988631667915e+00 1.000000000000000056e-01
8.835341365461847829e+01 -2.150904891680846198e+00 1.000000000000000056e-01
8.875502008032128742e+01 -2.317119659754030891e+00 1.000000000000000056e-01
8.915662650602409656e+01 -2.057013288963396747e+00 1.000000000000000056e-01
8.955823293172690569e+01 -1.780611271247271254e+00 1.000000000000000056e-01
8.995983935742971482e+01 -1.234674946309651800e+00 1.000000000000000056e-01
9.036144578313252396e+01 -6.180709302544801220e-01 1.000000000000000056e-01
9.076305220883534730e+01 -5.412881123649343484e-01 1.000000000000000056e-01
9.116465863453815643e+01 -4.561444943672012253e-01 1.000000000000000056e-01
9.156626506024096557e+01 -4.248423957535897855e-01 1.000000000000000056e-01
9.196787148594377470e+01 -4.648568783005194716e-01 1.000000000000000056e-01
9.236947791164658383e+01 -9.447111263812356663e-01 1.000000000000000056e-01
9.277108433734939297e+01 -9.030181364375406972e-01 1.000000000000000056e-01
9.317269076305220210e+01 -1.237746162339754097e+00 1.000000000000000056e-01
9.357429718875502545e+01 -1.342699978163751862e+00 1.000000000000000056e-01
9.397590361445783458e+01 -9.770451002225952752e-01 1.000000000000000056e-01
9.437751004016064371e+01 -6.344664801021032696e-01 1.000000000000000056e-01
9.477911646586345285e+01 -4.369020630846079944e-01 1.000000000000000056e-01
9.518072289156626198e+01 -3.067650659261644819e-02 1.000000000000000056e-01
9.558232931726907111e+01 -3.048049364630422975e-01 1.000000000000000056e-01
9.598393574297188025e+01 -1.984699609696737865e-01 1.000000000000000056e-01
9.638554216867470359e+01 -4.042411463796693472e-01 1.000000000000000056e-01
9.678714859437751272e+01 -4.969819156125016013e-01 1.000000000000000056e-01
9.718875502008032186e+01 -7.402898150593100191e-01 1.000000000000000056e-01
9.759036144578313099e+01 -7.522762810673856437e-01 1.000000000000000056e-01
9.799196787148594012e+01 -7.018113334869724440e-01 1.000000000000000056e-01
9.839357429718874926e+01 -1.147142806983678653e+00 1.000000000000000056e-01
9.879518072289157260e+01 -1.111437517844348966e+00 1.000000000000000056e-01
9.919678714859438173e+01 -9.596847099973793149e-01 1.000000000000000056e-01
9.959839357429719087e+01 -1.051393476047880027e+00 1.000000000000000056e-01
1.000000000000000000e+02 -1.064299814385516907e+00 1.000000000000000056e-01
