0.000000000000000000e+00 1.091131462445070532e+00 1.000000000000000056e-01
4.016064257028112428e-01 8.548284767067112488e-01 1.000000000000000056e-01
8.032128514056224855e-01 3.594753878698663252e-01 1.000000000000000056e-01
1.204819277108433617e+00 -3.848449062754577543e-01 1.000000000000000056e-01
1.606425702811244971e+00 -1.107164664512288343e+00 1.000000000000000056e-01
2.008032128514056325e+00 -1.548277072217004946e+00 1.000000000000000056e-01
2.409638554216867234e+00 -1.926910904397920898e+00 1.000000000000000056e-01
2.811244979919678588e+00 -2.228801208454833205e+00 1.000000000000000056e-01
3.212851405622489942e+00 -2.071111815061368322e+00 1.000000000000000056e-01
3.614457831325301296e+00 -2.255688779880744566e+00 1.000000000000000056e-01
4.016064257028112650e+00 -2.494608990990668129e+00 1.000000000000000056e-01
4.417670682730923559e+00 -2.685103532534156567e+00 1.000000000000000056e-01
4.819277108433734469e+00 -2.872501436182691048e+00 1.000000000000000056e-01
5.220883534136546267e+00 -2.485050149085162197e+00 1.000000000000000056e-01
5.622489959839357176e+00 -1.864025558513081604e+00 1.000000000000000056e-01
6.024096385542168974e+00 -1.125661786807277798e+00 1.000000000000000056e-01
6.425702811244979884e+00 -5.303592629986645379e-01 1.000000000000000056e-01
6.827309236947790794e+00 3.747408080276803388e-01 1.000000000000000056e-01
7.228915662650602592e+00 8.522581762048391241e-01 1.000000000000000056e-01
7.630522088353413501e+00 1.158775439267969887e+00 1.000000000000000056e-01
8.032128514056225299e+00 7.843823523868702630e-01 1.000000000000000056e-01
8.433734939759036209e+00 1.378966339180072997e-01 1.000000000000000056e-01
8.835341365461847118e+00 -3.930900418418983855e-01 1.000000000000000056e-01
9.236947791164658028e+00 -5.273093394567200942e-01 1.000000000000000056e-01
9.638554216867468938e+00 -8.824284639348545234e-01 1.000000000000000056e-01
1.004016064257028162e+01 -9.117524730351195261e-01 1.000000000000000056e-01
1.044176706827309253e+01 -6.397026804608487716e-01 1.000000000000000056e-01
1.084337349397590344e+01 -4.334531608917111534e-01 1.000000000000000056e-01
1.124497991967871435e+01 -6.197538507909970684e-02 1.000000000000000056e-01
1.164658634538152526e+01 6.708236311460846757e-01 1.000000000000000056e-01
1.204819277108433795e+01 1.152987169915137722e+00 1.000000000000000056e-01
1.244979919678714886e+01 1.678442443442163867e+00 1.000000000000000056e-01
1.285140562248995977e+01 2.081190721078334249e+00 1.000000000000000056e-01
1.325301204819277068e+01 2.227101674964107048e+00 1.000000000000000056e-01
1.365461847389558159e+01 2.463445342745014699e+00 1.000000000000000056e-01
1.405622489959839427e+01 2.784801110626156539e+00 1.000000000000000056e-01
1.445783132530120518e+01 2.719496231810351272e+00 1.000000000000000056e-01
1.485943775100401609e+01 2.839017247084186124e+00 1.000000000000000056e-01
1.526104417670682700e+01 2.342353938680797221e+00 1.000000000000000056e-01
1.566265060240963791e+01 1.600215946105703058e+00 1.000000000000000056e-01
1.606425702811245060e+01 5.855460410398999338e-01 1.000000000000000056e-01
1.646586345381525973e+01 -5.573224872514019879e-01 1.000000000000000056e-01
1.686746987951807242e+01 -1.084713776560567000e+00 1.000000000000000056e-01
1.726907630522088510e+01 -1.154225284578106914e+00 1.000000000000000056e-01
1.767068273092369424e+01 -6.296629289146166153e-01 1.000000000000000056e-01
1.807228915662650692e+01 -6.044396448299027558e-02 1.000000000000000056e-01
1.847389558232931606e+01 -5.980343216860728450e-02 1.000000000000000056e-01
1.887550200803212874e+01 -3.460607174656404883e-03 1.000000000000000056e-01
1.927710843373493788e+01 3.536674338917307203e-01 1.000000000000000056e-01
1.967871485943775056e+01 4.610252157720355348e-01 1.000000000000000056e-01
2.008032128514056325e+01 7.254762488386979902e-01 1.000000000000000056e-01
2.048192771084337238e+01 9.559886843156716330e-01 1.000000000000000056e-01
2.088353413654618507e+01 9.913475561982008077e-01 1.000000000000000056e-01
2.128514056224899420e+01 1.122959464041790145e+00 1.000000000000000056e-01
2.168674698795180689e+01 9.340229071629269075e-01 1.000000000000000056e-01
2.208835341365461957e+01 7.624878366920052608e-01 1.000000000000000056e-01
2.248995983935742871e+01 2.065345396770691955e-01 1.000000000000000056e-01
2.289156626506024139e+01 -2.334083906336848202e-01 1.000000000000000056e-01
2.329317269076305053e+01 -7.724406321392375263e-01 1.000000000000000056e-01
2.369477911646586321e+01 -1.475396446395406791e+00 1.000000000000000056e-01
2.409638554216867590e+01 -1.596075809778813914e+00 1.000000000000000056e-01
2.449799196787148503e+01 -1.491459910160636060e+00 1.000000000000000056e-01
2.489959839357429772e+01 -1.391931514062734632e+00 1.000000000000000056e-01
2.530120481927710685e+01 -1.143710002064621811e+00 1.000000000000000056e-01
2.570281124497991954e+01 -9.217375083089692778e-01 1.000000000000000056e-01
2.610441767068273222e+01 -6.124154280186504540e-01 1.000000000000000056e-01
2.650602409638554136e+01 -1.174230828114120329e-01 1.000000000000000056e-01
2.690763052208835404e+01 -1.771223898736035141e-01 1.000000000000000056e-01
2.730923694779116317e+01 -2.878199742306055131e-01 1.000000000000000056e-01
2.771084337349397586e+01 -4.794335607944913979e-01 1.000000000000000056e-01
2.811244979919678855e+01 -1.258635797770098597e+00 1.000000000000000056e-01
2.851405622489959768e+01 -1.708566830059923047e+00 1.000000000000000056e-01
2.891566265060241037e+01 -2.267859723295236218e+00 1.000000000000000056e-01
2.931726907630521950e+01 -2.355076988169827690e+00 1.000000000000000056e-01
2.971887550200803219e+01 -2.556593693811382462e+00 1.000000000000000056e-01
3.012048192771084487e+01 -3.038710515129890322e+00 1.000000000000000056e-01
3.052208835341365400e+01 -3.104038493475939298e+00 1.000000000000000056e-01
3.092369477911646669e+01 -2.504265546810747534e+00 1.000000000000000056e-01
3.132530120481927582e+01 -1.692703334684826588e+00 1.000000000000000056e-01
3.172690763052208851e+01 -8.747584636851923889e-01 1.000000000000000056e-01
3.212851405622490120e+01 -1.083024278198513463e-01 1.000000000000000056e-01
3.253012048192771033e+01 7.076592304807522993e-01 1.000000000000000056e-01
3.293172690763051946e+01 9.662366202959596917e-01 1.000000000000000056e-01
3.333333333333333570e+01 6.711163757651941175e-01 1.000000000000000056e-01
3.373493975903614484e+01 5.120224792924845669e-01 1.000000000000000056e-01
3.413654618473895397e+01 1.533099250642936395e-01 1.000000000000000056e-01
3.453815261044177021e+01 -1.094144731314930230e-01 1.000000000000000056e-01
3.493975903614457934e+01 -9.410033383604113344e-02 1.000000000000000056e-01
3.534136546184738847e+01 3.151097443773868134e-01 1.000000000000000056e-01
3.574297188755019761e+01 5.442785883348503218e-01 1.000000000000000056e-01
3.614457831325301385e+01 7.971086388099748454e-01 1.000000000000000056e-01
3.654618473895582298e+01 1.257519587956593687e+00 1.000000000000000056e-01
3.694779116465863211e+01 1.399674666356615749e+00 1.000000000000000056e-01
3.734939759036144835e+01 1.721151869521771349e+00 1.000000000000000056e-01
3.775100401606425748e+01 1.032249955850876200e+00 1.000000000000000056e-01
3.815261044176706662e+01 1.955056861062429707e-01 1.000000000000000056e-01
3.855421686746987575e+01 -3.659053554541911168e-01 1.000000000000000056e-01
3.895582329317269199e+01 -1.056477180169132390e+00 1.000000000000000056e-01
3.935742971887550112e+01 -1.349928827225711059e+00 1.000000000000000056e-01
3.975903614457831026e+01 -1.370170098777475864e+00 1.000000000000000056e-01
4.016064257028112650e+01 -1.349591616423868601e+00 1.000000000000000056e-01
4.056224899598393563e+01 -1.523114518992279010e+00 1.000000000000000056e-01
4.096385542168674476e+01 -1.961251391456974025e+00 1.000000000000000056e-01
4.136546184738956100e+01 -2.320214701535136204e+00 1.000000000000000056e-01
4.176706827309237013e+01 -2.030004761768975374e+00 1.000000000000000056e-01
4.216867469879517927e+01 -1.355136411972551302e+00 1.000000000000000056e-01
4.257028112449798840e+01 -5.513123177820863363e-01 1.000000000000000056e-01
4.297188755020080464e+01 2.382418036804305195e-01 1.000000000000000056e-01
4.337349397590361377e+01 4.606740656839365955e-01 1.000000000000000056e-01
4.377510040160642291e+01 4.577516034578691939e-01 1.000000000000000056e-01
4.417670682730923915e+01 3.278763415176837448e-01 1.000000000000000056e-01
4.457831325301204828e+01 -1.200350370998012339e-01 1.000000000000000056e-01
4.497991967871485741e+01 -1.946859454790227928e-01 1.000000000000000056e-01
4.538152610441767365e+01 -1.526863754172858023e-01 1.000000000000000056e-01
4.578313253012048278e+01 -1.485484809554512009e-01 1.000000000000000056e-01
4.618473895582329192e+01 3.887178147781050752e-02 1.000000000000000056e-01
4.658634538152610105e+01 1.003597390134165213e-01 1.000000000000000056e-01
4.698795180722891729e+01 -1.209848665885168151e-01 1.000000000000000056e-01
4.738955823293172642e+01 2.088775601616263411e-01 1.000000000000000056e-01
4.779116465863453556e+01 1.710265092445371060e-01 1.000000000000000056e-01
4.819277108433735179e+01 4.972350449723723642e-01 1.000000000000000056e-01
4.859437751004016093e+01 5.022040570072541232e-01 1.000000000000000056e-01
4.899598393574297006e+01 8.418133302386459071e-01 1.000000000000000056e-01
4.939759036144578630e+01 8.643777907868651633e-01 1.000000000000000056e-01
4.979919678714859543e+01 1.083945887100954630e+00 1.000000000000000056e-01
5.020080321285140457e+01 8.314492050523899502e-01 1.000000000000000056e-01
5.060240963855421370e+01 7.148198821225303368e-01 1.000000000000000056e-01
5.100401606425702994e+01 6.617172361471954645e-01 1.000000000000000056e-01
5.140562248995983907e+01 1.986250051490946744e-01 1.000000000000000056e-01
5.180722891566264821e+01 -1.877146828649313426e-02 1.000000000000000056e-01
5.220883534136546444e+01 -2.642460844551104415e-01 1.000000000000000056e-01
5.261044176706827358e+01 -4.744947097678979819e-01 1.000000000000000056e-01
5.301204819277108271e+01 -4.403722368586580060e-01 1.000000000000000056e-01
5.341365461847389184e+01 -3.955383236439377059e-01 1.000000000000000056e-01
5.381526104417670808e+01 -8.132562669255392063e-01 1.000000000000000056e-01
5.421686746987951722e+01 -9.960002084997665595e-01 1.000000000000000056e-01
5.461847389558232635e+01 -1.337697509950021013e+00 1.000000000000000056e-01
5.502008032128514259e+01 -1.735550730977741596e+00 1.000000000000000056e-01
5.542168674698795172e+01 -1.896701627336191853e+00 1.000000000000000056e-01
5.582329317269076085e+01 -1.282053381949769033e+00 1.000000000000000056e-01
5.622489959839357709e+01 -6.921679013356437649e-01 1.000000000000000056e-01
5.662650602409638623e+01 -1.465630105425184959e-01 1.000000000000000056e-01
5.702811244979919536e+01 3.950168615206010037e-01 1.000000000000000056e-01
5.742971887550200449e+01 2.673496154327164032e-01 1.000000000000000056e-01
5.783132530120482073e+01 -1.667504137254471885e-02 1.000000000000000056e-01
5.823293172690762987e+01 -1.588342929724698149e-01 1.000000000000000056e-01
5.863453815261043900e+01 -4.350100491180563522e-01 1.000000000000000056e-01
5.903614457831325524e+01 -6.797321137863637786e-01 1.000000000000000056e-01
5.943775100401606437e+01 -7.721168960133122372e-01 1.000000000000000056e-01
5.983935742971887350e+01 -6.271792555692499160e-01 1.000000000000000056e-01
6.024096385542168974e+01 -6.301197119433706861e-01 1.000000000000000056e-01
6.064257028112449888e+01 -4.887185575252720460e-01 1.000000000000000056e-01
6.104417670682730801e+01 -5.735677041968609835e-01 1.000000000000000056e-01
6.144578313253011714e+01 -3.057472015730107739e-01 1.000000000000000056e-01
6.184738955823293338e+01 -1.392609641754686545e-01 1.000000000000000056e-01
6.224899598393574252e+01 -2.030517480224348914e-01 1.000000000000000056e-01
6.265060240963855165e+01 -1.978025528799803590e-01 1.000000000000000056e-01
6.305220883534136789e+01 -4.978715425037630871e-01 1.000000000000000056e-01
6.345381526104417702e+01 -1.265294548516524564e-01 1.000000000000000056e-01
6.385542168674698615e+01 -1.594267018295423277e-01 1.000000000000000056e-01
6.425702811244980239e+01 -1.550377473455084587e-01 1.000000000000000056e-01
6.465863453815261153e+01 -8.871188975278362920e-02 1.000000000000000056e-01
6.506024096385542066e+01 -4.347190954237241667e-01 1.000000000000000056e-01
6.546184738955822979e+01 -9.686418009994202105e-01 1.000000000000000056e-01
6.586345381526103893e+01 -1.293136439344999777e+00 1.000000000000000056e-01
6.626506024096384806e+01 -1.741413471214814379e+00 1.000000000000000056e-01
6.666666666666667140e+01 -2.107794807889110444e+00 1.000000000000000056e-01
6.706827309236948054e+01 -2.625540905693854565e+00 1.000000000000000056e-01
6.746987951807228967e+01 -3.003179835445362045e+00 1.000000000000000056e-01
6.787148594377509880e+01 -3.175791645677484176e+00 1.000000000000000056e-01
6.827309236947790794e+01 -2.924140698147268402e+00 1.000000000000000056e-01
6.867469879518071707e+01 -2.486513060733307245e+00 1.000000000000000056e-01
6.907630522088354041e+01 -2.067494745001294820e+00 1.000000000000000056e-01
6.947791164658634955e+01 -2.214888955224524114e+00 1.000000000000000056e-01
6.987951807228915868e+01 -2.235532452216039800e+00 1.000000000000000056e-01
7.028112449799196781e+01 -2.292439063492983209e+00 1.000000000000000056e-01
7.068273092369477695e+01 -2.521711085124929586e+00 1.000000000000000056e-01
7.108433734939758608e+01 -2.618326414900718380e+00 1.000000000000000056e-01
7.148594377510039521e+01 -1.901027350535442251e+00 1.000000000000000056e-01
7.188755020080321856e+01 -9.609244756362665951e-01 1.000000000000000056e-01
7.228915662650602769e+01 -6.231917974392017778e-02 1.000000000000000056e-01
7.269076305220883683e+01 7.386770462539157256e-01 1.000000000000000056e-01
7.309236947791164596e+01 9.762841055830184800e-01 1.000000000000000056e-01
7.349397590361445509e+01 9.647072152628043407e-01 1.000000000000000056e-01
7.389558232931726423e+01 7.090248339965911084e-01 1.000000000000000056e-01
7.429718875502007336e+01 4.120634882076091854e-01 1.000000000000000056e-01
7.469879518072289670e+01 -2.982012405610840605e-02 1.000000000000000056e-01
7.510040160642570584e+01 -1.594768092545403859e-01 1.000000000000000056e-01
7.550200803212851497e+01 -2.097231062109748412e-01 1.000000000000000056e-01
7.590361445783132410e+01 4.097112780030710000e-01 1.000000000000000056e-01
7.630522088353413324e+01 1.297536751616408468e+00 1.000000000000000056e-01
7.670682730923694237e+01 2.060587419754988936e+00 1.000000000000000056e-01
7.710843373493975150e+01 2.398079595953067411e+00 1.000000000000000056e-01
7.751004016064257485e+01 2.426430172717205735e+00 1.000000000000000056e-01
7.791164658634538398e+01 2.193031279415827761e+00 1.000000000000000056e-01
7.831325301204819311e+01 1.753956387560280605e+00 1.000000000000000056e-01
7.871485943775100225e+01 1.278584449612351071e+00 1.000000000000000056e-01
7.911646586345381138e+01 1.121237416768848805e+00 1.000000000000000056e-01
7.951807228915662051e+01 6.833948103677488506e-01 1.000000000000000056e-01
7.991967871485944386e+01 3.771054115773234683e-01 1.000000000000000056e-01
8.032128514056225299e+01 -4.395926595776963874e-02 1.000000000000000056e-01
8.072289156626506212e+01 -6.545579733044739612e-01 1.000000000000000056e-01
8.112449799196787126e+01 -7.220296549626125104e-01 1.000000000000000056e-01
8.152610441767068039e+01 -8.574326780113586954e-01 1.000000000000000056e-01
8.192771084337348952e+01 -4.220075899660282737e-01 1.000000000000000056e-01
8.232931726907629866e+01 -1.192498763800584338e-01 1.000000000000000056e-01
8.273092369477912200e+01 -1.869233544247516088e-01 1.000000000000000056e-01
8.313253012048193114e+01 -3.712354992013635058e-01 1.000000000000000056e-01
8.353413654618474027e+01 -7.210769511530784603e-01 1.000000000000000056e-01
8.393574297188754940e+01 -8.948269247233078261e-01 1.000000000000000056e-01
8.433734939759035854e+01 -7.766670653713750871e-01 1.000000000000000056e-01
8.473895582329316767e+01 -2.184499625343587770e-01 1.000000000000000056e-01
8.514056224899597680e+01 2.411616001897820272e-01 1.000000000000000056e-01
8.554216867469880015e+01 3.445775892150165776e-01 1.000000000000000056e-01
8.594377510040160928e+01 1.452224441837836610e-01 1.000000000000000056e-01
8.634538152610441841e+01 -1.127266232515770350e-01 1.000000000000000056e-01
8.674698795180722755e+01 -9.450288204867431097e-02 1.000000000000000056e-01
8.714859437751003668e+01 3.730193870361466213e-01 1.000000000000000056e-01
8.755020080321284581e+01 9.449721265582032848e-01 1.000000000000000056e-01
8.795180722891566916e+01 1.434827625019080344e+00 1.000000000000000056e-01
8.835341365461847829e+01 1.826933047400096433e+00 1.000000000000000056e-01
8.875502008032128742e+01 1.565715062008367742e+00 1.000000000000000056e-01
8.915662650602409656e+01 9.532023439507809615e-01 1.000000000000000056e-01
8.955823293172690569e+01 -1.643724354412752775e-01 1.000000000000000056e-01
8.995983935742971482e+01 -1.168474187889774640e+00 1.000000000000000056e-01
9.036144578313252396e+01 -1.542972832771101199e+00 1.000000000000000056e-01
9.076305220883534730e+01 -1.963108231984914909e+00 1.000000000000000056e-01
9.116465863453815643e+01 -1.523024026996151470e+00 1.000000000000000056e-01
9.156626506024096557e+01 -1.481846303972808476e+00 1.000000000000000056e-01
9.196787148594377470e+01 -8.599186130316117671e-01 1.000000000000000056e-01
9.236947791164658383e+01 -7.035649818185105708e-01 1.000000000000000056e-01
9.277108433734939297e+01 4.040373211195054381e-03 1.000000000000000056e-01
9.317269076305220210e+01 3.218354830423938440e-01 1.000000000000000056e-01
9.357429718875502545e+01 3.712873512869306336e-01 1.000000000000000056e-01
9.397590361445783458e+01 4.210503679160253199e-02 1.000000000000000056e-01
9.437751004016064371e+01 -1.065826723247049607e-01 1.000000000000000056e-01
9.477911646586345285e+01 1.159353919825416440e-01 1.000000000000000056e-01
9.518072289156626198e+01 4.178783871256911975e-01 1.000000000000000056e-01
9.558232931726907111e+01 8.687678192588352832e-01 1.000000000000000056e-01
9.598393574297188025e+01 1.144030272704319229e+00 1.000000000000000056e-01
9.638554216867470359e+01 1.296008041224151253e+00 1.000000000000000056e-01
9.678714859437751272e+01 1.386247762287369900e+00 1.000000000000000056e-01
9.718875502008032186e+01 1.458163057936066931e+00 1.000000000000000056e-01
9.759036144578313099e+01 1.484638740992199502e+00 1.000000000000000056e-01
9.799196787148594012e+01 1.453090349820274074e+00 1.000000000000000056e-01
9.839357429718874926e+01 1.846469419229800346e+00 1.000000000000000056e-01
9.879518072289157260e+01 1.550800412229243364e+00 1.000000000000000056e-01
9.919678714859438173e+01 1.197684039422134861e+00 1.000000000000000056e-01
9.959839357429719087e+01 6.945542746376854870e-01 1.000000000000000056e-01
1.000000000000000000e+02 -1.950850495630755410e-01 1.000000000000000056e-01
