0.000000000000000000e+00 1.730052368630473403e+00 1.000000000000000056e-01
4.016064257028112428e-01 1.145718295761640082e+00 1.000000000000000056e-01
8.032128514056224855e-01 8.132755417182567781e-01 1.000000000000000056e-01
1.204819277108433617e+00 4.282348862682395785e-01 1.000000000000000056e-01
1.606425702811244971e+00 1.108706724816820172e-01 1.000000000000000056e-01
2.008032128514056325e+00 2.608213724938997571e-03 1.000000000000000056e-01
2.409638554216867234e+00 -4.052482256698036189e-01 1.000000000000000056e-01
2.811244979919678588e+00 -3.063935325427318279e-01 1.000000000000000056e-01
3.212851405622489942e+00 -2.782308845493636218e-01 1.000000000000000056e-01
3.614457831325301296e+00 -2.624671041409658567e-01 1.000000000000000056e-01
4.016064257028112650e+00 -9.960485008765029846e-02 1.000000000000000056e-01
4.417670682730923559e+00 -4.499514293613167404e-02 1.000000000000000056e-01
4.819277108433734469e+00 3.374562061523741358e-02 1.000000000000000056e-01
5.220883534136546267e+00 1.249042128113260763e-01 1.000000000000000056e-01
5.622489959839357176e+00 1.913840875195380042e-02 1.000000000000000056e-01
6.024096385542168974e+00 1.943727472495465625e-01 1.000000000000000056e-01
6.425702811244979884e+00 6.710201325600682054e-01 1.000000000000000056e-01
6.827309236947790794e+00 9.182091658300896020e-01 1.000000000000000056e-01
7.228915662650602592e+00 1.501476230972169867e+00 1.000000000000000056e-01
7.630522088353413501e+00 2.461032989175099495e+00 1.000000000000000056e-01
8.032128514056225299e+00 3.077987897879077117e+00 1.000000000000000056e-01
8.433734939759036209e+00 2.802711054542700975e+00 1.000000000000000056e-01
8.835341365461847118e+00 2.352221711521557346e+00 1.000000000000000056e-01
9.236947791164658028e+00 1.833141419161762764e+00 1.000000000000000056e-01
9.638554216867468938e+00 1.418608746913907481e+00 1.000000000000000056e-01
1.004016064257028162e+01 9.045175445480592158e-01 1.000000000000000056e-01
1.044176706827309253e+01 2.327096594442171762e-01 1.000000000000000056e-01
1.084337349397590344e+01 4.775347439068136635e-02 1.000000000000000056e-01
1.124497991967871435e+01 2.094838248376971745e-01 1.000000000000000056e-01
1.164658634538152526e+01 3.850000728632378411e-01 1.000000000000000056e-01
1.204819277108433795e+01 7.562706878903399099e-01 1.000000000000000056e-01
1.244979919678714886e+01 1.065348464138119677e+00 1.000000000000000056e-01
1.285140562248995977e+01 6.196959461594518936e-01 1.000000000000000056e-01
1.325301204819277068e+01 2.509498110651788294e-01 1.000000000000000056e-01
1.365461847389558159e+01 -2.927744619794630521e-01 1.000000000000000056e-01
1.405622489959839427e+01 -4.328448724860860519e-01 1.000000000000000056e-01
1.445783132530120518e+01 -4.719619794382480249e-01 1.000000000000000056e-01
1.485943775100401609e+01 -2.473115033466488366e-01 1.000000000000000056e-01
1.526104417670682700e+01 4.771460951939260342e-01 1.000000000000000056e-01
1.566265060240963791e+01 5.521563855977534852e-01 1.000000000000000056e-01
1.606425702811245060e+01 9.416658281198246883e-01 1.000000000000000056e-01
1.646586345381525973e+01 1.008502784069177372e+00 1.000000000000000056e-01
1.686746987951807242e+01 7.954061228331754663e-01 1.000000000000000056e-01
1.726907630522088510e+01 9.629429597305414479e-01 1.000000000000000056e-01
1.767068273092369424e+01 9.691009247731398046e-01 1.000000000000000056e-01
1.807228915662650692e+01 1.177670038828073196e+00 1.000000000000000056e-01
1.847389558232931606e+01 1.369668269211824274e+00 1.000000000000000056e-01
1.887550200803212874e+01 1.299086049388419317e+00 1.000000000000000056e-01
1.927710843373493788e+01 1.568792632877231030e+00 1.000000000000000056e-01
1.967871485943775056e+01 1.687627318051675651e+00 1.000000000000000056e-01
2.008032128514056325e+01 1.750863673017711619e+00 1.000000000000000056e-01
2.048192771084337238e+01 2.006182340444044865e+00 1.000000000000000056e-01
2.088353413654618507e+01 2.542778096833156365e+00 1.000000000000000056e-01
2.128514056224899420e+01 3.029523537212470252e+00 1.000000000000000056e-01
2.168674698795180689e+01 2.864726487228324014e+00 1.000000000000000056e-01
2.208835341365461957e+01 2.730117625419046679e+00 1.000000000000000056e-01
2.248995983935742871e+01 2.708041977754789720e+00 1.000000000000000056e-01
2.289156626506024139e+01 1.996811929559476617e+00 1.000000000000000056e-01
2.329317269076305053e+01 1.474193013314571754e+00 1.000000000000000056e-01
2.369477911646586321e+01 1.456548758706154967e+00 1.000000000000000056e-01
2.409638554216867590e+01 1.120888694224384530e+00 1.000000000000000056e-01
2.449799196787148503e+01 1.132609999024117187e+00 1.000000000000000056e-01
2.489959839357429772e+01 1.325263064086368070e+00 1.000000000000000056e-01
2.530120481927710685e+01 1.667967651525688044e+00 1.000000000000000056e-01
2.570281124497991954e+01 1.585960536957486511e+00 1.000000000000000056e-01
2.610441767068273222e+01 1.364887087127064635e+00 1.000000000000000056e-01
2.650602409638554136e+01 5.781748997921914990e-01 1.000000000000000056e-01
2.690763052208835404e+01 -1.156413962755175051e-01 1.000000000000000056e-01
2.730923694779116317e+01 -9.210610182614150654e-01 1.000000000000000056e-01
2.771084337349397586e+01 -1.220970290036455186e+00 1.000000000000000056e-01
2.811244979919678855e+01 -1.543670162483545827e+00 1.000000000000000056e-01
2.851405622489959768e+01 -1.538641205052021954e+00 1.000000000000000056e-01
2.891566265060241037e+01 -1.160816279064198708e+00 1.000000000000000056e-01
2.931726907630521950e+01 -7.599281328921925205e-01 1.000000000000000056e-01
2.971887550200803219e+01 -2.768251570816462892e-01 1.000000000000000056e-01
3.012048192771084487e+01 1.315534048149489266e-01 1.000000000000000056e-01
3.052208835341365400e+01 8.607345054347096402e-01 1.000000000000000056e-01
3.092369477911646669e+01 1.295415487941953714e+00 1.000000000000000056e-01
3.132530120481927582e+01 1.940168356820526352e+00 1.000000000000000056e-01
3.172690763052208851e+01 2.748262475359193324e+00 1.000000000000000056e-01
3.212851405622490120e+01 3.307721081731605839e+00 1.000000000000000056e-01
3.253012048192771033e+01 3.814138017934826763e+00 1.000000000000000056e-01
3.293172690763051946e+01 3.997904530010516044e+00 1.000000000000000056e-01
3.333333333333333570e+01 3.955386389913290834e+00 1.000000000000000056e-01
3.373493975903614484e+01 3.463613595545929957e+00 1.000000000000000056e-01
3.413654618473895397e+01 3.226968114976740409e+00 1.000000000000000056e-01
3.453815261044177021e+01 2.675851373467533989e+00 1.000000000000000056e-01
3.493975903614457934e+01 2.369506594135123656e+00 1.000000000000000056e-01
3.534136546184738847e+01 1.991495435359400989e+00 1.000000000000000056e-01
3.574297188755019761e+01 1.306657547669326069e+00 1.000000000000000056e-01
3.614457831325301385e+01 5.541250864696245504e-01 1.000000000000000056e-01
3.654618473895582298e+01 9.382800584914145758e-02 1.000000000000000056e-01
3.694779116465863211e+01 -2.702415316546674662e-01 1.000000000000000056e-01
3.734939759036144835e+01 -4.744246863409817272e-01 1.000000000000000056e-01
3.775100401606425748e+01 -4.104216781231158073e-01 1.000000000000000056e-01
3.815261044176706662e+01 -3.307583823629157149e-01 1.000000000000000056e-01
3.855421686746987575e+01 -5.005606391954697809e-01 1.000000000000000056e-01
3.895582329317269199e+01 -2.100849565220485049e-01 1.000000000000000056e-01
3.935742971887550112e+01 -2.355367539219737072e-01 1.000000000000000056e-01
3.975903614457831026e+01 3.368131699141832525e-02 1.000000000000000056e-01
4.016064257028112650e+01 4.918895743762980444e-01 1.000000000000000056e-01
4.056224899598393563e+01 9.314562573589602046e-01 1.000000000000000056e-01
4.096385542168674476e+01 1.467047249589977120e+00 1.000000000000000056e-01
4.136546184738956100e+01 1.954643675516135604e+00 1.000000000000000056e-01
4.176706827309237013e+01 2.479548572545145824e+00 1.000000000000000056e-01
4.216867469879517927e+01 2.663000932406644594e+00 1.000000000000000056e-01
4.257028112449798840e+01 2.910333060148948103e+00 1.000000000000000056e-01
4.297188755020080464e+01 2.860452581128120730e+00 1.000000000000000056e-01
4.337349397590361377e+01 2.754848117940197572e+00 1.000000000000000056e-01
4.377510040160642291e+01 2.580743893753588480e+00 1.000000000000000056e-01
4.417670682730923915e+01 2.251104279412779796e+00 1.000000000000000056e-01
4.457831325301204828e+01 2.200357379204207042e+00 1.000000000000000056e-01
4.497991967871485741e+01 2.213533543425315830e+00 1.000000000000000056e-01
4.538152610441767365e+01 2.124607160746501577e+00 1.000000000000000056e-01
4.578313253012048278e+01 1.623461769550538225e+00 1.000000000000000056e-01
4.618473895582329192e+01 1.313045161233501235e+00 1.000000000000000056e-01
4.658634538152610105e+01 3.703593990152950211e-01 1.000000000000000056e-01
4.698795180722891729e+01 -5.412438156003692713e-01 1.000000000000000056e-01
4.738955823293172642e+01 -1.328463488175219753e+00 1.000000000000000056e-01
4.779116465863453556e+01 -2.113270525495009267e+00 1.000000000000000056e-01
4.819277108433735179e+01 -2.484689418930036364e+00 1.000000000000000056e-01
4.859437751004016093e+01 -2.924284184221784155e+00 1.000000000000000056e-01
4.899598393574297006e+01 -2.934408807814362419e+00 1.000000000000000056e-01
4.939759036144578630e+01 -2.487715916662610383e+00 1.000000000000000056e-01
4.979919678714859543e+01 -2.540775959915303250e+00 1.000000000000000056e-01
5.020080321285140457e+01 -2.682356437788733672e+00 1.000000000000000056e-01
5.060240963855421370e+01 -2.568935625526441058e+00 1.000000000000000056e-01
5.100401606425702994e+01 -2.739837239499868904e+00 1.000000000000000056e-01
5.140562248995983907e+01 -2.548467702546597824e+00 1.000000000000000056e-01
5.180722891566264821e+01 -2.845698409963497877e+00 1.000000000000000056e-01
5.220883534136546444e+01 -2.668760341202649045e+00 1.000000000000000056e-01
5.261044176706827358e+01 -2.598976148521936036e+00 1.000000000000000056e-01
5.301204819277108271e+01 -2.388891851962972712e+00 1.000000000000000056e-01
5.341365461847389184e+01 -1.884198608424795252e+00 1.000000000000000056e-01
5.381526104417670808e+01 -1.260609981052633000e+00 1.000000000000000056e-01
5.421686746987951722e+01 -3.723082547011423715e-01 1.000000000000000056e-01
5.461847389558232635e+01 2.321240912059209238e-01 1.000000000000000056e-01
5.502008032128514259e+01 8.337014891218681445e-01 1.000000000000000056e-01
5.542168674698795172e+01 9.509425294779034754e-01 1.000000000000000056e-01
5.582329317269076085e+01 8.288983868311978753e-01 1.000000000000000056e-01
5.622489959839357709e+01 6.452064713341260083e-01 1.000000000000000056e-01
5.662650602409638623e+01 2.716756751921386437e-01 1.000000000000000056e-01
5.702811244979919536e+01 -2.846418278742258168e-01 1.000000000000000056e-01
5.742971887550200449e+01 -6.471225423320542403e-01 1.000000000000000056e-01
5.783132530120482073e+01 -9.063475821812655431e-01 1.000000000000000056e-01
5.823293172690762987e+01 -1.219226166449684623e+00 1.000000000000000056e-01
5.863453815261043900e+01 -1.510458245828166790e+00 1.000000000000000056e-01
5.903614457831325524e+01 -2.009267873899142742e+00 1.000000000000000056e-01
5.943775100401606437e+01 -2.474754767683136958e+00 1.000000000000000056e-01
5.983935742971887350e+01 -2.536427728480923793e+00 1.000000000000000056e-01
6.024096385542168974e+01 -2.684213229495553410e+00 1.000000000000000056e-01
6.064257028112449888e+01 -2.727557915263428168e+00 1.000000000000000056e-01
6.104417670682730801e+01 -2.661158701446542985e+00 1.000000000000000056e-01
6.144578313253011714e+01 -1.975626019127446176e+00 1.000000000000000056e-01
6.184738955823293338e+01 -1.184172477728461903e+00 1.000000000000000056e-01
6.224899598393574252e+01 -4.920296899133596025e-01 1.000000000000000056e-01
6.265060240963855165e+01 -1.453683809561583384e-01 1.000000000000000056e-01
6.305220883534136789e+01 1.456212769613192126e-01 1.000000000000000056e-01
6.345381526104417702e+01 1.858526609037460808e-01 1.000000000000000056e-01
6.385542168674698615e+01 3.077493020814206504e-01 1.000000000000000056e-01
6.425702811244980239e+01 2.894624469553839369e-02 1.000000000000000056e-01
6.465863453815261153e+01 -3.771803654982666676e-01 1.000000000000000056e-01
6.506024096385542066e+01 -8.090064427596621588e-01 1.000000000000000056e-01
6.546184738955822979e+01 -1.391306936276049955e+00 1.000000000000000056e-01
6.586345381526103893e+01 -1.804994395957059794e+00 1.000000000000000056e-01
6.626506024096384806e+01 -2.328551550577291351e+00 1.000000000000000056e-01
6.666666666666667140e+01 -2.782573485079063769e+00 1.000000000000000056e-01
6.706827309236948054e+01 -2.920493387879976144e+00 1.000000000000000056e-01
6.746987951807228967e+01 -2.913909307971711105e+00 1.000000000000000056e-01
6.787148594377509880e+01 -2.478692013615461320e+00 1.000000000000000056e-01
6.827309236947790794e+01 -1.948819344481840909e+00 1.000000000000000056e-01
6.867469879518071707e+01 -1.364957694486236495e+00 1.000000000000000056e-01
6.907630522088354041e+01 -1.015898358605386687e+00 1.000000000000000056e-01
6.947791164658634955e+01 -4.047395758640759400e-01 1.000000000000000056e-01
6.987951807228915868e+01 -1.022879454840711910e-01 1.000000000000000056e-01
7.028112449799196781e+01 4.522501639640796323e-01 1.000000000000000056e-01
7.068273092369477695e+01 9.597338377319800662e-01 1.000000000000000056e-01
7.108433734939758608e+01 1.207682855509488062e+00 1.000000000000000056e-01
7.148594377510039521e+01 1.332661561070512590e+00 1.000000000000000056e-01
7.188755020080321856e+01 1.530460727282701328e+00 1.000000000000000056e-01
7.228915662650602769e+01 1.506984593780251513e+00 1.000000000000000056e-01
7.269076305220883683e+01 1.843864882052123289e+00 1.000000000000000056e-01
7.309236947791164596e+01 1.385268156679216878e+00 1.000000000000000056e-01
7.349397590361445509e+01 1.295080780621104211e+00 1.000000000000000056e-01
7.389558232931726423e+01 8.492394809486993879e-01 1.000000000000000056e-01
7.429718875502007336e+01 6.295331816302327521e-01 1.000000000000000056e-01
7.469879518072289670e+01 -1.417050147185258124e-01 1.000000000000000056e-01
7.510040160642570584e+01 -4.719115922720503176e-01 1.000000000000000056e-01
7.550200803212851497e+01 -7.980577889255840995e-01 1.000000000000000056e-01
7.590361445783132410e+01 -1.135220016233306817e+00 1.000000000000000056e-01
7.630522088353413324e+01 -1.009603970310688936e+00 1.000000000000000056e-01
7.670682730923694237e+01 -5.858065142396650105e-01 1.000000000000000056e-01
7.710843373493975150e+01 -4.549184984490026729e-01 1.000000000000000056e-01
7.751004016064257485e+01 -1.752427945809449106e-01 1.000000000000000056e-01
7.791164658634538398e+01 4.926849871584385032e-02 1.000000000000000056e-01
7.831325301204819311e+01 -5.136676538688833560e-02 1.000000000000000056e-01
7.871485943775100225e+01 8.000411358913947502e-02 1.000000000000000056e-01
7.911646586345381138e+01 2.609652608877624513e-01 1.000000000000000056e-01
7.951807228915662051e+01 1.182625316695306017e-01 1.000000000000000056e-01
7.991967871485944386e+01 2.501460448948705229e-01 1.000000000000000056e-01
8.032128514056225299e+01 1.833386159949327854e-01 1.000000000000000056e-01
8.072289156626506212e+01 -7.074393055137401243e-02 1.000000000000000056e-01
8.112449799196787126e+01 -4.971778804255654050e-02 1.000000000000000056e-01
8.152610441767068039e+01 -2.267365761519918310e-01 1.000000000000000056e-01
8.192771084337348952e+01 -1.999592513128067850e-01 1.000000000000000056e-01
8.232931726907629866e+01 -1.766598915422826488e-01 1.000000000000000056e-01
8.273092369477912200e+01 -3.746278681355563744e-02 1.000000000000000056e-01
8.313253012048193114e+01 2.921660051676872039e-01 1.000000000000000056e-01
8.353413654618474027e+01 5.400685268944407369e-01 1.000000000000000056e-01
8.393574297188754940e+01 7.333439407716284553e-01 1.000000000000000056e-01
8.433734939759035854e+01 6.455805810812522694e-01 1.000000000000000056e-01
8.473895582329316767e+01 9.564941135002888450e-02 1.000000000000000056e-01
8.514056224899597680e+01 -2.342805049657020189e-01 1.000000000000000056e-01
8.554216867469880015e+01 -5.243488251952803658e-01 1.000000000000000056e-01
8.594377510040160928e+01 -8.346443144524938740e-01 1.000000000000000056e-01
8.634538152610441841e+01 -4.540047893630526632e-01 1.000000000000000056e-01
8.674698795180722755e+01 -3.323554921538841578e-01 1.000000000000000056e-01
8.714859437751003668e+01 -3.861762050168259797e-01 1.000000000000000056e-01
8.755020080321284581e+01 -4.343713446339104722e-01 1.000000000000000056e-01
8.795180722891566916e+01 -5.576662982625325560e-01 1.000000000000000056e-01
8.835341365461847829e+01 -8.459016686345504077e-01 1.000000000000000056e-01
8.875502008032128742e+01 -8.277120713667386331e-01 1.000000000000000056e-01
8.915662650602409656e+01 -5.258072270868013875e-01 1.000000000000000056e-01
8.955823293172690569e+01 -3.847883318383171214e-01 1.000000000000000056e-01
8.995983935742971482e+01 -4.606106218319492296e-01 1.000000000000000056e-01
9.036144578313252396e+01 -3.065674989928303673e-01 1.000000000000000056e-01
9.076305220883534730e+01 -6.624005408205352330e-02 1.000000000000000056e-01
9.116465863453815643e+01 -3.200133631616991492e-02 1.000000000000000056e-01
9.156626506024096557e+01 -1.074678612228620184e-01 1.000000000000000056e-01
9.196787148594377470e+01 5.412520959818503674e-02 1.000000000000000056e-01
9.236947791164658383e+01 2.060842590941321384e-01 1.000000000000000056e-01
9.277108433734939297e+01 2.016915321513645387e-01 1.000000000000000056e-01
9.317269076305220210e+01 4.953126885137758562e-01 1.000000000000000056e-01
9.357429718875502545e+01 7.996667260241694386e-01 1.000000000000000056e-01
9.397590361445783458e+01 8.647622047615166618e-01 1.000000000000000056e-01
9.437751004016064371e+01 6.973222950507785844e-01 1.000000000000000056e-01
9.477911646586345285e+01 4.592866209897623619e-01 1.000000000000000056e-01
9.518072289156626198e+01 1.797261337878138798e-01 1.000000000000000056e-01
9.558232931726907111e+01 5.963196911157389590e-02 1.000000000000000056e-01
9.598393574297188025e+01 1.215282923277190841e-01 1.000000000000000056e-01
9.638554216867470359e+01 3.649748578050085457e-02 1.000000000000000056e-01
9.678714859437751272e+01 3.598478473259738575e-01 1.000000000000000056e-01
9.718875502008032186e+01 6.283601844189630192e-01 1.000000000000000056e-01
9.759036144578313099e+01 4.378155403260295397e-01 1.000000000000000056e-01
9.799196787148594012e+01 4.986482587095528163e-01 1.000000000000000056e-01
9.839357429718874926e+01 3.380476213532432328e-01 1.000000000000000056e-01
9.879518072289157260e+01 1.352912340698257943e-01 1.000000000000000056e-01
9.919678714859438173e+01 5.347152307063707255e-01 1.000000000000000056e-01
9.959839357429719087e+01 5.869757824494906684e-01 1.000000000000000056e-01
1.000000000000000000e+02 5.836979887327504724e-01 1.000000000000000056e-01
