0.000000000000000000e+00 -2.405351695237831322e+00 1.000000000000000056e-01
4.016064257028112428e-01 -1.709146641403203049e+00 1.000000000000000056e-01
8.032128514056224855e-01 -3.258870748986471555e-01 1.000000000000000056e-01
1.204819277108433617e+00 3.072253115688440284e-01 1.000000000000000056e-01
1.606425702811244971e+00 7.319078631377502475e-01 1.000000000000000056e-01
2.008032128514056325e+00 9.468220869468050305e-01 1.000000000000000056e-01
2.409638554216867234e+00 1.303032616489010920e+00 1.000000000000000056e-01
2.811244979919678588e+00 2.756081537940655135e+00 1.000000000000000056e-01
3.212851405622489942e+00 3.937957587437076246e+00 1.000000000000000056e-01
3.614457831325301296e+00 4.035592096215473212e+00 1.000000000000000056e-01
4.016064257028112650e+00 3.173415222009510650e+00 1.000000000000000056e-01
4.417670682730923559e+00 2.276478583102528042e+00 1.000000000000000056e-01
4.819277108433734469e+00 2.842191117318509708e+00 1.000000000000000056e-01
5.220883534136546267e+00 3.172134226481915675e+00 1.000000000000000056e-01
5.622489959839357176e+00 3.093539668627583783e+00 1.000000000000000056e-01
6.024096385542168974e+00 2.231009810904188484e+00 1.000000000000000056e-01
6.425702811244979884e+00 1.567589813079323990e+00 1.000000000000000056e-01
6.827309236947790794e+00 9.326179985136121564e-01 1.000000000000000056e-01
7.228915662650602592e+00 6.775698050364040714e-01 1.000000000000000056e-01
7.630522088353413501e+00 3.965420749534372957e-01 1.000000000000000056e-01
8.032128514056225299e+00 -9.194348349305266066e-02 1.000000000000000056e-01
8.433734939759036209e+00 -3.497345178509223551e-01 1.000000000000000056e-01
8.835341365461847118e+00 -4.611405681359692643e-01 1.000000000000000056e-01
9.236947791164658028e+00 -9.083264001049606851e-01 1.000000000000000056e-01
9.638554216867468938e+00 -1.901196829980203118e+00 1.000000000000000056e-01
1.004016064257028162e+01 -2.941727141427686210e+00 1.000000000000000056e-01
1.044176706827309253e+01 -3.109994269435267356e+00 1.000000000000000056e-01
1.084337349397590344e+01 -2.962420754022024649e+00 1.000000000000000056e-01
1.124497991967871435e+01 -2.949143560195349956e+00 1.000000000000000056e-01
1.164658634538152526e+01 -3.339078384503908037e+00 1.000000000000000056e-01
1.204819277108433795e+01 -3.437724624856446809e+00 1.000000000000000056e-01
1.244979919678714886e+01 -2.891662108824352817e+00 1.000000000000000056e-01
1.285140562248995977e+01 -2.084655105628043348e+00 1.000000000000000056e-01
1.325301204819277068e+01 -6.059513526222599644e-01 1.000000000000000056e-01
1.365461847389558159e+01 2.306057007252495794e-01 1.000000000000000056e-01
1.405622489959839427e+01 3.806555414853052266e-01 1.000000000000000056e-01
1.445783132530120518e+01 -3.018755052288016882e-01 1.000000000000000056e-01
1.485943775100401609e+01 -6.875193201188292136e-01 1.000000000000000056e-01
1.526104417670682700e+01 -4.941782914559670337e-01 1.000000000000000056e-01
1.566265060240963791e+01 -1.861977652008811046e-01 1.000000000000000056e-01
1.606425702811245060e+01 -2.067561970741676469e-01 1.000000000000000056e-01
1.646586345381525973e+01 -3.440354116281804098e-01 1.000000000000000056e-01
1.686746987951807242e+01 -1.521948783183051379e-01 1.000000000000000056e-01
1.726907630522088510e+01 5.296236444456440262e-01 1.000000000000000056e-01
1.767068273092369424e+01 1.016671224032301035e+00 1.000000000000000056e-01
1.807228915662650692e+01 1.318486612719601103e+00 1.000000000000000056e-01
1.847389558232931606e+01 4.802927810589521229e-01 1.000000000000000056e-01
1.887550200803212874e+01 -1.070334643767149707e+00 1.000000000000000056e-01
1.927710843373493788e+01 -1.972347465140864342e+00 1.000000000000000056e-01
1.967871485943775056e+01 -2.931764082914544378e+00 1.000000000000000056e-01
2.008032128514056325e+01 -3.339320091338293217e+00 1.000000000000000056e-01
2.048192771084337238e+01 -3.346165833025306124e+00 1.000000000000000056e-01
2.088353413654618507e+01 -2.899334336777563248e+00 1.000000000000000056e-01
2.128514056224899420e+01 -2.358825633220922313e+00 1.000000000000000056e-01
2.168674698795180689e+01 -1.722227728615070008e+00 1.000000000000000056e-01
2.208835341365461957e+01 -1.609400674968252787e+00 1.000000000000000056e-01
2.248995983935742871e+01 -1.660371466965647302e+00 1.000000000000000056e-01
2.289156626506024139e+01 -1.786538501814917135e+00 1.000000000000000056e-01
2.329317269076305053e+01 -1.988957367052241576e+00 1.000000000000000056e-01
2.369477911646586321e+01 -1.867655046736749647e+00 1.000000000000000056e-01
2.409638554216867590e+01 -1.928494732918299315e+00 1.000000000000000056e-01
2.449799196787148503e+01 -1.728988661104182700e+00 1.000000000000000056e-01
2.489959839357429772e+01 -9.179878940821343258e-01 1.000000000000000056e-01
2.530120481927710685e+01 5.646065394323294129e-01 1.000000000000000056e-01
2.570281124497991954e+01 2.473599758287685635e+00 1.000000000000000056e-01
2.610441767068273222e+01 2.693631283702384582e+00 1.000000000000000056e-01
2.650602409638554136e+01 1.957558102276188094e+00 1.000000000000000056e-01
2.690763052208835404e+01 1.604818926346164742e+00 1.000000000000000056e-01
2.730923694779116317e+01 2.193391335805994213e+00 1.000000000000000056e-01
2.771084337349397586e+01 2.385587329255258737e+00 1.000000000000000056e-01
2.811244979919678855e+01 1.718590425456310911e+00 1.000000000000000056e-01
2.851405622489959768e+01 6.618624463402475455e-02 1.000000000000000056e-01
2.891566265060241037e+01 -1.700226093515824877e+00 1.000000000000000056e-01
2.931726907630521950e+01 -3.387773561150631441e+00 1.000000000000000056e-01
2.971887550200803219e+01 -3.607190865059771934e+00 1.000000000000000056e-01
3.012048192771084487e+01 -3.027457753092739345e+00 1.000000000000000056e-01
3.052208835341365400e+01 -1.980898287232464750e+00 1.000000000000000056e-01
3.092369477911646669e+01 -7.453125291472004754e-01 1.000000000000000056e-01
3.132530120481927582e+01 3.487583501174257306e-01 1.000000000000000056e-01
3.172690763052208851e+01 1.098169212565300645e+00 1.000000000000000056e-01
3.212851405622490120e+01 1.398994036603377733e+00 1.000000000000000056e-01
3.253012048192771033e+01 9.976524457911609689e-01 1.000000000000000056e-01
3.293172690763051946e+01 1.245949639544922105e-01 1.000000000000000056e-01
3.333333333333333570e+01 -5.245937191663788690e-01 1.000000000000000056e-01
3.373493975903614484e+01 5.313818270326251536e-01 1.000000000000000056e-01
3.413654618473895397e+01 1.825711786000324688e+00 1.000000000000000056e-01
3.453815261044177021e+01 1.891326578823985916e+00 1.000000000000000056e-01
3.493975903614457934e+01 1.429757721952116700e+00 1.000000000000000056e-01
3.534136546184738847e+01 5.773636874711397526e-01 1.000000000000000056e-01
3.574297188755019761e+01 -6.102465278567841267e-01 1.000000000000000056e-01
3.614457831325301385e+01 -1.224292934719011239e+00 1.000000000000000056e-01
3.654618473895582298e+01 -1.700641346917478591e+00 1.000000000000000056e-01
3.694779116465863211e+01 -1.645099424446345271e+00 1.000000000000000056e-01
3.734939759036144835e+01 -1.270676982443611935e+00 1.000000000000000056e-01
3.775100401606425748e+01 -3.432707471095020613e-01 1.000000000000000056e-01
3.815261044176706662e+01 3.894663177278020472e-01 1.000000000000000056e-01
3.855421686746987575e+01 4.808579229144427369e-01 1.000000000000000056e-01
3.895582329317269199e+01 3.017186391211873486e-01 1.000000000000000056e-01
3.935742971887550112e+01 8.426472338482859925e-02 1.000000000000000056e-01
3.975903614457831026e+01 2.039857352749867569e-01 1.000000000000000056e-01
4.016064257028112650e+01 4.225309526455718889e-01 1.000000000000000056e-01
4.056224899598393563e+01 6.389516199914498928e-01 1.000000000000000056e-01
4.096385542168674476e+01 7.612715254176934954e-01 1.000000000000000056e-01
4.136546184738956100e+01 -9.375351657735195299e-02 1.000000000000000056e-01
4.176706827309237013e+01 -6.592964739950573083e-01 1.000000000000000056e-01
4.216867469879517927e+01 -7.015734720185994311e-01 1.000000000000000056e-01
4.257028112449798840e+01 2.768982772340502496e-01 1.000000000000000056e-01
4.297188755020080464e+01 1.092719562824208124e+00 1.000000000000000056e-01
4.337349397590361377e+01 2.035234641584539261e+00 1.000000000000000056e-01
4.377510040160642291e+01 2.512853810447531089e+00 1.000000000000000056e-01
4.417670682730923915e+01 2.165200958604565074e+00 1.000000000000000056e-01
4.457831325301204828e+01 1.571512399071246735e+00 1.000000000000000056e-01
4.497991967871485741e+01 1.753114139091944912e+00 1.000000000000000056e-01
4.538152610441767365e+01 2.470657925804527810e+00 1.000000000000000056e-01
4.578313253012048278e+01 2.670979535026762441e+00 1.000000000000000056e-01
4.618473895582329192e+01 2.071677123318787839e+00 1.000000000000000056e-01
4.658634538152610105e+01 8.481715519974772910e-01 1.000000000000000056e-01
4.698795180722891729e+01 -6.096203219348106384e-01 1.000000000000000056e-01
4.738955823293172642e+01 -1.918739218906419186e+00 1.000000000000000056e-01
4.779116465863453556e+01 -2.832249200761749020e+00 1.000000000000000056e-01
4.819277108433735179e+01 -2.609385370501124513e+00 1.000000000000000056e-01
4.859437751004016093e+01 -1.585180076056658338e+00 1.000000000000000056e-01
4.899598393574297006e+01 -1.269738056343848065e+00 1.000000000000000056e-01
4.939759036144578630e+01 -2.303864206976313778e+00 1.000000000000000056e-01
4.979919678714859543e+01 -3.139819738199880916e+00 1.000000000000000056e-01
5.020080321285140457e+01 -2.242571645385150969e+00 1.000000000000000056e-01
5.060240963855421370e+01 -5.609914006002442166e-01 1.000000000000000056e-01
5.100401606425702994e+01 7.249768163525279752e-01 1.000000000000000056e-01
5.140562248995983907e+01 1.158180411536358312e+00 1.000000000000000056e-01
5.180722891566264821e+01 1.356633370016626206e+00 1.000000000000000056e-01
5.220883534136546444e+01 1.906528529400186356e+00 1.000000000000000056e-01
5.261044176706827358e+01 2.946457633113494623e+00 1.000000000000000056e-01
5.301204819277108271e+01 3.542713213570623410e+00 1.000000000000000056e-01
5.341365461847389184e+01 3.441210956115471120e+00 1.000000000000000056e-01
5.381526104417670808e+01 2.485443332737138800e+00 1.000000000000000056e-01
5.421686746987951722e+01 1.501081463491126922e+00 1.000000000000000056e-01
5.461847389558232635e+01 1.418513521927963206e+00 1.000000000000000056e-01
5.502008032128514259e+01 1.893086150060270034e+00 1.000000000000000056e-01
5.542168674698795172e+01 2.031317286999512195e+00 1.000000000000000056e-01
5.582329317269076085e+01 1.404453956261648928e+00 1.000000000000000056e-01
5.622489959839357709e+01 6.769380418812909195e-01 1.000000000000000056e-01
5.662650602409638623e+01 -3.188205881022473376e-01 1.000000000000000056e-01
5.702811244979919536e+01 -7.570339702282701255e-01 1.000000000000000056e-01
5.742971887550200449e+01 -6.847719128568257041e-01 1.000000000000000056e-01
5.783132530120482073e+01 1.902805494266424369e-01 1.000000000000000056e-01
5.823293172690762987e+01 1.200200765603616881e+00 1.000000000000000056e-01
5.863453815261043900e+01 2.301467117174905486e+00 1.000000000000000056e-01
5.903614457831325524e+01 1.910749654240142092e+00 1.000000000000000056e-01
5.943775100401606437e+01 9.782384609500973660e-01 1.000000000000000056e-01
5.983935742971887350e+01 2.558556563386285010e-01 1.000000000000000056e-01
6.024096385542168974e+01 -4.414998852376901817e-01 1.000000000000000056e-01
6.064257028112449888e+01 -5.823008380103141812e-01 1.000000000000000056e-01
6.104417670682730801e+01 -2.946554446328770727e-01 1.000000000000000056e-01
6.144578313253011714e+01 5.583642689396597358e-01 1.000000000000000056e-01
6.184738955823293338e+01 9.035210552387211713e-01 1.000000000000000056e-01
6.224899598393574252e+01 4.873325887958003255e-01 1.000000000000000056e-01
6.265060240963855165e+01 -4.542150992230818973e-01 1.000000000000000056e-01
6.305220883534136789e+01 -5.069566664649327592e-01 1.000000000000000056e-01
6.345381526104417702e+01 4.069629108149075414e-02 1.000000000000000056e-01
6.385542168674698615e+01 1.757348669824975451e-01 1.000000000000000056e-01
6.425702811244980239e+01 -2.290844762572624704e-01 1.000000000000000056e-01
6.465863453815261153e+01 -1.670626135250187216e-01 1.000000000000000056e-01
6.506024096385542066e+01 3.946918214210861642e-01 1.000000000000000056e-01
6.546184738955822979e+01 1.065181928147695745e+00 1.000000000000000056e-01
6.586345381526103893e+01 1.981096480369483492e+00 1.000000000000000056e-01
6.626506024096384806e+01 2.271298041511552679e+00 1.000000000000000056e-01
6.666666666666667140e+01 1.356381328312846968e+00 1.000000000000000056e-01
6.706827309236948054e+01 9.480658386401427107e-01 1.000000000000000056e-01
6.746987951807228967e+01 6.824190180276049622e-01 1.000000000000000056e-01
6.787148594377509880e+01 1.412666903854550959e+00 1.000000000000000056e-01
6.827309236947790794e+01 1.726316007604473013e+00 1.000000000000000056e-01
6.867469879518071707e+01 2.094587411906728036e+00 1.000000000000000056e-01
6.907630522088354041e+01 1.545407855280019671e+00 1.000000000000000056e-01
6.947791164658634955e+01 4.603667580098974588e-01 1.000000000000000056e-01
6.987951807228915868e+01 -2.504113002429027013e-01 1.000000000000000056e-01
7.028112449799196781e+01 -8.064363150108218026e-01 1.000000000000000056e-01
7.068273092369477695e+01 -1.025862166119834162e+00 1.000000000000000056e-01
7.108433734939758608e+01 -1.208520823155953661e+00 1.000000000000000056e-01
7.148594377510039521e+01 -7.578230952311264534e-01 1.000000000000000056e-01
7.188755020080321856e+01 -4.188976124937520695e-01 1.000000000000000056e-01
7.228915662650602769e+01 1.361663190878730292e-02 1.000000000000000056e-01
7.269076305220883683e+01 1.012590098158459906e+00 1.000000000000000056e-01
7.309236947791164596e+01 1.452270673900295295e+00 1.000000000000000056e-01
7.349397590361445509e+01 1.036330610346047232e+00 1.000000000000000056e-01
7.389558232931726423e+01 2.692196460652881429e-01 1.000000000000000056e-01
7.429718875502007336e+01 5.199456856768668311e-01 1.000000000000000056e-01
7.469879518072289670e+01 2.174790121356802608e+00 1.000000000000000056e-01
7.510040160642570584e+01 3.966293010385591788e+00 1.000000000000000056e-01
7.550200803212851497e+01 4.793109521343537516e+00 1.000000000000000056e-01
7.590361445783132410e+01 4.432187918267102233e+00 1.000000000000000056e-01
7.630522088353413324e+01 3.028985044022308948e+00 1.000000000000000056e-01
7.670682730923694237e+01 1.661102139224317931e+00 1.000000000000000056e-01
7.710843373493975150e+01 1.097683586716461379e+00 1.000000000000000056e-01
7.751004016064257485e+01 9.656817553929368803e-01 1.000000000000000056e-01
7.791164658634538398e+01 7.529488040840698337e-01 1.000000000000000056e-01
7.831325301204819311e+01 6.547343428868392934e-01 1.000000000000000056e-01
7.871485943775100225e+01 9.478564963145666988e-01 1.000000000000000056e-01
7.911646586345381138e+01 9.503720213722227639e-01 1.000000000000000056e-01
7.951807228915662051e+01 7.259909973741613953e-01 1.000000000000000056e-01
7.991967871485944386e+01 2.461672211844328217e-01 1.000000000000000056e-01
8.032128514056225299e+01 -5.153657134467015677e-01 1.000000000000000056e-01
8.072289156626506212e+01 -1.545271970141434137e+00 1.000000000000000056e-01
8.112449799196787126e+01 -1.995133543057394432e+00 1.000000000000000056e-01
8.152610441767068039e+01 -1.717642976236005703e+00 1.000000000000000056e-01
8.192771084337348952e+01 -5.846840724787732979e-01 1.000000000000000056e-01
8.232931726907629866e+01 7.673314549489962388e-01 1.000000000000000056e-01
8.273092369477912200e+01 1.340606759863541608e+00 1.000000000000000056e-01
8.313253012048193114e+01 1.387337841311143460e+00 1.000000000000000056e-01
8.353413654618474027e+01 6.963184332257961184e-01 1.000000000000000056e-01
8.393574297188754940e+01 6.983049899279314410e-02 1.000000000000000056e-01
8.433734939759035854e+01 -3.989042473096918173e-01 1.000000000000000056e-01
8.473895582329316767e+01 5.212378394004700544e-03 1.000000000000000056e-01
8.514056224899597680e+01 6.714143350066295035e-01 1.000000000000000056e-01
8.554216867469880015e+01 6.163381774166951654e-01 1.000000000000000056e-01
8.594377510040160928e+01 -4.292717505245380316e-02 1.000000000000000056e-01
8.634538152610441841e+01 -6.461246080139073644e-01 1.000000000000000056e-01
8.674698795180722755e+01 -8.739868873160793195e-01 1.000000000000000056e-01
8.714859437751003668e+01 -5.806306290681310101e-01 1.000000000000000056e-01
8.755020080321284581e+01 1.865010692666056458e-01 1.000000000000000056e-01
8.795180722891566916e+01 5.764675490489269416e-01 1.000000000000000056e-01
8.835341365461847829e+01 3.205091817896362771e-01 1.000000000000000056e-01
8.875502008032128742e+01 -3.653291008138817575e-02 1.000000000000000056e-01
8.915662650602409656e+01 3.640005219625413457e-01 1.000000000000000056e-01
8.955823293172690569e+01 1.514151360385692646e+00 1.000000000000000056e-01
8.995983935742971482e+01 2.468926585870558910e+00 1.000000000000000056e-01
9.036144578313252396e+01 1.910868651744138669e+00 1.000000000000000056e-01
9.076305220883534730e+01 9.677831386689315085e-01 1.000000000000000056e-01
9.116465863453815643e+01 2.238893309507762330e-01 1.000000000000000056e-01
9.156626506024096557e+01 2.848413080041035661e-01 1.000000000000000056e-01
9.196787148594377470e+01 3.947395447544595481e-01 1.000000000000000056e-01
9.236947791164658383e+01 3.593366397136588675e-01 1.000000000000000056e-01
9.277108433734939297e+01 3.109638832819019982e-01 1.000000000000000056e-01
9.317269076305220210e+01 2.292034480453368217e-01 1.000000000000000056e-01
9.357429718875502545e+01 1.246258660369475857e-01 1.000000000000000056e-01
9.397590361445783458e+01 4.259978714721150000e-02 1.000000000000000056e-01
9.437751004016064371e+01 -5.687449602817109540e-01 1.000000000000000056e-01
9.477911646586345285e+01 -1.333291279901695825e+00 1.000000000000000056e-01
9.518072289156626198e+01 -7.431685915894623573e-01 1.000000000000000056e-01
9.558232931726907111e+01 -2.821161131898696217e-01 1.000000000000000056e-01
9.598393574297188025e+01 2.288421310455932001e-01 1.000000000000000056e-01
9.638554216867470359e+01 -9.040670208343307146e-02 1.000000000000000056e-01
9.678714859437751272e+01 -1.709830613334962224e-01 1.000000000000000056e-01
9.718875502008032186e+01 -1.804968937043668897e-02 1.000000000000000056e-01
9.759036144578313099e+01 -3.833824224383747259e-03 1.000000000000000056e-01
9.799196787148594012e+01 -7.943763349723843570e-01 1.000000000000000056e-01
9.839357429718874926e+01 -1.260400382694690791e+00 1.000000000000000056e-01
9.879518072289157260e+01 -5.732673215725516691e-01 1.000000000000000056e-01
9.919678714859438173e+01 2.496682592539717360e-02 1.000000000000000056e-01
9.959839357429719087e+01 -2.207455726370167182e-01 1.000000000000000056e-01
1.000000000000000000e+02 -1.187782060453595356e+00 1.000000000000000056e-01
