0.000000000000000000e+00 -1.436626414019752884e+00 1.000000000000000056e-01
4.016064257028112428e-01 -1.951924957952586581e+00 1.000000000000000056e-01
8.032128514056224855e-01 -2.305894582804590254e+00 1.000000000000000056e-01
1.204819277108433617e+00 -2.391474240589946731e+00 1.000000000000000056e-01
1.606425702811244971e+00 -2.376514176660901256e+00 1.000000000000000056e-01
2.008032128514056325e+00 -2.017281493610441956e+00 1.000000000000000056e-01
2.409638554216867234e+00 -1.796542285168335473e+00 1.000000000000000056e-01
2.811244979919678588e+00 -1.483622639466293025e+00 1.000000000000000056e-01
3.212851405622489942e+00 -8.862130747814740417e-01 1.000000000000000056e-01
3.614457831325301296e+00 -4.270160418224167587e-01 1.000000000000000056e-01
4.016064257028112650e+00 -1.560455001032255151e-01 1.000000000000000056e-01
4.417670682730923559e+00 1.749766766643698623e-01 1.000000000000000056e-01
4.819277108433734469e+00 8.528781454624119185e-01 1.000000000000000056e-01
5.220883534136546267e+00 1.390555470584145414e+00 1.000000000000000056e-01
5.622489959839357176e+00 1.610703129630828512e+00 1.000000000000000056e-01
6.024096385542168974e+00 1.835505764925594585e+00 1.000000000000000056e-01
6.425702811244979884e+00 1.959654188296658717e+00 1.000000000000000056e-01
6.827309236947790794e+00 1.811953448127231248e+00 1.000000000000000056e-01
7.228915662650602592e+00 1.434235090453496841e+00 1.000000000000000056e-01
7.630522088353413501e+00 9.379098977292464889e-01 1.000000000000000056e-01
8.032128514056225299e+00 3.934858897973573244e-01 1.000000000000000056e-01
8.433734939759036209e+00 -7.091141749742901901e-03 1.000000000000000056e-01
8.835341365461847118e+00 -3.455046840849379519e-01 1.000000000000000056e-01
9.236947791164658028e+00 -7.369064760341617060e-01 1.000000000000000056e-01
9.638554216867468938e+00 -1.067632563726802708e+00 1.000000000000000056e-01
1.004016064257028162e+01 -1.322285783114838020e+00 1.000000000000000056e-01
1.044176706827309253e+01 -2.129001496073449573e+00 1.000000000000000056e-01
1.084337349397590344e+01 -2.179109941786338656e+00 1.000000000000000056e-01
1.124497991967871435e+01 -2.359926236389914500e+00 1.000000000000000056e-01
1.164658634538152526e+01 -2.708681910850971430e+00 1.000000000000000056e-01
1.204819277108433795e+01 -2.573246641400051438e+00 1.000000000000000056e-01
1.244979919678714886e+01 -2.330769410302552469e+00 1.000000000000000056e-01
1.285140562248995977e+01 -1.820264222528308773e+00 1.000000000000000056e-01
1.325301204819277068e+01 -1.412027884636006814e+00 1.000000000000000056e-01
1.365461847389558159e+01 -8.645135800233444412e-01 1.000000000000000056e-01
1.405622489959839427e+01 -3.492200583460535745e-01 1.000000000000000056e-01
1.445783132530120518e+01 1.647326019565780175e-01 1.000000000000000056e-01
1.485943775100401609e+01 4.865335916938134386e-01 1.000000000000000056e-01
1.526104417670682700e+01 1.015939564889871916e+00 1.000000000000000056e-01
1.566265060240963791e+01 1.119461411912776594e+00 1.000000000000000056e-01
1.606425702811245060e+01 1.357721155335218866e+00 1.000000000000000056e-01
1.646586345381525973e+01 1.512387976387262967e+00 1.000000000000000056e-01
1.686746987951807242e+01 1.271823223152312110e+00 1.000000000000000056e-01
1.726907630522088510e+01 1.187198884860252601e+00 1.000000000000000056e-01
1.767068273092369424e+01 8.246099552880097328e-01 1.000000000000000056e-01
1.807228915662650692e+01 6.793979474002049823e-01 1.000000000000000056e-01
1.847389558232931606e+01 2.118487586783789067e-01 1.000000000000000056e-01
1.887550200803212874e+01 -2.797909135188017538e-01 1.000000000000000056e-01
1.927710843373493788e+01 -4.869175008108349578e-01 1.000000000000000056e-01
1.967871485943775056e+01 -1.023168245635998286e+00 1.000000000000000056e-01
2.008032128514056325e+01 -1.313966588247021283e+00 1.000000000000000056e-01
2.048192771084337238e+01 -1.321889159036974792e+00 1.000000000000000056e-01
2.088353413654618507e+01 -1.703056264177837065e+00 1.000000000000000056e-01
2.128514056224899420e+01 -1.497243435167687542e+00 1.000000000000000056e-01
2.168674698795180689e+01 -1.332627108896446311e+00 1.000000000000000056e-01
2.208835341365461957e+01 -1.275389658991559871e+00 1.000000000000000056e-01
2.248995983935742871e+01 -1.237731244678950571e+00 1.000000000000000056e-01
2.289156626506024139e+01 -1.063652062260025177e+00 1.000000000000000056e-01
2.329317269076305053e+01 -6.238061786599241598e-01 1.000000000000000056e-01
2.369477911646586321e+01 -1.959216815979417936e-01 1.000000000000000056e-01
2.409638554216867590e+01 3.348514557311045303e-01 1.000000000000000056e-01
2.449799196787148503e+01 5.424066439249791705e-01 1.000000000000000056e-01
2.489959839357429772e+01 7.908190941045523115e-01 1.000000000000000056e-01
2.530120481927710685e+01 9.439402482724301713e-01 1.000000000000000056e-01
2.570281124497991954e+01 1.054623201968292401e+00 1.000000000000000056e-01
2.610441767068273222e+01 1.113487894372785947e+00 1.000000000000000056e-01
2.650602409638554136e+01 1.146720428201370323e+00 1.000000000000000056e-01
2.690763052208835404e+01 1.062726889111460293e+00 1.000000000000000056e-01
2.730923694779116317e+01 1.178882407133641008e+00 1.000000000000000056e-01
2.771084337349397586e+01 1.091878223251619762e+00 1.000000000000000056e-01
2.811244979919678855e+01 6.968717766791470147e-01 1.000000000000000056e-01
2.851405622489959768e+01 4.286870875671421888e-01 1.000000000000000056e-01
2.891566265060241037e+01 3.253476260839854861e-03 1.000000000000000056e-01
2.931726907630521950e+01 -4.666013001136056215e-01 1.000000000000000056e-01
2.971887550200803219e+01 -6.556131379977666596e-01 1.000000000000000056e-01
3.012048192771084487e+01 -8.012867503280447501e-01 1.000000000000000056e-01
3.052208835341365400e+01 -5.887159309542336905e-01 1.000000000000000056e-01
3.092369477911646669e+01 -5.141644804823070070e-01 1.000000000000000056e-01
3.132530120481927582e+01 -2.013979449646781661e-01 1.000000000000000056e-01
3.172690763052208851e+01 -3.477828766585552289e-01 1.000000000000000056e-01
3.212851405622490120e+01 -2.754252248658503044e-01 1.000000000000000056e-01
3.253012048192771033e+01 -6.130994716423825430e-01 1.000000000000000056e-01
3.293172690763051946e+01 -5.773307100925026969e-01 1.000000000000000056e-01
3.333333333333333570e+01 -7.507448853883054163e-01 1.000000000000000056e-01
3.373493975903614484e+01 -6.292144194340666408e-01 1.000000000000000056e-01
3.413654618473895397e+01 -5.180730829364261769e-01 1.000000000000000056e-01
3.453815261044177021e+01 -3.566904564345461104e-01 1.000000000000000056e-01
3.493975903614457934e+01 -5.567351556608888252e-01 1.000000000000000056e-01
3.534136546184738847e+01 -6.962612837672722543e-01 1.000000000000000056e-01
3.574297188755019761e+01 -6.492958550216104685e-01 1.000000000000000056e-01
3.614457831325301385e+01 -8.806422192808114335e-01 1.000000000000000056e-01
3.654618473895582298e+01 -7.953105628386060166e-01 1.000000000000000056e-01
3.694779116465863211e+01 -9.929304081712198027e-01 1.000000000000000056e-01
3.734939759036144835e+01 -9.189867937078456395e-01 1.000000000000000056e-01
3.775100401606425748e+01 -9.992710829992875743e-01 1.000000000000000056e-01
3.815261044176706662e+01 -1.272315162619896300e+00 1.000000000000000056e-01
3.855421686746987575e+01 -1.500929052063996183e+00 1.000000000000000056e-01
3.895582329317269199e+01 -2.077770597061928015e+00 1.000000000000000056e-01
3.935742971887550112e+01 -2.206661674943223517e+00 1.000000000000000056e-01
3.975903614457831026e+01 -2.299207968495016630e+00 1.000000000000000056e-01
4.016064257028112650e+01 -2.367672517529570086e+00 1.000000000000000056e-01
4.056224899598393563e+01 -2.396666855708236454e+00 1.000000000000000056e-01
4.096385542168674476e+01 -2.468972465636917413e+00 1.000000000000000056e-01
4.136546184738956100e+01 -2.144526744723379785e+00 1.000000000000000056e-01
4.176706827309237013e+01 -2.581292681105041176e+00 1.000000000000000056e-01
4.216867469879517927e+01 -2.402912077348692055e+00 1.000000000000000056e-01
4.257028112449798840e+01 -2.569655371406691202e+00 1.000000000000000056e-01
4.297188755020080464e+01 -2.779287242978193184e+00 1.000000000000000056e-01
4.337349397590361377e+01 -2.438109141868018970e+00 1.000000000000000056e-01
4.377510040160642291e+01 -2.583960300427225132e+00 1.000000000000000056e-01
4.417670682730923915e+01 -2.631684264247777794e+00 1.000000000000000056e-01
4.457831325301204828e+01 -2.210991797439388229e+00 1.000000000000000056e-01
4.497991967871485741e+01 -2.019617553937711030e+00 1.000000000000000056e-01
4.538152610441767365e+01 -1.572525069930048147e+00 1.000000000000000056e-01
4.578313253012048278e+01 -1.116680590674571594e+00 1.000000000000000056e-01
4.618473895582329192e+01 -8.286377934688539115e-01 1.000000000000000056e-01
4.658634538152610105e+01 -1.170162574034514791e-01 1.000000000000000056e-01
4.698795180722891729e+01 1.499047070642672841e-02 1.000000000000000056e-01
4.738955823293172642e+01 -9.994682944407336234e-02 1.000000000000000056e-01
4.779116465863453556e+01 -2.476326540930514075e-01 1.000000000000000056e-01
4.819277108433735179e+01 -4.364924312253330996e-01 1.000000000000000056e-01
4.859437751004016093e+01 -5.096152964873726932e-01 1.000000000000000056e-01
4.899598393574297006e+01 -5.959199406196568072e-01 1.000000000000000056e-01
4.939759036144578630e+01 -9.902418887769568467e-01 1.000000000000000056e-01
4.979919678714859543e+01 -1.237786946118355491e+00 1.000000000000000056e-01
5.020080321285140457e+01 -1.221084619650019576e+00 1.000000000000000056e-01
5.060240963855421370e+01 -1.335637926233500972e+00 1.000000000000000056e-01
5.100401606425702994e+01 -1.178617896823218603e+00 1.000000000000000056e-01
5.140562248995983907e+01 -1.291825306986727595e+00 1.000000000000000056e-01
5.180722891566264821e+01 -1.317499896802610815e+00 1.000000000000000056e-01
5.220883534136546444e+01 -1.467709133176448466e+00 1.000000000000000056e-01
5.261044176706827358e+01 -1.613374393590903733e+00 1.000000000000000056e-01
5.301204819277108271e+01 -1.741005998743181404e+00 1.000000000000000056e-01
5.341365461847389184e+01 -2.167630811172193361e+00 1.000000000000000056e-01
5.381526104417670808e+01 -2.053412790348459360e+00 1.000000000000000056e-01
5.421686746987951722e+01 -1.832626122619164688e+00 1.000000000000000056e-01
5.461847389558232635e+01 -1.916422730506773364e+00 1.000000000000000056e-01
5.502008032128514259e+01 -1.708219374059097628e+00 1.000000000000000056e-01
5.542168674698795172e+01 -1.141939409350618106e+00 1.000000000000000056e-01
5.582329317269076085e+01 -7.904411189746206601e-01 1.000000000000000056e-01
5.622489959839357709e+01 -1.878587967643451928e-01 1.000000000000000056e-01
5.662650602409638623e+01 1.829444587219526686e-01 1.000000000000000056e-01
5.702811244979919536e+01 1.242571905817629330e-01 1.000000000000000056e-01
5.742971887550200449e+01 3.802073652159399519e-01 1.000000000000000056e-01
5.783132530120482073e+01 1.600811642293261117e-01 1.000000000000000056e-01
5.823293172690762987e+01 -1.228419167122127564e-01 1.000000000000000056e-01
5.863453815261043900e+01 -1.874210899417535492e-01 1.000000000000000056e-01
5.903614457831325524e+01 -2.949238941817508564e-01 1.000000000000000056e-01
5.943775100401606437e+01 -3.002242658449110757e-01 1.000000000000000056e-01
5.983935742971887350e+01 -4.312107336902035737e-01 1.000000000000000056e-01
6.024096385542168974e+01 1.038623175765053808e-01 1.000000000000000056e-01
6.064257028112449888e+01 1.316718103771196968e-01 1.000000000000000056e-01
6.104417670682730801e+01 7.031907023901319276e-01 1.000000000000000056e-01
6.144578313253011714e+01 7.926610468311848789e-01 1.000000000000000056e-01
6.184738955823293338e+01 7.775232716200199956e-01 1.000000000000000056e-01
6.224899598393574252e+01 5.820156713515558522e-01 1.000000000000000056e-01
6.265060240963855165e+01 -1.395090835861750311e-01 1.000000000000000056e-01
6.305220883534136789e+01 -3.841180673686568348e-01 1.000000000000000056e-01
6.345381526104417702e+01 -4.618198093376441049e-01 1.000000000000000056e-01
6.385542168674698615e+01 -2.401152740491747650e-01 1.000000000000000056e-01
6.425702811244980239e+01 -2.810253934492814576e-01 1.000000000000000056e-01
6.465863453815261153e+01 -3.406862369147239944e-01 1.000000000000000056e-01
6.506024096385542066e+01 -1.179758816441892205e-01 1.000000000000000056e-01
6.546184738955822979e+01 8.716685550943445437e-02 1.000000000000000056e-01
6.586345381526103893e+01 2.016465650297147028e-01 1.000000000000000056e-01
6.626506024096384806e+01 2.910696157400396444e-01 1.000000000000000056e-01
6.666666666666667140e+01 5.228428102435292990e-01 1.000000000000000056e-01
6.706827309236948054e+01 5.335072421776905216e-01 1.000000000000000056e-01
6.746987951807228967e+01 1.554179437531999497e-01 1.000000000000000056e-01
6.787148594377509880e+01 1.514838759559254677e-01 1.000000000000000056e-01
6.827309236947790794e+01 -1.382690947106580692e-01 1.000000000000000056e-01
6.867469879518071707e+01 -1.726904086334174471e-01 1.000000000000000056e-01
6.907630522088354041e+01 2.269758071545671663e-01 1.000000000000000056e-01
6.947791164658634955e+01 5.257371083692845559e-01 1.000000000000000056e-01
6.987951807228915868e+01 8.554768882397592034e-01 1.000000000000000056e-01
7.028112449799196781e+01 1.259041852983623366e+00 1.000000000000000056e-01
7.068273092369477695e+01 1.752537118064131150e+00 1.000000000000000056e-01
7.108433734939758608e+01 1.822198708996539018e+00 1.000000000000000056e-01
7.148594377510039521e+01 1.514140974950419993e+00 1.000000000000000056e-01
7.188755020080321856e+01 1.069298129319233404e+00 1.000000000000000056e-01
7.228915662650602769e+01 6.697394366846061153e-01 1.000000000000000056e-01
7.269076305220883683e+01 1.640763766222772813e-01 1.000000000000000056e-01
7.309236947791164596e+01 -3.359212296726689084e-01 1.000000000000000056e-01
7.349397590361445509e+01 -4.991751226101428518e-01 1.000000000000000056e-01
7.389558232931726423e+01 -7.772530150270032800e-01 1.000000000000000056e-01
7.429718875502007336e+01 -1.000663874702006240e+00 1.000000000000000056e-01
7.469879518072289670e+01 -1.131863762540201490e+00 1.000000000000000056e-01
7.510040160642570584e+01 -1.397393929016010006e+00 1.000000000000000056e-01
7.550200803212851497e+01 -1.334608408580583827e+00 1.000000000000000056e-01
7.590361445783132410e+01 -1.252351681308487619e+00 1.000000000000000056e-01
7.630522088353413324e+01 -1.072681384071313415e+00 1.000000000000000056e-01
7.670682730923694237e+01 -9.777021097683723516e-01 1.000000000000000056e-01
7.710843373493975150e+01 -9.010166431976265322e-01 1.000000000000000056e-01
7.751004016064257485e+01 -9.773078238506276438e-01 1.000000000000000056e-01
7.791164658634538398e+01 -1.318919798382033326e+00 1.000000000000000056e-01
7.831325301204819311e+01 -1.633720663605760182e+00 1.000000000000000056e-01
7.871485943775100225e+01 -1.714204922665184094e+00 1.000000000000000056e-01
7.911646586345381138e+01 -1.746794569182100521e+00 1.000000000000000056e-01
7.951807228915662051e+01 -1.405570100223072494e+00 1.000000000000000056e-01
7.991967871485944386e+01 -1.332565058678766734e+00 1.000000000000000056e-01
8.032128514056225299e+01 -1.418545111948865678e+00 1.000000000000000056e-01
8.072289156626506212e+01 -1.279680468754118561e+00 1.000000000000000056e-01
8.112449799196787126e+01 -1.858536022951665867e+00 1.000000000000000056e-01
8.152610441767068039e+01 -2.276604323282628517e+00 1.000000000000000056e-01
8.192771084337348952e+01 -2.597246953423543836e+00 1.000000000000000056e-01
8.232931726907629866e+01 -2.680094696581528435e+00 1.000000000000000056e-01
8.273092369477912200e+01 -2.632210833280155260e+00 1.000000000000000056e-01
8.313253012048193114e+01 -2.437969737502661882e+00 1.000000000000000056e-01
8.353413654618474027e+01 -2.373085342039417789e+00 1.000000000000000056e-01
8.393574297188754940e+01 -2.284803889510621300e+00 1.000000000000000056e-01
8.433734939759035854e+01 -2.071437627320186881e+00 1.000000000000000056e-01
8.473895582329316767e+01 -2.283408579506066349e+00 1.000000000000000056e-01
8.514056224899597680e+01 -2.490071745737576503e+00 1.000000000000000056e-01
8.554216867469880015e+01 -2.300630985374636506e+00 1.000000000000000056e-01
8.594377510040160928e+01 -2.538637548943679434e+00 1.000000000000000056e-01
8.634538152610441841e+01 -2.465027881722954284e+00 1.000000000000000056e-01
8.674698795180722755e+01 -2.205256486907423152e+00 1.000000000000000056e-01
8.714859437751003668e+01 -2.213259437886291536e+00 1.000000000000000056e-01
8.755020080321284581e+01 -1.967661583472881226e+00 1.000000000000000056e-01
8.795180722891566916e+01 -1.723973832766765302e+00 1.000000000000000056e-01
8.835341365461847829e+01 -1.378012525830457413e+00 1.000000000000000056e-01
8.875502008032128742e+01 -1.020729643140238396e+00 1.000000000000000056e-01
8.915662650602409656e+01 -2.497449387297271117e-01 1.000000000000000056e-01
8.955823293172690569e+01 1.917174873020617842e-01 1.000000000000000056e-01
8.995983935742971482e+01 2.880577826157364463e-01 1.000000000000000056e-01
9.036144578313252396e+01 1.120656042134881569e-01 1.000000000000000056e-01
9.076305220883534730e+01 -9.295621488406531630e-02 1.000000000000000056e-01
9.116465863453815643e+01 -5.554893712480022394e-01 1.000000000000000056e-01
9.156626506024096557e+01 -7.766237372741868761e-01 1.000000000000000056e-01
9.196787148594377470e+01 -1.042113369209425544e+00 1.000000000000000056e-01
9.236947791164658383e+01 -9.891226427066514004e-01 1.000000000000000056e-01
9.277108433734939297e+01 -9.012758386789437859e-01 1.000000000000000056e-01
9.317269076305220210e+01 -5.341343074324123030e-01 1.000000000000000056e-01
9.357429718875502545e+01 -4.698611852112578036e-01 1.000000000000000056e-01
9.397590361445783458e+01 -3.618196334809998804e-01 1.000000000000000056e-01
9.437751004016064371e+01 -4.131840111158223416e-02 1.000000000000000056e-01
9.477911646586345285e+01 -1.740617140236761229e-01 1.000000000000000056e-01
9.518072289156626198e+01 -3.948253572056424354e-01 1.000000000000000056e-01
9.558232931726907111e+01 -8.154343163163814134e-01 1.000000000000000056e-01
9.598393574297188025e+01 -1.079239558464454074e+00 1.000000000000000056e-01
9.638554216867470359e+01 -1.087445741510575603e+00 1.000000000000000056e-01
9.678714859437751272e+01 -7.808425632735414013e-01 1.000000000000000056e-01
9.718875502008032186e+01 -3.271804033436335746e-01 1.000000000000000056e-01
9.759036144578313099e+01 6.940025299235610956e-02 1.000000000000000056e-01
9.799196787148594012e+01 5.415012700851573602e-01 1.000000000000000056e-01
9.839357429718874926e+01 7.573948567824158040e-01 1.000000000000000056e-01
9.879518072289157260e+01 9.998084112432614745e-01 1.000000000000000056e-01
9.919678714859438173e+01 1.106399635157042205e+00 1.000000000000000056e-01
9.959839357429719087e+01 8.194977335770734506e-01 1.000000000000000056e-01
1.000000000000000000e+02 7.559782491376025870e-01 1.000000000000000056e-01
