0.000000000000000000e+00 -1.008383820506215223e+00 1.000000000000000056e-01
4.016064257028112428e-01 -7.137663591306221411e-01 1.000000000000000056e-01
8.032128514056224855e-01 -4.184800036749242724e-01 1.000000000000000056e-01
1.204819277108433617e+00 -4.662198196894496993e-01 1.000000000000000056e-01
1.606425702811244971e+00 -2.579076004858634752e-01 1.000000000000000056e-01
2.008032128514056325e+00 1.448917412110676817e-01 1.000000000000000056e-01
2.409638554216867234e+00 5.215793105867951862e-01 1.000000000000000056e-01
2.811244979919678588e+00 6.220522261578502743e-01 1.000000000000000056e-01
3.212851405622489942e+00 4.135619202563928232e-01 1.000000000000000056e-01
3.614457831325301296e+00 5.893563863449989837e-01 1.000000000000000056e-01
4.016064257028112650e+00 5.713418136784572665e-01 1.000000000000000056e-01
4.417670682730923559e+00 5.666736809104427897e-01 1.000000000000000056e-01
4.819277108433734469e+00 3.380916071822285263e-01 1.000000000000000056e-01
5.220883534136546267e+00 2.488230989423071415e-01 1.000000000000000056e-01
5.622489959839357176e+00 -5.062874126757904714e-02 1.000000000000000056e-01
6.024096385542168974e+00 -2.383030654186716335e-01 1.000000000000000056e-01
6.425702811244979884e+00 -4.547928444692043159e-01 1.000000000000000056e-01
6.827309236947790794e+00 -7.505593371865019181e-01 1.000000000000000056e-01
7.228915662650602592e+00 -9.884324415209100323e-01 1.000000000000000056e-01
7.630522088353413501e+00 -8.992403512869623361e-01 1.000000000000000056e-01
8.032128514056225299e+00 -1.095736094687221884e+00 1.000000000000000056e-01
8.433734939759036209e+00 -8.772606951692849542e-01 1.000000000000000056e-01
8.835341365461847118e+00 -5.078275409565579102e-01 1.000000000000000056e-01
9.236947791164658028e+00 -3.251153340047991946e-01 1.000000000000000056e-01
9.638554216867468938e+00 -7.580962693161791277e-02 1.000000000000000056e-01
1.004016064257028162e+01 4.187001395709559759e-01 1.000000000000000056e-01
1.044176706827309253e+01 6.601790167671388598e-01 1.000000000000000056e-01
1.084337349397590344e+01 5.810196261801843232e-01 1.000000000000000056e-01
1.124497991967871435e+01 7.281339662370742705e-01 1.000000000000000056e-01
1.164658634538152526e+01 8.839644399265380592e-01 1.000000000000000056e-01
1.204819277108433795e+01 1.070944364307169216e+00 1.000000000000000056e-01
1.244979919678714886e+01 1.280058099693965001e+00 1.000000000000000056e-01
1.285140562248995977e+01 1.282081469508842053e+00 1.000000000000000056e-01
1.325301204819277068e+01 1.504528335840059849e+00 1.000000000000000056e-01
1.365461847389558159e+01 1.656276031214965805e+00 1.000000000000000056e-01
1.405622489959839427e+01 2.020704285303740466e+00 1.000000000000000056e-01
1.445783132530120518e+01 2.014939818234291025e+00 1.000000000000000056e-01
1.485943775100401609e+01 2.336603669134222905e+00 1.000000000000000056e-01
1.526104417670682700e+01 2.131365079282429686e+00 1.000000000000000056e-01
1.566265060240963791e+01 2.000004278631500654e+00 1.000000000000000056e-01
1.606425702811245060e+01 1.450205752222871070e+00 1.000000000000000056e-01
1.646586345381525973e+01 1.331312917019502162e+00 1.000000000000000056e-01
1.686746987951807242e+01 4.648212512373188776e-01 1.000000000000000056e-01
1.726907630522088510e+01 -1.157446373650814764e-01 1.000000000000000056e-01
1.767068273092369424e+01 -2.351176412251341774e-01 1.000000000000000056e-01
1.807228915662650692e+01 -4.814517386629342810e-01 1.000000000000000056e-01
1.847389558232931606e+01 -4.671660614344895768e-01 1.000000000000000056e-01
1.887550200803212874e+01 2.863060847730175551e-02 1.000000000000000056e-01
1.927710843373493788e+01 5.171722327774647132e-01 1.000000000000000056e-01
1.967871485943775056e+01 7.803283561594529516e-01 1.000000000000000056e-01
2.008032128514056325e+01 9.392313208155633752e-01 1.000000000000000056e-01
2.048192771084337238e+01 1.198909439880055716e+00 1.000000000000000056e-01
2.088353413654618507e+01 1.032220839131153589e+00 1.000000000000000056e-01
2.128514056224899420e+01 1.174024631509341887e+00 1.000000000000000056e-01
2.168674698795180689e+01 1.326758391509706314e+00 1.000000000000000056e-01
2.208835341365461957e+01 1.080012286925180698e+00 1.000000000000000056e-01
2.248995983935742871e+01 1.420971127389468069e+00 1.000000000000000056e-01
2.289156626506024139e+01 1.480121798225744190e+00 1.000000000000000056e-01
2.329317269076305053e+01 1.680385510305936414e+00 1.000000000000000056e-01
2.369477911646586321e+01 1.762049260968527875e+00 1.000000000000000056e-01
2.409638554216867590e+01 2.031182277200371811e+00 1.000000000000000056e-01
2.449799196787148503e+01 2.085999340140967107e+00 1.000000000000000056e-01
2.489959839357429772e+01 2.017709578473704468e+00 1.000000000000000056e-01
2.530120481927710685e+01 1.934105574401377758e+00 1.000000000000000056e-01
2.570281124497991954e+01 1.684790144766128206e+00 1.000000000000000056e-01
2.610441767068273222e+01 1.634644356589518344e+00 1.000000000000000056e-01
2.650602409638554136e+01 1.395100225212253076e+00 1.000000000000000056e-01
2.690763052208835404e+01 1.339984764515875781e+00 1.000000000000000056e-01
2.730923694779116317e+01 9.831529695422088766e-01 1.000000000000000056e-01
2.771084337349397586e+01 1.066257855997559734e+00 1.000000000000000056e-01
2.811244979919678855e+01 1.064479765390293986e+00 1.000000000000000056e-01
2.851405622489959768e+01 1.135103129127380317e+00 1.000000000000000056e-01
2.891566265060241037e+01 1.171755302728883175e+00 1.000000000000000056e-01
2.931726907630521950e+01 1.065932440161033945e+00 1.000000000000000056e-01
2.971887550200803219e+01 1.179700817741326624e+00 1.000000000000000056e-01
3.012048192771084487e+01 1.245225074638032003e+00 1.000000000000000056e-01
3.052208835341365400e+01 1.223928588764726211e+00 1.000000000000000056e-01
3.092369477911646669e+01 7.578595153331750822e-01 1.000000000000000056e-01
3.132530120481927582e+01 5.311866026656348883e-01 1.000000000000000056e-01
3.172690763052208851e+01 2.172772268410386731e-01 1.000000000000000056e-01
3.212851405622490120e+01 -2.601500158359998927e-01 1.000000000000000056e-01
3.253012048192771033e+01 -4.616107821941689004e-01 1.000000000000000056e-01
3.293172690763051946e+01 -4.071546592040158341e-01 1.000000000000000056e-01
3.333333333333333570e+01 -5.160153441092082405e-01 1.000000000000000056e-01
3.373493975903614484e+01 -2.896611498970925735e-01 1.000000000000000056e-01
3.413654618473895397e+01 -3.127823234047473200e-01 1.000000000000000056e-01
3.453815261044177021e+01 8.279664517221133058e-03 1.000000000000000056e-01
3.493975903614457934e+01 3.085199522378185844e-01 1.000000000000000056e-01
3.534136546184738847e+01 7.508185904430217938e-01 1.000000000000000056e-01
3.574297188755019761e+01 8.462776550380519680e-01 1.000000000000000056e-01
3.614457831325301385e+01 1.303794315225936362e+00 1.000000000000000056e-01
3.654618473895582298e+01 1.121388507580971972e+00 1.000000000000000056e-01
3.694779116465863211e+01 1.029474185416508369e+00 1.000000000000000056e-01
3.734939759036144835e+01 7.743801775442760160e-01 1.000000000000000056e-01
3.775100401606425748e+01 7.369411716945039048e-01 1.000000000000000056e-01
3.815261044176706662e+01 6.631572288944931337e-01 1.000000000000000056e-01
3.855421686746987575e+01 8.363524527847618906e-01 1.000000000000000056e-01
3.895582329317269199e+01 9.022093575082111849e-01 1.000000000000000056e-01
3.935742971887550112e+01 1.359832891258040632e+00 1.000000000000000056e-01
3.975903614457831026e+01 1.209374173316329681e+00 1.000000000000000056e-01
4.016064257028112650e+01 1.311479971072488926e+00 1.000000000000000056e-01
4.056224899598393563e+01 1.295883968211966941e+00 1.000000000000000056e-01
4.096385542168674476e+01 1.016576327534828961e+00 1.000000000000000056e-01
4.136546184738956100e+01 6.025473073038605243e-01 1.000000000000000056e-01
4.176706827309237013e+01 4.301858343003941987e-01 1.000000000000000056e-01
4.216867469879517927e+01 1.384231181924573950e-01 1.000000000000000056e-01
4.257028112449798840e+01 2.001181381912778556e-01 1.000000000000000056e-01
4.297188755020080464e+01 3.583885449081593566e-01 1.000000000000000056e-01
4.337349397590361377e+01 4.086117124513677368e-01 1.000000000000000056e-01
4.377510040160642291e+01 4.703121598859989483e-01 1.000000000000000056e-01
4.417670682730923915e+01 6.682271651677504920e-01 1.000000000000000056e-01
4.457831325301204828e+01 6.514283521630758189e-01 1.000000000000000056e-01
4.497991967871485741e+01 6.724363824929893152e-01 1.000000000000000056e-01
4.538152610441767365e+01 6.311179751667439497e-01 1.000000000000000056e-01
4.578313253012048278e+01 6.729467756845034510e-01 1.000000000000000056e-01
4.618473895582329192e+01 3.666531055888901380e-01 1.000000000000000056e-01
4.658634538152610105e+01 7.932129670176427116e-02 1.000000000000000056e-01
4.698795180722891729e+01 1.161107089668947379e-03 1.000000000000000056e-01
4.738955823293172642e+01 -3.676415763510862411e-01 1.000000000000000056e-01
4.779116465863453556e+01 -6.111883992436318858e-01 1.000000000000000056e-01
4.819277108433735179e+01 -5.859777498660927453e-01 1.000000000000000056e-01
4.859437751004016093e+01 -6.860491003494167961e-01 1.000000000000000056e-01
4.899598393574297006e+01 -4.713922522090617240e-01 1.000000000000000056e-01
4.939759036144578630e+01 -3.418144336243719716e-01 1.000000000000000056e-01
4.979919678714859543e+01 -3.070745675181237311e-01 1.000000000000000056e-01
5.020080321285140457e+01 -1.396027115707032529e-02 1.000000000000000056e-01
5.060240963855421370e+01 2.263422672615031384e-02 1.000000000000000056e-01
5.100401606425702994e+01 7.150369716689627952e-02 1.000000000000000056e-01
5.140562248995983907e+01 2.991749470860348148e-01 1.000000000000000056e-01
5.180722891566264821e+01 5.173487934521141529e-01 1.000000000000000056e-01
5.220883534136546444e+01 6.119518834236887805e-01 1.000000000000000056e-01
5.261044176706827358e+01 8.394873653581745865e-01 1.000000000000000056e-01
5.301204819277108271e+01 8.791662041175551945e-01 1.000000000000000056e-01
5.341365461847389184e+01 7.394168416452426840e-01 1.000000000000000056e-01
5.381526104417670808e+01 7.929773580769370334e-01 1.000000000000000056e-01
5.421686746987951722e+01 1.037391963331051770e+00 1.000000000000000056e-01
5.461847389558232635e+01 7.872440273935161770e-01 1.000000000000000056e-01
5.502008032128514259e+01 9.659386952900058665e-01 1.000000000000000056e-01
5.542168674698795172e+01 9.420655617289800388e-01 1.000000000000000056e-01
5.582329317269076085e+01 6.848317382534389042e-01 1.000000000000000056e-01
5.622489959839357709e+01 4.860892977317348707e-01 1.000000000000000056e-01
5.662650602409638623e+01 -3.331802702892694423e-02 1.000000000000000056e-01
5.702811244979919536e+01 -4.259292047417994054e-01 1.000000000000000056e-01
5.742971887550200449e+01 -4.584585713329230039e-01 1.000000000000000056e-01
5.783132530120482073e+01 -8.979073840519540273e-01 1.000000000000000056e-01
5.823293172690762987e+01 -9.510913112012175930e-01 1.000000000000000056e-01
5.863453815261043900e+01 -9.260144783720316575e-01 1.000000000000000056e-01
5.903614457831325524e+01 -1.140649254479856101e+00 1.000000000000000056e-01
5.943775100401606437e+01 -1.532712814562800618e+00 1.000000000000000056e-01
5.983935742971887350e+01 -1.526843620315208705e+00 1.000000000000000056e-01
6.024096385542168974e+01 -1.946210679304159141e+00 1.000000000000000056e-01
6.064257028112449888e+01 -1.738202107295874876e+00 1.000000000000000056e-01
6.104417670682730801e+01 -1.687259840907096908e+00 1.000000000000000056e-01
6.144578313253011714e+01 -1.462850041001804158e+00 1.000000000000000056e-01
6.184738955823293338e+01 -1.236022333782925253e+00 1.000000000000000056e-01
6.224899598393574252e+01 -1.078983417577608517e+00 1.000000000000000056e-01
6.265060240963855165e+01 -8.989903104830916369e-01 1.000000000000000056e-01
6.305220883534136789e+01 -7.305168334985601142e-01 1.000000000000000056e-01
6.345381526104417702e+01 -7.313161627647957186e-01 1.000000000000000056e-01
6.385542168674698615e+01 -3.077422547860102497e-01 1.000000000000000056e-01
6.425702811244980239e+01 -5.037932626214160214e-02 1.000000000000000056e-01
6.465863453815261153e+01 2.106709461300090569e-01 1.000000000000000056e-01
6.506024096385542066e+01 1.411917670881354947e-01 1.000000000000000056e-01
6.546184738955822979e+01 8.392905325432545305e-02 1.000000000000000056e-01
6.586345381526103893e+01 -4.071276506270612994e-01 1.000000000000000056e-01
6.626506024096384806e+01 -9.223919006800567200e-01 1.000000000000000056e-01
6.666666666666667140e+01 -1.532901500035496190e+00 1.000000000000000056e-01
6.706827309236948054e+01 -1.695458524168768744e+00 1.000000000000000056e-01
6.746987951807228967e+01 -1.978538269436382224e+00 1.000000000000000056e-01
6.787148594377509880e+01 -1.623693417330802413e+00 1.000000000000000056e-01
6.827309236947790794e+01 -1.232395196961008299e+00 1.000000000000000056e-01
6.867469879518071707e+01 -9.956912343634078955e-01 1.000000000000000056e-01
6.907630522088354041e+01 -8.424466868331508262e-01 1.000000000000000056e-01
6.947791164658634955e+01 -1.218257588878634889e+00 1.000000000000000056e-01
6.987951807228915868e+01 -1.297779138697082946e+00 1.000000000000000056e-01
7.028112449799196781e+01 -1.373396231073912510e+00 1.000000000000000056e-01
7.068273092369477695e+01 -1.681170638858195510e+00 1.000000000000000056e-01
7.108433734939758608e+01 -1.886608149233474530e+00 1.000000000000000056e-01
7.148594377510039521e+01 -2.028388466110560007e+00 1.000000000000000056e-01
7.188755020080321856e+01 -1.800855621394271910e+00 1.000000000000000056e-01
7.228915662650602769e+01 -1.219169049798472848e+00 1.000000000000000056e-01
7.269076305220883683e+01 -1.052575167997779948e+00 1.000000000000000056e-01
7.309236947791164596e+01 -4.891882363454664873e-01 1.000000000000000056e-01
7.349397590361445509e+01 -5.109764874139626628e-02 1.000000000000000056e-01
7.389558232931726423e+01 5.038723434143100866e-01 1.000000000000000056e-01
7.429718875502007336e+01 9.234061988469973725e-01 1.000000000000000056e-01
7.469879518072289670e+01 8.627614965435456140e-01 1.000000000000000056e-01
7.510040160642570584e+01 9.341465547449563367e-01 1.000000000000000056e-01
7.550200803212851497e+01 5.920091186488395385e-01 1.000000000000000056e-01
7.590361445783132410e+01 1.078282719116277766e-01 1.000000000000000056e-01
7.630522088353413324e+01 -1.635220421164097215e-01 1.000000000000000056e-01
7.670682730923694237e+01 -6.241334317689694045e-01 1.000000000000000056e-01
7.710843373493975150e+01 -6.602450041976792861e-01 1.000000000000000056e-01
7.751004016064257485e+01 -4.494421322104589223e-01 1.000000000000000056e-01
7.791164658634538398e+01 -4.872381809674890540e-01 1.000000000000000056e-01
7.831325301204819311e+01 -3.663278524677184289e-01 1.000000000000000056e-01
7.871485943775100225e+01 1.433095009400252584e-01 1.000000000000000056e-01
7.911646586345381138e+01 3.544301939606144813e-01 1.000000000000000056e-01
7.951807228915662051e+01 2.661173568046291127e-01 1.000000000000000056e-01
7.991967871485944386e+01 -8.195769756615554902e-02 1.000000000000000056e-01
8.032128514056225299e+01 -1.387582861099463660e-01 1.000000000000000056e-01
8.072289156626506212e+01 -3.087049940650186675e-01 1.000000000000000056e-01
8.112449799196787126e+01 -2.199805174026189802e-01 1.000000000000000056e-01
8.152610441767068039e+01 -2.632748256483006255e-01 1.000000000000000056e-01
8.192771084337348952e+01 -8.505897743073613515e-02 1.000000000000000056e-01
8.232931726907629866e+01 2.595757737685289168e-01 1.000000000000000056e-01
8.273092369477912200e+01 9.095042952502780942e-01 1.000000000000000056e-01
8.313253012048193114e+01 9.628174882970991222e-01 1.000000000000000056e-01
8.353413654618474027e+01 1.541400104522425041e+00 1.000000000000000056e-01
8.393574297188754940e+01 1.642376540076652347e+00 1.000000000000000056e-01
8.433734939759035854e+01 1.860985282162277654e+00 1.000000000000000056e-01
8.473895582329316767e+01 1.671055465549076358e+00 1.000000000000000056e-01
8.514056224899597680e+01 1.514526596769972366e+00 1.000000000000000056e-01
8.554216867469880015e+01 1.039234823790164297e+00 1.000000000000000056e-01
8.594377510040160928e+01 6.963225387196432248e-01 1.000000000000000056e-01
8.634538152610441841e+01 3.637400061900469828e-01 1.000000000000000056e-01
8.674698795180722755e+01 8.299774129402359701e-02 1.000000000000000056e-01
8.714859437751003668e+01 -8.028843139737631973e-02 1.000000000000000056e-01
8.755020080321284581e+01 -2.567569824506155673e-01 1.000000000000000056e-01
8.795180722891566916e+01 -2.283439879148846108e-01 1.000000000000000056e-01
8.835341365461847829e+01 -2.313803217822710256e-01 1.000000000000000056e-01
8.875502008032128742e+01 -4.352387762502254454e-01 1.000000000000000056e-01
8.915662650602409656e+01 -4.045001193689195529e-01 1.000000000000000056e-01
8.955823293172690569e+01 -5.499391969406496328e-01 1.000000000000000056e-01
8.995983935742971482e+01 -7.093522603554877071e-01 1.000000000000000056e-01
9.036144578313252396e+01 -6.256246990316453038e-01 1.000000000000000056e-01
9.076305220883534730e+01 -6.675553372937376162e-01 1.000000000000000056e-01
9.116465863453815643e+01 -5.331045284303933540e-01 1.000000000000000056e-01
9.156626506024096557e+01 -2.794324679468159767e-01 1.000000000000000056e-01
9.196787148594377470e+01 5.414351824710444960e-02 1.000000000000000056e-01
9.236947791164658383e+01 5.396018798199677668e-01 1.000000000000000056e-01
9.277108433734939297e+01 5.538298252481442807e-01 1.000000000000000056e-01
9.317269076305220210e+01 2.664367064571185328e-01 1.000000000000000056e-01
9.357429718875502545e+01 2.106419317703625005e-01 1.000000000000000056e-01
9.397590361445783458e+01 -9.499409835076548514e-02 1.000000000000000056e-01
9.437751004016064371e+01 -3.784285509475910914e-01 1.000000000000000056e-01
9.477911646586345285e+01 -8.110692600618606418e-01 1.000000000000000056e-01
9.518072289156626198e+01 -1.075469791974779543e+00 1.000000000000000056e-01
9.558232931726907111e+01 -1.406372296129098531e+00 1.000000000000000056e-01
9.598393574297188025e+01 -1.580150883345277757e+00 1.000000000000000056e-01
9.638554216867470359e+01 -1.580470753311424614e+00 1.000000000000000056e-01
9.678714859437751272e+01 -1.666519680435164297e+00 1.000000000000000056e-01
9.718875502008032186e+01 -1.605457699386111825e+00 1.000000000000000056e-01
9.759036144578313099e+01 -1.665349969706307443e+00 1.000000000000000056e-01
9.799196787148594012e+01 -1.548691414951720358e+00 1.000000000000000056e-01
9.839357429718874926e+01 -1.170871609248217426e+00 1.000000000000000056e-01
9.879518072289157260e+01 -8.981369201381175227e-01 1.000000000000000056e-01
9.919678714859438173e+01 -3.240493215077832612e-01 1.000000000000000056e-01
9.959839357429719087e+01 2.229151685668819549e-01 1.000000000000000056e-01
1.000000000000000000e+02 6.522648732927438520e-01 1.000000000000000056e-01
