0.000000000000000000e+00 -7.219320075773101308e-01 1.000000000000000056e-01
4.016064257028112428e-01 -1.190853608062393931e+00 1.000000000000000056e-01
8.032128514056224855e-01 -1.660281011218563529e+00 1.000000000000000056e-01
1.204819277108433617e+00 -1.848074356886307168e+00 1.000000000000000056e-01
1.606425702811244971e+00 -1.689564473991435278e+00 1.000000000000000056e-01
2.008032128514056325e+00 -1.844826289782114603e+00 1.000000000000000056e-01
2.409638554216867234e+00 -1.563569285853092516e+00 1.000000000000000056e-01
2.811244979919678588e+00 -1.380475878076931950e+00 1.000000000000000056e-01
3.212851405622489942e+00 -1.021150141442377590e+00 1.000000000000000056e-01
3.614457831325301296e+00 -5.408622374456388826e-01 1.000000000000000056e-01
4.016064257028112650e+00 -3.436482687956270987e-01 1.000000000000000056e-01
4.417670682730923559e+00 6.638493972471665172e-02 1.000000000000000056e-01
4.819277108433734469e+00 -1.013559402577719482e-01 1.000000000000000056e-01
5.220883534136546267e+00 1.290350207069718147e-01 1.000000000000000056e-01
5.622489959839357176e+00 1.662543096875205295e-01 1.000000000000000056e-01
6.024096385542168974e+00 3.936411443373755148e-03 1.000000000000000056e-01
6.425702811244979884e+00 2.377512931610740454e-01 1.000000000000000056e-01
6.827309236947790794e+00 -8.886427777792638150e-02 1.000000000000000056e-01
7.228915662650602592e+00 1.514176997063627073e-01 1.000000000000000056e-01
7.630522088353413501e+00 3.083478481140442540e-01 1.000000000000000056e-01
8.032128514056225299e+00 1.838397330833155263e-02 1.000000000000000056e-01
8.433734939759036209e+00 2.051516128129667882e-01 1.000000000000000056e-01
8.835341365461847118e+00 3.054426570661907814e-01 1.000000000000000056e-01
9.236947791164658028e+00 3.149076519782890160e-01 1.000000000000000056e-01
9.638554216867468938e+00 5.282181290053987732e-01 1.000000000000000056e-01
1.004016064257028162e+01 5.569223343049268804e-01 1.000000000000000056e-01
1.044176706827309253e+01 5.935486148486813773e-01 1.000000000000000056e-01
1.084337349397590344e+01 7.257556974140104700e-01 1.000000000000000056e-01
1.124497991967871435e+01 5.707245202536715967e-01 1.000000000000000056e-01
1.164658634538152526e+01 5.739298796112426437e-01 1.000000000000000056e-01
1.204819277108433795e+01 5.417211099545585773e-01 1.000000000000000056e-01
1.244979919678714886e+01 3.755288606202858981e-01 1.000000000000000056e-01
1.285140562248995977e+01 1.758494218186806846e-01 1.000000000000000056e-01
1.325301204819277068e+01 2.420888904704856515e-01 1.000000000000000056e-01
1.365461847389558159e+01 2.077176851589340734e-01 1.000000000000000056e-01
1.405622489959839427e+01 3.567087248036126534e-01 1.000000000000000056e-01
1.445783132530120518e+01 6.385998194188544086e-02 1.000000000000000056e-01
1.485943775100401609e+01 1.793252925306168255e-01 1.000000000000000056e-01
1.526104417670682700e+01 2.855188903746321283e-01 1.000000000000000056e-01
1.566265060240963791e+01 4.884756489831884041e-01 1.000000000000000056e-01
1.606425702811245060e+01 4.978372179829618771e-01 1.000000000000000056e-01
1.646586345381525973e+01 9.305589881410720743e-01 1.000000000000000056e-01
1.686746987951807242e+01 1.043490911314869818e+00 1.000000000000000056e-01
1.726907630522088510e+01 1.350788759606658340e+00 1.000000000000000056e-01
1.767068273092369424e+01 1.627559579541549395e+00 1.000000000000000056e-01
1.807228915662650692e+01 1.583414119965383948e+00 1.000000000000000056e-01
1.847389558232931606e+01 1.670095730443767579e+00 1.000000000000000056e-01
1.887550200803212874e+01 2.035757695883716689e+00 1.000000000000000056e-01
1.927710843373493788e+01 2.150891813234442118e+00 1.000000000000000056e-01
1.967871485943775056e+01 2.358658018937889178e+00 1.000000000000000056e-01
2.008032128514056325e+01 2.760096548284696194e+00 1.000000000000000056e-01
2.048192771084337238e+01 2.633984316407909532e+00 1.000000000000000056e-01
2.088353413654618507e+01 2.528042484655724564e+00 1.000000000000000056e-01
2.128514056224899420e+01 2.489915057995145897e+00 1.000000000000000056e-01
2.168674698795180689e+01 1.770856170644092842e+00 1.000000000000000056e-01
2.208835341365461957e+01 1.094525389347012378e+00 1.000000000000000056e-01
2.248995983935742871e+01 5.701404388939812495e-01 1.000000000000000056e-01
2.289156626506024139e+01 1.487658395195778915e-01 1.000000000000000056e-01
2.329317269076305053e+01 -2.569681184189441803e-01 1.000000000000000056e-01
2.369477911646586321e+01 -3.696870648503138845e-01 1.000000000000000056e-01
2.409638554216867590e+01 -4.832662983609991580e-01 1.000000000000000056e-01
2.449799196787148503e+01 -5.341803007924381674e-01 1.000000000000000056e-01
2.489959839357429772e+01 -2.787110252011045231e-01 1.000000000000000056e-01
2.530120481927710685e+01 -1.631290215612238303e-01 1.000000000000000056e-01
2.570281124497991954e+01 1.101463600465817511e-01 1.000000000000000056e-01
2.610441767068273222e+01 2.985115493184244961e-01 1.000000000000000056e-01
2.650602409638554136e+01 4.245240981324638341e-01 1.000000000000000056e-01
2.690763052208835404e+01 5.481186546347421862e-01 1.000000000000000056e-01
2.730923694779116317e+01 9.521816723131218962e-01 1.000000000000000056e-01
2.771084337349397586e+01 9.764025536117983961e-01 1.000000000000000056e-01
2.811244979919678855e+01 1.262668370222570280e+00 1.000000000000000056e-01
2.851405622489959768e+01 1.693379351146677703e+00 1.000000000000000056e-01
2.891566265060241037e+01 1.963516222546418888e+00 1.000000000000000056e-01
2.931726907630521950e+01 2.386365502057193222e+00 1.000000000000000056e-01
2.971887550200803219e+01 2.786506874224289110e+00 1.000000000000000056e-01
3.012048192771084487e+01 3.186860150763664024e+00 1.000000000000000056e-01
3.052208835341365400e+01 3.372768872975367316e+00 1.000000000000000056e-01
3.092369477911646669e+01 3.171017514980885021e+00 1.000000000000000056e-01
3.132530120481927582e+01 3.107497031712377122e+00 1.000000000000000056e-01
3.172690763052208851e+01 2.485112130109628836e+00 1.000000000000000056e-01
3.212851405622490120e+01 2.418569040478605103e+00 1.000000000000000056e-01
3.253012048192771033e+01 2.000192448542765788e+00 1.000000000000000056e-01
3.293172690763051946e+01 1.442717138747827255e+00 1.000000000000000056e-01
3.333333333333333570e+01 1.146938787296321705e+00 1.000000000000000056e-01
3.373493975903614484e+01 1.159035513076179802e+00 1.000000000000000056e-01
3.413654618473895397e+01 1.215021837950677641e+00 1.000000000000000056e-01
3.453815261044177021e+01 1.287347382110085814e+00 1.000000000000000056e-01
3.493975903614457934e+01 1.442018591852679554e+00 1.000000000000000056e-01
3.534136546184738847e+01 1.624054948914560814e+00 1.000000000000000056e-01
3.574297188755019761e+01 1.497508213373404340e+00 1.000000000000000056e-01
3.614457831325301385e+01 1.618714934829502239e+00 1.000000000000000056e-01
3.654618473895582298e+01 1.725578972572783920e+00 1.000000000000000056e-01
3.694779116465863211e+01 1.840719831652289695e+00 1.000000000000000056e-01
3.734939759036144835e+01 2.289437267752846950e+00 1.000000000000000056e-01
3.775100401606425748e+01 2.269000448093584588e+00 1.000000000000000056e-01
3.815261044176706662e+01 2.509793550362736880e+00 1.000000000000000056e-01
3.855421686746987575e+01 3.132518326609238901e+00 1.000000000000000056e-01
3.895582329317269199e+01 3.486394898859538571e+00 1.000000000000000056e-01
3.935742971887550112e+01 3.681046810480494091e+00 1.000000000000000056e-01
3.975903614457831026e+01 4.075652234553456488e+00 1.000000000000000056e-01
4.016064257028112650e+01 4.171461880812929124e+00 1.000000000000000056e-01
4.056224899598393563e+01 4.213005692359943488e+00 1.000000000000000056e-01
4.096385542168674476e+01 4.090854845686719088e+00 1.000000000000000056e-01
4.136546184738956100e+01 3.908773675636771472e+00 1.000000000000000056e-01
4.176706827309237013e+01 3.638369706950978166e+00 1.000000000000000056e-01
4.216867469879517927e+01 3.316992759288317050e+00 1.000000000000000056e-01
4.257028112449798840e+01 2.774847038941115507e+00 1.000000000000000056e-01
4.297188755020080464e+01 2.527320303096361354e+00 1.000000000000000056e-01
4.337349397590361377e+01 2.148756417320232703e+00 1.000000000000000056e-01
4.377510040160642291e+01 2.003993710129336137e+00 1.000000000000000056e-01
4.417670682730923915e+01 1.778101607668047368e+00 1.000000000000000056e-01
4.457831325301204828e+01 1.491507913177907430e+00 1.000000000000000056e-01
4.497991967871485741e+01 1.160619758546735270e+00 1.000000000000000056e-01
4.538152610441767365e+01 9.732915470563574534e-01 1.000000000000000056e-01
4.578313253012048278e+01 1.125207120318162390e+00 1.000000000000000056e-01
4.618473895582329192e+01 1.234904651870976533e+00 1.000000000000000056e-01
4.658634538152610105e+01 1.456175040783697083e+00 1.000000000000000056e-01
4.698795180722891729e+01 1.556372793061518989e+00 1.000000000000000056e-01
4.738955823293172642e+01 1.629914660669181226e+00 1.000000000000000056e-01
4.779116465863453556e+01 1.741748328530131618e+00 1.000000000000000056e-01
4.819277108433735179e+01 1.781782420057139493e+00 1.000000000000000056e-01
4.859437751004016093e+01 2.033742410117770127e+00 1.000000000000000056e-01
4.899598393574297006e+01 1.856212614212878087e+00 1.000000000000000056e-01
4.939759036144578630e+01 1.812136004341663220e+00 1.000000000000000056e-01
4.979919678714859543e+01 1.684748554949371924e+00 1.000000000000000056e-01
5.020080321285140457e+01 1.824183102029524051e+00 1.000000000000000056e-01
5.060240963855421370e+01 1.530594388831050923e+00 1.000000000000000056e-01
5.100401606425702994e+01 1.496488347457692436e+00 1.000000000000000056e-01
5.140562248995983907e+01 1.581788586090225879e+00 1.000000000000000056e-01
5.180722891566264821e+01 1.561949075147438526e+00 1.000000000000000056e-01
5.220883534136546444e+01 1.614800119565271030e+00 1.000000000000000056e-01
5.261044176706827358e+01 1.640654196989806524e+00 1.000000000000000056e-01
5.301204819277108271e+01 1.363442098117334078e+00 1.000000000000000056e-01
5.341365461847389184e+01 1.134914050948728770e+00 1.000000000000000056e-01
5.381526104417670808e+01 1.044540456759310176e+00 1.000000000000000056e-01
5.421686746987951722e+01 7.910559178318603557e-01 1.000000000000000056e-01
5.461847389558232635e+01 4.968372462275720269e-01 1.000000000000000056e-01
5.502008032128514259e+01 4.030945250630014742e-01 1.000000000000000056e-01
5.542168674698795172e+01 1.559185435062836467e-01 1.000000000000000056e-01
5.582329317269076085e+01 -1.212593363950490999e-01 1.000000000000000056e-01
5.622489959839357709e+01 -2.079878437161636062e-01 1.000000000000000056e-01
5.662650602409638623e+01 2.911237710772937581e-02 1.000000000000000056e-01
5.702811244979919536e+01 -1.420738918470733358e-01 1.000000000000000056e-01
5.742971887550200449e+01 -3.214008865432766426e-01 1.000000000000000056e-01
5.783132530120482073e+01 -4.080121097938285701e-01 1.000000000000000056e-01
5.823293172690762987e+01 -5.828744387549964490e-01 1.000000000000000056e-01
5.863453815261043900e+01 -5.955761358889120061e-01 1.000000000000000056e-01
5.903614457831325524e+01 -9.830173734131418817e-01 1.000000000000000056e-01
5.943775100401606437e+01 -1.112290737969390930e+00 1.000000000000000056e-01
5.983935742971887350e+01 -1.144838120355567535e+00 1.000000000000000056e-01
6.024096385542168974e+01 -1.330061657542707332e+00 1.000000000000000056e-01
6.064257028112449888e+01 -1.514010450556313669e+00 1.000000000000000056e-01
6.104417670682730801e+01 -1.418580022115924599e+00 1.000000000000000056e-01
6.144578313253011714e+01 -1.342281200268350405e+00 1.000000000000000056e-01
6.184738955823293338e+01 -1.098745377597946327e+00 1.000000000000000056e-01
6.224899598393574252e+01 -7.481899664386316706e-01 1.000000000000000056e-01
6.265060240963855165e+01 -4.542938617263314049e-01 1.000000000000000056e-01
6.305220883534136789e+01 -3.105686581230540089e-01 1.000000000000000056e-01
6.345381526104417702e+01 -6.484462040746152844e-02 1.000000000000000056e-01
6.385542168674698615e+01 -1.939552776544481993e-01 1.000000000000000056e-01
6.425702811244980239e+01 -5.594616897205647449e-02 1.000000000000000056e-01
6.465863453815261153e+01 5.329964897137073193e-02 1.000000000000000056e-01
6.506024096385542066e+01 3.031323004194549919e-02 1.000000000000000056e-01
6.546184738955822979e+01 3.106210102174523646e-01 1.000000000000000056e-01
6.586345381526103893e+01 4.375953622058488812e-01 1.000000000000000056e-01
6.626506024096384806e+01 2.443459219076555000e-01 1.000000000000000056e-01
6.666666666666667140e+01 4.718887194899897830e-01 1.000000000000000056e-01
6.706827309236948054e+01 4.130047133114145286e-01 1.000000000000000056e-01
6.746987951807228967e+01 5.196707334896696340e-01 1.000000000000000056e-01
6.787148594377509880e+01 3.171795302915063064e-01 1.000000000000000056e-01
6.827309236947790794e+01 3.021114021230948410e-01 1.000000000000000056e-01
6.867469879518071707e+01 1.306630598926540321e-01 1.000000000000000056e-01
6.907630522088354041e+01 -6.013232969951953777e-02 1.000000000000000056e-01
6.947791164658634955e+01 -4.885429806763695593e-02 1.000000000000000056e-01
6.987951807228915868e+01 -5.133563202480288801e-02 1.000000000000000056e-01
7.028112449799196781e+01 -3.245286956758910435e-01 1.000000000000000056e-01
7.068273092369477695e+01 -3.092672503221892688e-01 1.000000000000000056e-01
7.108433734939758608e+01 -1.659530165860712281e-01 1.000000000000000056e-01
7.148594377510039521e+01 -4.612460097389144975e-01 1.000000000000000056e-01
7.188755020080321856e+01 -9.739480441942893751e-04 1.000000000000000056e-01
7.228915662650602769e+01 8.002133156876004016e-02 1.000000000000000056e-01
7.269076305220883683e+01 1.457855877948395218e-01 1.000000000000000056e-01
7.309236947791164596e+01 2.356124190589851120e-01 1.000000000000000056e-01
7.349397590361445509e+01 3.500842716260476051e-01 1.000000000000000056e-01
7.389558232931726423e+01 5.161176979104168394e-01 1.000000000000000056e-01
7.429718875502007336e+01 6.131042043588526003e-01 1.000000000000000056e-01
7.469879518072289670e+01 4.607546747955373334e-01 1.000000000000000056e-01
7.510040160642570584e+01 7.534458470990295087e-01 1.000000000000000056e-01
7.550200803212851497e+01 7.985441142786997570e-01 1.000000000000000056e-01
7.590361445783132410e+01 7.245960085202836076e-01 1.000000000000000056e-01
7.630522088353413324e+01 9.506789020368998644e-01 1.000000000000000056e-01
7.670682730923694237e+01 8.281033960746645439e-01 1.000000000000000056e-01
7.710843373493975150e+01 8.395330176955545509e-01 1.000000000000000056e-01
7.751004016064257485e+01 7.035560254938906244e-01 1.000000000000000056e-01
7.791164658634538398e+01 5.162255980726053739e-01 1.000000000000000056e-01
7.831325301204819311e+01 6.056465468370459959e-01 1.000000000000000056e-01
7.871485943775100225e+01 6.262377951020141609e-01 1.000000000000000056e-01
7.911646586345381138e+01 4.270784705342404175e-01 1.000000000000000056e-01
7.951807228915662051e+01 1.818170665616337944e-01 1.000000000000000056e-01
7.991967871485944386e+01 5.946227824656746819e-02 1.000000000000000056e-01
8.032128514056225299e+01 -8.048871027665087385e-02 1.000000000000000056e-01
8.072289156626506212e+01 -2.942729750420285950e-01 1.000000000000000056e-01
8.112449799196787126e+01 -5.951082067492523553e-01 1.000000000000000056e-01
8.152610441767068039e+01 -6.436547836648331966e-01 1.000000000000000056e-01
8.192771084337348952e+01 -8.018762418813293325e-01 1.000000000000000056e-01
8.232931726907629866e+01 -9.328708036540659387e-01 1.000000000000000056e-01
8.273092369477912200e+01 -9.758976965619992061e-01 1.000000000000000056e-01
8.313253012048193114e+01 -1.225765865871315974e+00 1.000000000000000056e-01
8.353413654618474027e+01 -9.353344331897482933e-01 1.000000000000000056e-01
8.393574297188754940e+01 -7.835563997980947715e-01 1.000000000000000056e-01
8.433734939759035854e+01 -4.884515724829676664e-01 1.000000000000000056e-01
8.473895582329316767e+01 -2.550179237598595994e-01 1.000000000000000056e-01
8.514056224899597680e+01 -6.613659461712292909e-02 1.000000000000000056e-01
8.554216867469880015e+01 2.032856680889228995e-01 1.000000000000000056e-01
8.594377510040160928e+01 5.095880644184469510e-01 1.000000000000000056e-01
8.634538152610441841e+01 4.021108615555554766e-01 1.000000000000000056e-01
8.674698795180722755e+01 5.141331565626938715e-01 1.000000000000000056e-01
8.714859437751003668e+01 5.268910089494083238e-01 1.000000000000000056e-01
8.755020080321284581e+01 5.615075887276433919e-01 1.000000000000000056e-01
8.795180722891566916e+01 6.629333444218395988e-01 1.000000000000000056e-01
8.835341365461847829e+01 3.748570272832453254e-01 1.000000000000000056e-01
8.875502008032128742e+01 5.617612794959159217e-01 1.000000000000000056e-01
8.915662650602409656e+01 3.411254948285726285e-01 1.000000000000000056e-01
8.955823293172690569e+01 1.606352184667376171e-01 1.000000000000000056e-01
8.995983935742971482e+01 1.299957186766911299e-01 1.000000000000000056e-01
9.036144578313252396e+01 -4.975414849542324214e-02 1.000000000000000056e-01
9.076305220883534730e+01 -2.160456312993508654e-01 1.000000000000000056e-01
9.116465863453815643e+01 -3.142799395586757250e-01 1.000000000000000056e-01
9.156626506024096557e+01 -7.098278202191606878e-01 1.000000000000000056e-01
9.196787148594377470e+01 -8.658650038599869925e-01 1.000000000000000056e-01
9.236947791164658383e+01 -1.109578296359282401e+00 1.000000000000000056e-01
9.277108433734939297e+01 -9.504550333710033438e-01 1.000000000000000056e-01
9.317269076305220210e+01 -9.064966904816407212e-01 1.000000000000000056e-01
9.357429718875502545e+01 -7.808112292968525381e-01 1.000000000000000056e-01
9.397590361445783458e+01 -3.969711045457660625e-01 1.000000000000000056e-01
9.437751004016064371e+01 -2.978553273215609476e-01 1.000000000000000056e-01
9.477911646586345285e+01 8.397550487096644423e-02 1.000000000000000056e-01
9.518072289156626198e+01 5.057725327317482700e-01 1.000000000000000056e-01
9.558232931726907111e+01 3.839677457002212413e-01 1.000000000000000056e-01
9.598393574297188025e+01 3.958136545129094519e-01 1.000000000000000056e-01
9.638554216867470359e+01 2.939595557860742447e-01 1.000000000000000056e-01
9.678714859437751272e+01 9.969633189300258769e-02 1.000000000000000056e-01
9.718875502008032186e+01 -2.333884343550204077e-01 1.000000000000000056e-01
9.759036144578313099e+01 -4.692019370724330729e-01 1.000000000000000056e-01
9.799196787148594012e+01 -5.504912009799837191e-01 1.000000000000000056e-01
9.839357429718874926e+01 -6.901262949736592933e-01 1.000000000000000056e-01
9.879518072289157260e+01 -7.918210933790683637e-01 1.000000000000000056e-01
9.919678714859438173e+01 -4.749163594349859463e-01 1.000000000000000056e-01
9.959839357429719087e+01 -3.933896590951501127e-01 1.000000000000000056e-01
1.000000000000000000e+02 -3.268497579841100897e-04 1.000000000000000056e-01
