0.000000000000000000e+00 -1.775477232515701109e+00 1.000000000000000056e-01
4.016064257028112428e-01 -2.033381276328811271e+00 1.000000000000000056e-01
8.032128514056224855e-01 -2.004447705616700048e+00 1.000000000000000056e-01
1.204819277108433617e+00 -1.482161047583610003e+00 1.000000000000000056e-01
1.606425702811244971e+00 -4.650563401790407947e-01 1.000000000000000056e-01
2.008032128514056325e+00 1.872647307556084550e-01 1.000000000000000056e-01
2.409638554216867234e+00 1.249289032118145570e+00 1.000000000000000056e-01
2.811244979919678588e+00 2.024155976102184784e+00 1.000000000000000056e-01
3.212851405622489942e+00 2.716874252135307533e+00 1.000000000000000056e-01
3.614457831325301296e+00 3.016521127880743780e+00 1.000000000000000056e-01
4.016064257028112650e+00 3.475725176557366236e+00 1.000000000000000056e-01
4.417670682730923559e+00 3.433286214465019803e+00 1.000000000000000056e-01
4.819277108433734469e+00 3.410192295675991137e+00 1.000000000000000056e-01
5.220883534136546267e+00 2.800326283609692268e+00 1.000000000000000056e-01
5.622489959839357176e+00 2.344027867003386945e+00 1.000000000000000056e-01
6.024096385542168974e+00 2.151320416115384493e+00 1.000000000000000056e-01
6.425702811244979884e+00 1.673221583205462881e+00 1.000000000000000056e-01
6.827309236947790794e+00 1.695111174896748452e+00 1.000000000000000056e-01
7.228915662650602592e+00 1.212333216871101182e+00 1.000000000000000056e-01
7.630522088353413501e+00 1.426980070082445096e+00 1.000000000000000056e-01
8.032128514056225299e+00 1.290280239939545881e+00 1.000000000000000056e-01
8.433734939759036209e+00 7.609625038098020156e-01 1.000000000000000056e-01
8.835341365461847118e+00 1.134430673991883853e-01 1.000000000000000056e-01
9.236947791164658028e+00 -5.716874973110073199e-01 1.000000000000000056e-01
9.638554216867468938e+00 -8.858938588396050307e-01 1.000000000000000056e-01
1.004016064257028162e+01 -9.292773033141424888e-01 1.000000000000000056e-01
1.044176706827309253e+01 -7.640441812234153307e-01 1.000000000000000056e-01
1.084337349397590344e+01 -2.415940852536258010e-01 1.000000000000000056e-01
1.124497991967871435e+01 3.482277433271142031e-01 1.000000000000000056e-01
1.164658634538152526e+01 1.263655557492021630e+00 1.000000000000000056e-01
1.204819277108433795e+01 2.052235405958231951e+00 1.000000000000000056e-01
1.244979919678714886e+01 2.799421486683746352e+00 1.000000000000000056e-01
1.285140562248995977e+01 3.177811470806895411e+00 1.000000000000000056e-01
1.325301204819277068e+01 3.155954439988184479e+00 1.000000000000000056e-01
1.365461847389558159e+01 3.042716389097398277e+00 1.000000000000000056e-01
1.405622489959839427e+01 2.796429319683741088e+00 1.000000000000000056e-01
1.445783132530120518e+01 2.375986246938426305e+00 1.000000000000000056e-01
1.485943775100401609e+01 1.924945512363761324e+00 1.000000000000000056e-01
1.526104417670682700e+01 1.831528368713628341e+00 1.000000000000000056e-01
1.566265060240963791e+01 1.756236872157257656e+00 1.000000000000000056e-01
1.606425702811245060e+01 1.833880555086418340e+00 1.000000000000000056e-01
1.646586345381525973e+01 2.128953811324520551e+00 1.000000000000000056e-01
1.686746987951807242e+01 2.449493622605752208e+00 1.000000000000000056e-01
1.726907630522088510e+01 2.891703345117934365e+00 1.000000000000000056e-01
1.767068273092369424e+01 2.993011163673553909e+00 1.000000000000000056e-01
1.807228915662650692e+01 3.473428999727770972e+00 1.000000000000000056e-01
1.847389558232931606e+01 3.416510356092131495e+00 1.000000000000000056e-01
1.887550200803212874e+01 3.222037098131390831e+00 1.000000000000000056e-01
1.927710843373493788e+01 2.992226960610074649e+00 1.000000000000000056e-01
1.967871485943775056e+01 3.006841751400695983e+00 1.000000000000000056e-01
2.008032128514056325e+01 2.709078861219267331e+00 1.000000000000000056e-01
2.048192771084337238e+01 2.903254154579277824e+00 1.000000000000000056e-01
2.088353413654618507e+01 2.747060713247067909e+00 1.000000000000000056e-01
2.128514056224899420e+01 2.614186646148648485e+00 1.000000000000000056e-01
2.168674698795180689e+01 2.647216317780722417e+00 1.000000000000000056e-01
2.208835341365461957e+01 2.062316214762731637e+00 1.000000000000000056e-01
2.248995983935742871e+01 2.265428271743982425e+00 1.000000000000000056e-01
2.289156626506024139e+01 1.942219274440785570e+00 1.000000000000000056e-01
2.329317269076305053e+01 1.759330134158108017e+00 1.000000000000000056e-01
2.369477911646586321e+01 1.341688953625371994e+00 1.000000000000000056e-01
2.409638554216867590e+01 9.572312627366108551e-01 1.000000000000000056e-01
2.449799196787148503e+01 6.030842253614698834e-01 1.000000000000000056e-01
2.489959839357429772e+01 2.585958745344892340e-01 1.000000000000000056e-01
2.530120481927710685e+01 1.741555195434821290e-02 1.000000000000000056e-01
2.570281124497991954e+01 2.319117621293092513e-01 1.000000000000000056e-01
2.610441767068273222e+01 4.786943906956946382e-01 1.000000000000000056e-01
2.650602409638554136e+01 8.636696353337727228e-01 1.000000000000000056e-01
2.690763052208835404e+01 1.289796192892405324e+00 1.000000000000000056e-01
2.730923694779116317e+01 1.889568856853344858e+00 1.000000000000000056e-01
2.771084337349397586e+01 2.197467559103106094e+00 1.000000000000000056e-01
2.811244979919678855e+01 2.461082753636120835e+00 1.000000000000000056e-01
2.851405622489959768e+01 2.704578346684228141e+00 1.000000000000000056e-01
2.891566265060241037e+01 2.810390875988312498e+00 1.000000000000000056e-01
2.931726907630521950e+01 2.707507842303749523e+00 1.000000000000000056e-01
2.971887550200803219e+01 2.902178220996082025e+00 1.000000000000000056e-01
3.012048192771084487e+01 2.391110624388234740e+00 1.000000000000000056e-01
3.052208835341365400e+01 2.548805370198767406e+00 1.000000000000000056e-01
3.092369477911646669e+01 2.281858668380575939e+00 1.000000000000000056e-01
3.132530120481927582e+01 2.230028932422585708e+00 1.000000000000000056e-01
3.172690763052208851e+01 2.033507448587779098e+00 1.000000000000000056e-01
3.212851405622490120e+01 1.933221798271542502e+00 1.000000000000000056e-01
3.253012048192771033e+01 1.505461785713103628e+00 1.000000000000000056e-01
3.293172690763051946e+01 1.083788454608242358e+00 1.000000000000000056e-01
3.333333333333333570e+01 3.678029871210603541e-01 1.000000000000000056e-01
3.373493975903614484e+01 -2.065521225487376711e-01 1.000000000000000056e-01
3.413654618473895397e+01 -6.334361714133492915e-01 1.000000000000000056e-01
3.453815261044177021e+01 -9.211471392438757011e-01 1.000000000000000056e-01
3.493975903614457934e+01 -9.305621081052170007e-01 1.000000000000000056e-01
3.534136546184738847e+01 -5.983816794998891853e-01 1.000000000000000056e-01
3.574297188755019761e+01 -3.413262504479277482e-01 1.000000000000000056e-01
3.614457831325301385e+01 1.383528404957043434e-02 1.000000000000000056e-01
3.654618473895582298e+01 2.396291898864029157e-01 1.000000000000000056e-01
3.694779116465863211e+01 7.481699654387705678e-01 1.000000000000000056e-01
3.734939759036144835e+01 1.070881166348734759e+00 1.000000000000000056e-01
3.775100401606425748e+01 1.527358686368924579e+00 1.000000000000000056e-01
3.815261044176706662e+01 1.870434648849287562e+00 1.000000000000000056e-01
3.855421686746987575e+01 1.984012452600933507e+00 1.000000000000000056e-01
3.895582329317269199e+01 2.205872805602092424e+00 1.000000000000000056e-01
3.935742971887550112e+01 1.983124473211885341e+00 1.000000000000000056e-01
3.975903614457831026e+01 1.904444938485741146e+00 1.000000000000000056e-01
4.016064257028112650e+01 1.485029408182999555e+00 1.000000000000000056e-01
4.056224899598393563e+01 1.466286418513430334e+00 1.000000000000000056e-01
4.096385542168674476e+01 1.214427421162206366e+00 1.000000000000000056e-01
4.136546184738956100e+01 1.312586328275493486e+00 1.000000000000000056e-01
4.176706827309237013e+01 1.424244064293223255e+00 1.000000000000000056e-01
4.216867469879517927e+01 1.586930956317146979e+00 1.000000000000000056e-01
4.257028112449798840e+01 1.331387850080176349e+00 1.000000000000000056e-01
4.297188755020080464e+01 1.616595794142708931e+00 1.000000000000000056e-01
4.337349397590361377e+01 1.720771314440899369e+00 1.000000000000000056e-01
4.377510040160642291e+01 1.978637764992196901e+00 1.000000000000000056e-01
4.417670682730923915e+01 2.100150099708433693e+00 1.000000000000000056e-01
4.457831325301204828e+01 1.943034275370299158e+00 1.000000000000000056e-01
4.497991967871485741e+01 1.910558511630702672e+00 1.000000000000000056e-01
4.538152610441767365e+01 1.552175629727002182e+00 1.000000000000000056e-01
4.578313253012048278e+01 1.152053489815812570e+00 1.000000000000000056e-01
4.618473895582329192e+01 5.731805431007819251e-01 1.000000000000000056e-01
4.658634538152610105e+01 3.150487348114477393e-01 1.000000000000000056e-01
4.698795180722891729e+01 -4.351934730075027874e-02 1.000000000000000056e-01
4.738955823293172642e+01 -2.715806560117807744e-01 1.000000000000000056e-01
4.779116465863453556e+01 -3.957665581417506018e-01 1.000000000000000056e-01
4.819277108433735179e+01 -6.741249623272457248e-01 1.000000000000000056e-01
4.859437751004016093e+01 -9.441909463084067200e-01 1.000000000000000056e-01
4.899598393574297006e+01 -9.040075591125817933e-01 1.000000000000000056e-01
4.939759036144578630e+01 -1.047037533301963919e+00 1.000000000000000056e-01
4.979919678714859543e+01 -9.670125855949154303e-01 1.000000000000000056e-01
5.020080321285140457e+01 -1.057087397718404542e+00 1.000000000000000056e-01
5.060240963855421370e+01 -7.228861931572559962e-01 1.000000000000000056e-01
5.100401606425702994e+01 -4.948307429218741227e-01 1.000000000000000056e-01
5.140562248995983907e+01 -1.488984260089988854e-01 1.000000000000000056e-01
5.180722891566264821e+01 1.824939134029072707e-01 1.000000000000000056e-01
5.220883534136546444e+01 6.784645720320621187e-01 1.000000000000000056e-01
5.261044176706827358e+01 8.502446188177962272e-01 1.000000000000000056e-01
5.301204819277108271e+01 8.071931210577956151e-01 1.000000000000000056e-01
5.341365461847389184e+01 9.556811344562552435e-01 1.000000000000000056e-01
5.381526104417670808e+01 1.158780941236254192e+00 1.000000000000000056e-01
5.421686746987951722e+01 1.036586488814839946e+00 1.000000000000000056e-01
5.461847389558232635e+01 1.122577482187657516e+00 1.000000000000000056e-01
5.502008032128514259e+01 1.023790164306779049e+00 1.000000000000000056e-01
5.542168674698795172e+01 4.326109635240537044e-01 1.000000000000000056e-01
5.582329317269076085e+01 -1.792819321446935121e-01 1.000000000000000056e-01
5.622489959839357709e+01 -6.660182951533014650e-01 1.000000000000000056e-01
5.662650602409638623e+01 -1.037656352223930822e+00 1.000000000000000056e-01
5.702811244979919536e+01 -1.129888790607821214e+00 1.000000000000000056e-01
5.742971887550200449e+01 -1.069715180513902686e+00 1.000000000000000056e-01
5.783132530120482073e+01 -1.268387380036637868e+00 1.000000000000000056e-01
5.823293172690762987e+01 -1.249918977242231888e+00 1.000000000000000056e-01
5.863453815261043900e+01 -1.252374225710867872e+00 1.000000000000000056e-01
5.903614457831325524e+01 -1.047972529960000232e+00 1.000000000000000056e-01
5.943775100401606437e+01 -1.197153535107416511e+00 1.000000000000000056e-01
5.983935742971887350e+01 -9.826839755060680082e-01 1.000000000000000056e-01
6.024096385542168974e+01 -9.708239159236395910e-01 1.000000000000000056e-01
6.064257028112449888e+01 -8.417120006774275742e-01 1.000000000000000056e-01
6.104417670682730801e+01 -5.513386805838765836e-01 1.000000000000000056e-01
6.144578313253011714e+01 -4.593496159091726150e-01 1.000000000000000056e-01
6.184738955823293338e+01 -2.287343518840453671e-01 1.000000000000000056e-01
6.224899598393574252e+01 -3.219458973871136553e-01 1.000000000000000056e-01
6.265060240963855165e+01 7.275943135599119427e-02 1.000000000000000056e-01
6.305220883534136789e+01 -5.166370735048958496e-02 1.000000000000000056e-01
6.345381526104417702e+01 -3.100992827772132143e-01 1.000000000000000056e-01
6.385542168674698615e+01 -6.287780333632277951e-01 1.000000000000000056e-01
6.425702811244980239e+01 -9.017966341955407916e-01 1.000000000000000056e-01
6.465863453815261153e+01 -1.323279376683282882e+00 1.000000000000000056e-01
6.506024096385542066e+01 -1.844124448091421620e+00 1.000000000000000056e-01
6.546184738955822979e+01 -1.956520939233874712e+00 1.000000000000000056e-01
6.586345381526103893e+01 -2.062026492633272756e+00 1.000000000000000056e-01
6.626506024096384806e+01 -2.126493989113614091e+00 1.000000000000000056e-01
6.666666666666667140e+01 -2.033523754059655797e+00 1.000000000000000056e-01
6.706827309236948054e+01 -2.299921990650002801e+00 1.000000000000000056e-01
6.746987951807228967e+01 -2.180383696269941662e+00 1.000000000000000056e-01
6.787148594377509880e+01 -1.929939504065167677e+00 1.000000000000000056e-01
6.827309236947790794e+01 -1.927990806766065379e+00 1.000000000000000056e-01
6.867469879518071707e+01 -1.478991937111790111e+00 1.000000000000000056e-01
6.907630522088354041e+01 -1.301394538079678309e+00 1.000000000000000056e-01
6.947791164658634955e+01 -9.252384991004531933e-01 1.000000000000000056e-01
6.987951807228915868e+01 -8.889849291627045513e-01 1.000000000000000056e-01
7.028112449799196781e+01 -1.045618451755908840e+00 1.000000000000000056e-01
7.068273092369477695e+01 -7.452408233317356911e-01 1.000000000000000056e-01
7.108433734939758608e+01 -5.910399572121085576e-01 1.000000000000000056e-01
7.148594377510039521e+01 -5.885695248347319053e-01 1.000000000000000056e-01
7.188755020080321856e+01 -3.916740879988034330e-01 1.000000000000000056e-01
7.228915662650602769e+01 -4.040038977614288096e-01 1.000000000000000056e-01
7.269076305220883683e+01 -5.164249966221621246e-01 1.000000000000000056e-01
7.309236947791164596e+01 -4.356887839468350232e-01 1.000000000000000056e-01
7.349397590361445509e+01 -8.315624311268862145e-01 1.000000000000000056e-01
7.389558232931726423e+01 -1.100553015189155603e+00 1.000000000000000056e-01
7.429718875502007336e+01 -1.430959959664141135e+00 1.000000000000000056e-01
7.469879518072289670e+01 -1.449151489907268608e+00 1.000000000000000056e-01
7.510040160642570584e+01 -1.315907778867675182e+00 1.000000000000000056e-01
7.550200803212851497e+01 -1.349339878431967454e+00 1.000000000000000056e-01
7.590361445783132410e+01 -1.464861663036560069e+00 1.000000000000000056e-01
7.630522088353413324e+01 -1.181203080210286860e+00 1.000000000000000056e-01
7.670682730923694237e+01 -1.825886011272462195e+00 1.000000000000000056e-01
7.710843373493975150e+01 -2.509561414436766391e+00 1.000000000000000056e-01
7.751004016064257485e+01 -2.951170574561867266e+00 1.000000000000000056e-01
7.791164658634538398e+01 -3.355593820525871074e+00 1.000000000000000056e-01
7.831325301204819311e+01 -3.708862237613210322e+00 1.000000000000000056e-01
7.871485943775100225e+01 -3.436134877373592911e+00 1.000000000000000056e-01
7.911646586345381138e+01 -3.229790738053468058e+00 1.000000000000000056e-01
7.951807228915662051e+01 -2.785835993805682254e+00 1.000000000000000056e-01
7.991967871485944386e+01 -2.434912205343326530e+00 1.000000000000000056e-01
8.032128514056225299e+01 -2.012603361199493790e+00 1.000000000000000056e-01
8.072289156626506212e+01 -1.738361784634242291e+00 1.000000000000000056e-01
8.112449799196787126e+01 -1.267727867490637372e+00 1.000000000000000056e-01
8.152610441767068039e+01 -1.105638411444902491e+00 1.000000000000000056e-01
8.192771084337348952e+01 -9.050449488000427145e-01 1.000000000000000056e-01
8.232931726907629866e+01 -1.108055064616654040e+00 1.000000000000000056e-01
8.273092369477912200e+01 -1.199684664300750603e+00 1.000000000000000056e-01
8.313253012048193114e+01 -1.359918641229590275e+00 1.000000000000000056e-01
8.353413654618474027e+01 -1.049758113512011759e+00 1.000000000000000056e-01
8.393574297188754940e+01 -9.430414544741022587e-01 1.000000000000000056e-01
8.433734939759035854e+01 -7.288896842426710876e-01 1.000000000000000056e-01
8.473895582329316767e+01 -4.242560099548688402e-01 1.000000000000000056e-01
8.514056224899597680e+01 -4.844321946554047686e-01 1.000000000000000056e-01
8.554216867469880015e+01 -4.233032273858026162e-01 1.000000000000000056e-01
8.594377510040160928e+01 -7.649842240683117911e-01 1.000000000000000056e-01
8.634538152610441841e+01 -1.414664739078310252e+00 1.000000000000000056e-01
8.674698795180722755e+01 -2.216917177439963194e+00 1.000000000000000056e-01
8.714859437751003668e+01 -3.255239579181857135e+00 1.000000000000000056e-01
8.755020080321284581e+01 -4.062601917590315637e+00 1.000000000000000056e-01
8.795180722891566916e+01 -4.749323981964036712e+00 1.000000000000000056e-01
8.835341365461847829e+01 -5.149950071351599767e+00 1.000000000000000056e-01
8.875502008032128742e+01 -5.001764357044234721e+00 1.000000000000000056e-01
8.915662650602409656e+01 -4.774025683401518450e+00 1.000000000000000056e-01
8.955823293172690569e+01 -4.463162096999281125e+00 1.000000000000000056e-01
8.995983935742971482e+01 -4.173719697629088898e+00 1.000000000000000056e-01
9.036144578313252396e+01 -3.409012144703764680e+00 1.000000000000000056e-01
9.076305220883534730e+01 -3.297242845440490733e+00 1.000000000000000056e-01
9.116465863453815643e+01 -2.770304547492998370e+00 1.000000000000000056e-01
9.156626506024096557e+01 -2.828648266916871989e+00 1.000000000000000056e-01
9.196787148594377470e+01 -2.769219069672643752e+00 1.000000000000000056e-01
9.236947791164658383e+01 -2.350651086758806407e+00 1.000000000000000056e-01
9.277108433734939297e+01 -2.257787973141639704e+00 1.000000000000000056e-01
9.317269076305220210e+01 -2.013127811919770416e+00 1.000000000000000056e-01
9.357429718875502545e+01 -1.740888495410632286e+00 1.000000000000000056e-01
9.397590361445783458e+01 -1.515977613707082394e+00 1.000000000000000056e-01
9.437751004016064371e+01 -1.616697700501556145e+00 1.000000000000000056e-01
9.477911646586345285e+01 -1.653056177698694951e+00 1.000000000000000056e-01
9.518072289156626198e+01 -1.950294425755531025e+00 1.000000000000000056e-01
9.558232931726907111e+01 -2.102375418404486496e+00 1.000000000000000056e-01
9.598393574297188025e+01 -2.650512632328462015e+00 1.000000000000000056e-01
9.638554216867470359e+01 -2.894128819755526383e+00 1.000000000000000056e-01
9.678714859437751272e+01 -3.040675224311665037e+00 1.000000000000000056e-01
9.718875502008032186e+01 -3.434343816426995488e+00 1.000000000000000056e-01
9.759036144578313099e+01 -3.708715454919571552e+00 1.000000000000000056e-01
9.799196787148594012e+01 -3.818167540015412698e+00 1.000000000000000056e-01
9.839357429718874926e+01 -3.738230569840531370e+00 1.000000000000000056e-01
9.879518072289157260e+01 -3.892131850205314159e+00 1.000000000000000056e-01
9.919678714859438173e+01 -3.624717656264434318e+00 1.000000000000000056e-01
9.959839357429719087e+01 -3.550099232025603513e+00 1.000000000000000056e-01
1.000000000000000000e+02 -3.076570134911913890e+00 1.000000000000000056e-01
