0.000000000000000000e+00 -1.732702244193405017e+00 1.000000000000000056e-01
4.016064257028112428e-01 -2.188902899883957698e+00 1.000000000000000056e-01
8.032128514056224855e-01 -2.166200219744017108e+00 1.000000000000000056e-01
1.204819277108433617e+00 -2.402610397481811155e+00 1.000000000000000056e-01
1.606425702811244971e+00 -1.917017554508859245e+00 1.000000000000000056e-01
2.008032128514056325e+00 -1.663287233714283442e+00 1.000000000000000056e-01
2.409638554216867234e+00 -8.487187827917850313e-01 1.000000000000000056e-01
2.811244979919678588e+00 -5.300490803116173488e-01 1.000000000000000056e-01
3.212851405622489942e+00 -3.015165115310070032e-01 1.000000000000000056e-01
3.614457831325301296e+00 2.001647005559548109e-01 1.000000000000000056e-01
4.016064257028112650e+00 2.020832890324852082e-01 1.000000000000000056e-01
4.417670682730923559e+00 2.952097957858378363e-01 1.000000000000000056e-01
4.819277108433734469e+00 3.387617553205213294e-01 1.000000000000000056e-01
5.220883534136546267e+00 6.342195451086135582e-01 1.000000000000000056e-01
5.622489959839357176e+00 6.340349505600302304e-01 1.000000000000000056e-01
6.024096385542168974e+00 8.278140199195579418e-01 1.000000000000000056e-01
6.425702811244979884e+00 9.493499871515650446e-01 1.000000000000000056e-01
6.827309236947790794e+00 7.614107056293627496e-01 1.000000000000000056e-01
7.228915662650602592e+00 7.906629190382415961e-01 1.000000000000000056e-01
7.630522088353413501e+00 8.629973887270767641e-01 1.000000000000000056e-01
8.032128514056225299e+00 8.566968768918887811e-01 1.000000000000000056e-01
8.433734939759036209e+00 6.577716267258912897e-01 1.000000000000000056e-01
8.835341365461847118e+00 7.297501591302637536e-01 1.000000000000000056e-01
9.236947791164658028e+00 6.136657665312351684e-01 1.000000000000000056e-01
9.638554216867468938e+00 5.743999622745015188e-01 1.000000000000000056e-01
1.004016064257028162e+01 6.730385270941918741e-01 1.000000000000000056e-01
1.044176706827309253e+01 4.620860169387145944e-01 1.000000000000000056e-01
1.084337349397590344e+01 5.098168115507382137e-01 1.000000000000000056e-01
1.124497991967871435e+01 7.564974707378019358e-01 1.000000000000000056e-01
1.164658634538152526e+01 1.363082132584710227e+00 1.000000000000000056e-01
1.204819277108433795e+01 1.580997766164305540e+00 1.000000000000000056e-01
1.244979919678714886e+01 2.259561293112814173e+00 1.000000000000000056e-01
1.285140562248995977e+01 2.573678779067329891e+00 1.000000000000000056e-01
1.325301204819277068e+01 2.143838858384152779e+00 1.000000000000000056e-01
1.365461847389558159e+01 1.540969142252946122e+00 1.000000000000000056e-01
1.405622489959839427e+01 5.346076447830072631e-01 1.000000000000000056e-01
1.445783132530120518e+01 -1.446890660974665399e-01 1.000000000000000056e-01
1.485943775100401609e+01 -5.602162906291745514e-01 1.000000000000000056e-01
1.526104417670682700e+01 -3.478970579347583914e-01 1.000000000000000056e-01
1.566265060240963791e+01 2.244944764250523805e-01 1.000000000000000056e-01
1.606425702811245060e+01 9.525251974937188892e-01 1.000000000000000056e-01
1.646586345381525973e+01 1.244395565858289698e+00 1.000000000000000056e-01
1.686746987951807242e+01 1.662942353195534295e+00 1.000000000000000056e-01
1.726907630522088510e+01 1.939569662621370982e+00 1.000000000000000056e-01
1.767068273092369424e+01 1.811967745054766432e+00 1.000000000000000056e-01
1.807228915662650692e+01 1.623644383523168200e+00 1.000000000000000056e-01
1.847389558232931606e+01 1.227032123711764289e+00 1.000000000000000056e-01
1.887550200803212874e+01 9.451961821049350565e-01 1.000000000000000056e-01
1.927710843373493788e+01 1.568079018965952975e-01 1.000000000000000056e-01
1.967871485943775056e+01 -3.584041171719624108e-01 1.000000000000000056e-01
2.008032128514056325e+01 -9.960529761822880523e-01 1.000000000000000056e-01
2.048192771084337238e+01 -1.498301701122076279e+00 1.000000000000000056e-01
2.088353413654618507e+01 -1.935331361084752233e+00 1.000000000000000056e-01
2.128514056224899420e+01 -2.519169085020448673e+00 1.000000000000000056e-01
2.168674698795180689e+01 -2.925785320169392634e+00 1.000000000000000056e-01
2.208835341365461957e+01 -2.919083043206087247e+00 1.000000000000000056e-01
2.248995983935742871e+01 -3.002889390653639801e+00 1.000000000000000056e-01
2.289156626506024139e+01 -3.046828629475177408e+00 1.000000000000000056e-01
2.329317269076305053e+01 -2.871339938873815445e+00 1.000000000000000056e-01
2.369477911646586321e+01 -2.150815333074654667e+00 1.000000000000000056e-01
2.409638554216867590e+01 -1.324953018873063826e+00 1.000000000000000056e-01
2.449799196787148503e+01 -4.596553038626995935e-01 1.000000000000000056e-01
2.489959839357429772e+01 7.934415858248350384e-01 1.000000000000000056e-01
2.530120481927710685e+01 1.079768776016613918e+00 1.000000000000000056e-01
2.570281124497991954e+01 1.366358606602280368e+00 1.000000000000000056e-01
2.610441767068273222e+01 6.114846013529329216e-01 1.000000000000000056e-01
2.650602409638554136e+01 -1.848503032580159355e-01 1.000000000000000056e-01
2.690763052208835404e+01 -5.965080748338011940e-01 1.000000000000000056e-01
2.730923694779116317e+01 -5.055198844344614972e-01 1.000000000000000056e-01
2.771084337349397586e+01 -1.640295245057359352e-01 1.000000000000000056e-01
2.811244979919678855e+01 2.804855584451523831e-01 1.000000000000000056e-01
2.851405622489959768e+01 5.226097564529774697e-01 1.000000000000000056e-01
2.891566265060241037e+01 3.803071380898804810e-01 1.000000000000000056e-01
2.931726907630521950e+01 2.972212729872523718e-01 1.000000000000000056e-01
2.971887550200803219e+01 -1.794649645485867084e-01 1.000000000000000056e-01
3.012048192771084487e+01 -1.046273591646803780e+00 1.000000000000000056e-01
3.052208835341365400e+01 -1.556155806475513659e+00 1.000000000000000056e-01
3.092369477911646669e+01 -1.977949016285371231e+00 1.000000000000000056e-01
3.132530120481927582e+01 -2.333828624008506658e+00 1.000000000000000056e-01
3.172690763052208851e+01 -1.956159628621485957e+00 1.000000000000000056e-01
3.212851405622490120e+01 -2.005116490536512863e+00 1.000000000000000056e-01
3.253012048192771033e+01 -1.529916898108186984e+00 1.000000000000000056e-01
3.293172690763051946e+01 -1.281090251372020372e+00 1.000000000000000056e-01
3.333333333333333570e+01 -1.103054324478824899e+00 1.000000000000000056e-01
3.373493975903614484e+01 -8.462903881308279086e-01 1.000000000000000056e-01
3.413654618473895397e+01 -7.668582871708423676e-01 1.000000000000000056e-01
3.453815261044177021e+01 -6.345632031599913736e-01 1.000000000000000056e-01
3.493975903614457934e+01 -6.843534039832269711e-01 1.000000000000000056e-01
3.534136546184738847e+01 -7.024791929000200330e-01 1.000000000000000056e-01
3.574297188755019761e+01 -1.083831424947616195e+00 1.000000000000000056e-01
3.614457831325301385e+01 -1.340265620472034014e+00 1.000000000000000056e-01
3.654618473895582298e+01 -1.921537741487467921e+00 1.000000000000000056e-01
3.694779116465863211e+01 -2.221363474158533080e+00 1.000000000000000056e-01
3.734939759036144835e+01 -2.775379747813973008e+00 1.000000000000000056e-01
3.775100401606425748e+01 -2.947712159709913404e+00 1.000000000000000056e-01
3.815261044176706662e+01 -2.977357077655336415e+00 1.000000000000000056e-01
3.855421686746987575e+01 -2.947418877249542213e+00 1.000000000000000056e-01
3.895582329317269199e+01 -2.501855771421851671e+00 1.000000000000000056e-01
3.935742971887550112e+01 -2.041615930943891044e+00 1.000000000000000056e-01
3.975903614457831026e+01 -1.350558059099366659e+00 1.000000000000000056e-01
4.016064257028112650e+01 -9.234908977021032417e-01 1.000000000000000056e-01
4.056224899598393563e+01 -6.896569627439138594e-01 1.000000000000000056e-01
4.096385542168674476e+01 -1.612434148285565305e-01 1.000000000000000056e-01
4.136546184738956100e+01 -4.015006534518836961e-02 1.000000000000000056e-01
4.176706827309237013e+01 8.954703964007448835e-02 1.000000000000000056e-01
4.216867469879517927e+01 2.526789695965593330e-01 1.000000000000000056e-01
4.257028112449798840e+01 1.223531657025105912e-01 1.000000000000000056e-01
4.297188755020080464e+01 2.767385359694823355e-01 1.000000000000000056e-01
4.337349397590361377e+01 7.930751595338397797e-01 1.000000000000000056e-01
4.377510040160642291e+01 8.565351203549809167e-01 1.000000000000000056e-01
4.417670682730923915e+01 1.168743663165223268e+00 1.000000000000000056e-01
4.457831325301204828e+01 1.724850883766146481e+00 1.000000000000000056e-01
4.497991967871485741e+01 1.613233448098641443e+00 1.000000000000000056e-01
4.538152610441767365e+01 1.424403248632676311e+00 1.000000000000000056e-01
4.578313253012048278e+01 1.031468033084699476e+00 1.000000000000000056e-01
4.618473895582329192e+01 7.044786735117999354e-01 1.000000000000000056e-01
4.658634538152610105e+01 6.953331826051996067e-01 1.000000000000000056e-01
4.698795180722891729e+01 5.219731002630764172e-01 1.000000000000000056e-01
4.738955823293172642e+01 3.353659861903409700e-01 1.000000000000000056e-01
4.779116465863453556e+01 1.506777824630544382e-01 1.000000000000000056e-01
4.819277108433735179e+01 -1.959841249079898873e-01 1.000000000000000056e-01
4.859437751004016093e+01 -6.877134737312942114e-01 1.000000000000000056e-01
4.899598393574297006e+01 -6.970832505166100201e-01 1.000000000000000056e-01
4.939759036144578630e+01 -3.537500686331175315e-01 1.000000000000000056e-01
4.979919678714859543e+01 4.149737180871326814e-01 1.000000000000000056e-01
5.020080321285140457e+01 9.270375491385469680e-01 1.000000000000000056e-01
5.060240963855421370e+01 1.577187675119035459e+00 1.000000000000000056e-01
5.100401606425702994e+01 1.707873284911992195e+00 1.000000000000000056e-01
5.140562248995983907e+01 1.332520761867624470e+00 1.000000000000000056e-01
5.180722891566264821e+01 7.470708407960735542e-01 1.000000000000000056e-01
5.220883534136546444e+01 1.759181683675800079e-01 1.000000000000000056e-01
5.261044176706827358e+01 -4.224299947120122578e-01 1.000000000000000056e-01
5.301204819277108271e+01 4.784521755454176906e-02 1.000000000000000056e-01
5.341365461847389184e+01 4.281091972776770449e-01 1.000000000000000056e-01
5.381526104417670808e+01 1.217649627078202901e+00 1.000000000000000056e-01
5.421686746987951722e+01 2.076343793783084202e+00 1.000000000000000056e-01
5.461847389558232635e+01 2.511133900546629327e+00 1.000000000000000056e-01
5.502008032128514259e+01 2.986620880067459183e+00 1.000000000000000056e-01
5.542168674698795172e+01 2.777581815835288737e+00 1.000000000000000056e-01
5.582329317269076085e+01 2.836413376158669841e+00 1.000000000000000056e-01
5.622489959839357709e+01 2.671419297089742351e+00 1.000000000000000056e-01
5.662650602409638623e+01 2.321095240505044899e+00 1.000000000000000056e-01
5.702811244979919536e+01 1.802103921340489689e+00 1.000000000000000056e-01
5.742971887550200449e+01 1.157442746806370160e+00 1.000000000000000056e-01
5.783132530120482073e+01 5.945829804760238702e-01 1.000000000000000056e-01
5.823293172690762987e+01 -1.455053392221439257e-01 1.000000000000000056e-01
5.863453815261043900e+01 -5.191011446845067434e-01 1.000000000000000056e-01
5.903614457831325524e+01 -2.680138473044753056e-01 1.000000000000000056e-01
5.943775100401606437e+01 -2.736113113876158520e-01 1.000000000000000056e-01
5.983935742971887350e+01 -3.376747924874977658e-01 1.000000000000000056e-01
6.024096385542168974e+01 -5.484580019040339316e-01 1.000000000000000056e-01
6.064257028112449888e+01 -3.123844948005120026e-01 1.000000000000000056e-01
6.104417670682730801e+01 -4.383120143976066418e-01 1.000000000000000056e-01
6.144578313253011714e+01 -3.494555816180207608e-01 1.000000000000000056e-01
6.184738955823293338e+01 -8.644922085397355183e-04 1.000000000000000056e-01
6.224899598393574252e+01 2.903180657459319969e-01 1.000000000000000056e-01
6.265060240963855165e+01 6.548435782797613625e-01 1.000000000000000056e-01
6.305220883534136789e+01 8.932485352674656154e-01 1.000000000000000056e-01
6.345381526104417702e+01 9.371521322017830613e-01 1.000000000000000056e-01
6.385542168674698615e+01 3.594128258934222719e-01 1.000000000000000056e-01
6.425702811244980239e+01 -1.521947719184210401e-01 1.000000000000000056e-01
6.465863453815261153e+01 6.391408814247293013e-02 1.000000000000000056e-01
6.506024096385542066e+01 1.614524803540579867e-01 1.000000000000000056e-01
6.546184738955822979e+01 1.483495105580261986e-01 1.000000000000000056e-01
6.586345381526103893e+01 4.259633922744552881e-01 1.000000000000000056e-01
6.626506024096384806e+01 6.796262626620508396e-01 1.000000000000000056e-01
6.666666666666667140e+01 7.750799455936931981e-01 1.000000000000000056e-01
6.706827309236948054e+01 8.709064635454333292e-01 1.000000000000000056e-01
6.746987951807228967e+01 5.854242930093241926e-01 1.000000000000000056e-01
6.787148594377509880e+01 3.360330520369417262e-01 1.000000000000000056e-01
6.827309236947790794e+01 2.715999370113922340e-01 1.000000000000000056e-01
6.867469879518071707e+01 1.374677509290211930e-03 1.000000000000000056e-01
6.907630522088354041e+01 7.221434896494022260e-02 1.000000000000000056e-01
6.947791164658634955e+01 -3.648114562180559267e-02 1.000000000000000056e-01
6.987951807228915868e+01 3.864935279120196299e-01 1.000000000000000056e-01
7.028112449799196781e+01 8.450301892361608003e-01 1.000000000000000056e-01
7.068273092369477695e+01 1.176944019931780439e+00 1.000000000000000056e-01
7.108433734939758608e+01 1.194376426962517002e+00 1.000000000000000056e-01
7.148594377510039521e+01 1.032670591163860729e+00 1.000000000000000056e-01
7.188755020080321856e+01 9.428098140397925819e-01 1.000000000000000056e-01
7.228915662650602769e+01 8.300602846735630758e-01 1.000000000000000056e-01
7.269076305220883683e+01 7.167320712582487818e-01 1.000000000000000056e-01
7.309236947791164596e+01 6.345212017598829135e-01 1.000000000000000056e-01
7.349397590361445509e+01 4.358083420225458693e-01 1.000000000000000056e-01
7.389558232931726423e+01 6.313832876231176838e-01 1.000000000000000056e-01
7.429718875502007336e+01 2.599898964329023232e-01 1.000000000000000056e-01
7.469879518072289670e+01 2.857711144203218812e-01 1.000000000000000056e-01
7.510040160642570584e+01 1.797599097152103587e-01 1.000000000000000056e-01
7.550200803212851497e+01 2.726226828638647626e-01 1.000000000000000056e-01
7.590361445783132410e+01 4.694503825850492862e-01 1.000000000000000056e-01
7.630522088353413324e+01 6.898095809300452963e-01 1.000000000000000056e-01
7.670682730923694237e+01 6.633214729284450106e-01 1.000000000000000056e-01
7.710843373493975150e+01 5.863955936260372148e-01 1.000000000000000056e-01
7.751004016064257485e+01 1.966066459009058187e-01 1.000000000000000056e-01
7.791164658634538398e+01 -1.228389455779278633e-01 1.000000000000000056e-01
7.831325301204819311e+01 -3.497729688258652270e-01 1.000000000000000056e-01
7.871485943775100225e+01 -4.531240867231184910e-01 1.000000000000000056e-01
7.911646586345381138e+01 -4.999331714605315113e-01 1.000000000000000056e-01
7.951807228915662051e+01 -3.368258703521799513e-02 1.000000000000000056e-01
7.991967871485944386e+01 5.549271384320989542e-01 1.000000000000000056e-01
8.032128514056225299e+01 8.027983752545386764e-01 1.000000000000000056e-01
8.072289156626506212e+01 1.177097714593817734e+00 1.000000000000000056e-01
8.112449799196787126e+01 1.421605045945441237e+00 1.000000000000000056e-01
8.152610441767068039e+01 1.420110298583379338e+00 1.000000000000000056e-01
8.192771084337348952e+01 1.389367086526376083e+00 1.000000000000000056e-01
8.232931726907629866e+01 1.546545327841589490e+00 1.000000000000000056e-01
8.273092369477912200e+01 1.734212119322699142e+00 1.000000000000000056e-01
8.313253012048193114e+01 1.300667321134852727e+00 1.000000000000000056e-01
8.353413654618474027e+01 6.572387767709738648e-01 1.000000000000000056e-01
8.393574297188754940e+01 6.470352534769048258e-01 1.000000000000000056e-01
8.433734939759035854e+01 6.225326583587993401e-01 1.000000000000000056e-01
8.473895582329316767e+01 1.103393573344676692e+00 1.000000000000000056e-01
8.514056224899597680e+01 9.928659156718638856e-01 1.000000000000000056e-01
8.554216867469880015e+01 1.459915237482991790e+00 1.000000000000000056e-01
8.594377510040160928e+01 1.968350630743822327e+00 1.000000000000000056e-01
8.634538152610441841e+01 2.653843204322126059e+00 1.000000000000000056e-01
8.674698795180722755e+01 3.349119458778791802e+00 1.000000000000000056e-01
8.714859437751003668e+01 3.934117153765601227e+00 1.000000000000000056e-01
8.755020080321284581e+01 4.290474843115641868e+00 1.000000000000000056e-01
8.795180722891566916e+01 3.719925715681809297e+00 1.000000000000000056e-01
8.835341365461847829e+01 3.494114836011016578e+00 1.000000000000000056e-01
8.875502008032128742e+01 2.677760835866195510e+00 1.000000000000000056e-01
8.915662650602409656e+01 1.959546931283985938e+00 1.000000000000000056e-01
8.955823293172690569e+01 1.655630604064210809e+00 1.000000000000000056e-01
8.995983935742971482e+01 1.302792279748957061e+00 1.000000000000000056e-01
9.036144578313252396e+01 1.392531004215081802e+00 1.000000000000000056e-01
9.076305220883534730e+01 1.597567857929681701e+00 1.000000000000000056e-01
9.116465863453815643e+01 1.362036939380008471e+00 1.000000000000000056e-01
9.156626506024096557e+01 1.367832438185199395e+00 1.000000000000000056e-01
9.196787148594377470e+01 1.015974657549213678e+00 1.000000000000000056e-01
9.236947791164658383e+01 8.439173880277608397e-01 1.000000000000000056e-01
9.277108433734939297e+01 1.932828263361928145e-01 1.000000000000000056e-01
9.317269076305220210e+01 -2.920450832776035899e-01 1.000000000000000056e-01
9.357429718875502545e+01 -1.336410093224441376e+00 1.000000000000000056e-01
9.397590361445783458e+01 -1.750417966770041245e+00 1.000000000000000056e-01
9.437751004016064371e+01 -2.101060131571019340e+00 1.000000000000000056e-01
9.477911646586345285e+01 -2.057994057751663330e+00 1.000000000000000056e-01
9.518072289156626198e+01 -2.073395831655409971e+00 1.000000000000000056e-01
9.558232931726907111e+01 -1.660114856865014588e+00 1.000000000000000056e-01
9.598393574297188025e+01 -1.663778328673654272e+00 1.000000000000000056e-01
9.638554216867470359e+01 -1.292064063561463527e+00 1.000000000000000056e-01
9.678714859437751272e+01 -1.365915520077840117e+00 1.000000000000000056e-01
9.718875502008032186e+01 -1.137608694704692169e+00 1.000000000000000056e-01
9.759036144578313099e+01 -1.110389968530771654e+00 1.000000000000000056e-01
9.799196787148594012e+01 -8.422258900163908102e-01 1.000000000000000056e-01
9.839357429718874926e+01 -9.127336989087134755e-01 1.000000000000000056e-01
9.879518072289157260e+01 -7.789481476137212201e-01 1.000000000000000056e-01
9.919678714859438173e+01 -6.172530693778115474e-01 1.000000000000000056e-01
9.959839357429719087e+01 2.093568038477750803e-01 1.000000000000000056e-01
1.000000000000000000e+02 1.057962518785229733e+00 1.000000000000000056e-01
