0.000000000000000000e+00 -1.072856737001863570e+00 1.000000000000000056e-01
4.016064257028112428e-01 -1.094559427967585874e+00 1.000000000000000056e-01
8.032128514056224855e-01 -9.462326656144617321e-01 1.000000000000000056e-01
1.204819277108433617e+00 -1.215280137746203470e+00 1.000000000000000056e-01
1.606425702811244971e+00 -1.187844428387176299e+00 1.000000000000000056e-01
2.008032128514056325e+00 -1.494490658579102904e+00 1.000000000000000056e-01
2.409638554216867234e+00 -1.643774711251877241e+00 1.000000000000000056e-01
2.811244979919678588e+00 -1.629923978081288416e+00 1.000000000000000056e-01
3.212851405622489942e+00 -1.789671666345709955e+00 1.000000000000000056e-01
3.614457831325301296e+00 -1.829726078729543515e+00 1.000000000000000056e-01
4.016064257028112650e+00 -1.596558596118877293e+00 1.000000000000000056e-01
4.417670682730923559e+00 -1.639351021402756681e+00 1.000000000000000056e-01
4.819277108433734469e+00 -1.719746218041616759e+00 1.000000000000000056e-01
5.220883534136546267e+00 -1.645269520737054458e+00 1.000000000000000056e-01
5.622489959839357176e+00 -1.688584715693536742e+00 1.000000000000000056e-01
6.024096385542168974e+00 -1.789624158829665079e+00 1.000000000000000056e-01
6.425702811244979884e+00 -1.947742783762219210e+00 1.000000000000000056e-01
6.827309236947790794e+00 -2.061186663803141084e+00 1.000000000000000056e-01
7.228915662650602592e+00 -2.117641258787982927e+00 1.000000000000000056e-01
7.630522088353413501e+00 -2.174388940408681137e+00 1.000000000000000056e-01
8.032128514056225299e+00 -2.220042314290243013e+00 1.000000000000000056e-01
8.433734939759036209e+00 -1.952850001531172719e+00 1.000000000000000056e-01
8.835341365461847118e+00 -2.028518743566627425e+00 1.000000000000000056e-01
9.236947791164658028e+00 -1.796613426674996683e+00 1.000000000000000056e-01
9.638554216867468938e+00 -1.704326960740263797e+00 1.000000000000000056e-01
1.004016064257028162e+01 -1.351204480863724688e+00 1.000000000000000056e-01
1.044176706827309253e+01 -1.188378269231204598e+00 1.000000000000000056e-01
1.084337349397590344e+01 -1.191577100245693854e+00 1.000000000000000056e-01
1.124497991967871435e+01 -1.255055478643191336e+00 1.000000000000000056e-01
1.164658634538152526e+01 -9.845876297238026487e-01 1.000000000000000056e-01
1.204819277108433795e+01 -7.382135047747286904e-01 1.000000000000000056e-01
1.244979919678714886e+01 -5.512020712395404587e-01 1.000000000000000056e-01
1.285140562248995977e+01 4.371960341163429881e-02 1.000000000000000056e-01
1.325301204819277068e+01 5.164270542395763552e-01 1.000000000000000056e-01
1.365461847389558159e+01 4.621675160684813322e-01 1.000000000000000056e-01
1.405622489959839427e+01 8.195173582901627007e-01 1.000000000000000056e-01
1.445783132530120518e+01 7.298708377336187159e-01 1.000000000000000056e-01
1.485943775100401609e+01 3.026362512416457262e-01 1.000000000000000056e-01
1.526104417670682700e+01 -3.351721250094258364e-01 1.000000000000000056e-01
1.566265060240963791e+01 -5.313860894182160788e-01 1.000000000000000056e-01
1.606425702811245060e+01 -8.316210618966749513e-01 1.000000000000000056e-01
1.646586345381525973e+01 -6.782315655586528269e-01 1.000000000000000056e-01
1.686746987951807242e+01 -6.393066839318987116e-01 1.000000000000000056e-01
1.726907630522088510e+01 -2.161309587463037807e-01 1.000000000000000056e-01
1.767068273092369424e+01 2.067377720925207274e-01 1.000000000000000056e-01
1.807228915662650692e+01 5.169492256289708321e-01 1.000000000000000056e-01
1.847389558232931606e+01 8.326126305271478456e-01 1.000000000000000056e-01
1.887550200803212874e+01 1.474234751189594128e+00 1.000000000000000056e-01
1.927710843373493788e+01 1.440379138348465204e+00 1.000000000000000056e-01
1.967871485943775056e+01 1.394350651366267568e+00 1.000000000000000056e-01
2.008032128514056325e+01 1.292919726902842070e+00 1.000000000000000056e-01
2.048192771084337238e+01 1.366119523047150119e+00 1.000000000000000056e-01
2.088353413654618507e+01 1.090203677470633625e+00 1.000000000000000056e-01
2.128514056224899420e+01 1.360496801229059249e+00 1.000000000000000056e-01
2.168674698795180689e+01 1.451451995173005161e+00 1.000000000000000056e-01
2.208835341365461957e+01 1.532302237875120765e+00 1.000000000000000056e-01
2.248995983935742871e+01 1.578535296441521574e+00 1.000000000000000056e-01
2.289156626506024139e+01 1.529308788751503334e+00 1.000000000000000056e-01
2.329317269076305053e+01 1.058576550806786809e+00 1.000000000000000056e-01
2.369477911646586321e+01 7.452798940720823939e-01 1.000000000000000056e-01
2.409638554216867590e+01 4.247920753087973678e-01 1.000000000000000056e-01
2.449799196787148503e+01 7.701258953232684168e-02 1.000000000000000056e-01
2.489959839357429772e+01 2.454982705587661629e-01 1.000000000000000056e-01
2.530120481927710685e+01 5.814417906177594270e-02 1.000000000000000056e-01
2.570281124497991954e+01 1.435946182187345099e-01 1.000000000000000056e-01
2.610441767068273222e+01 3.410741485170090126e-01 1.000000000000000056e-01
2.650602409638554136e+01 5.313629728281542564e-01 1.000000000000000056e-01
2.690763052208835404e+01 5.402909906083047664e-01 1.000000000000000056e-01
2.730923694779116317e+01 5.122987987537194199e-01 1.000000000000000056e-01
2.771084337349397586e+01 4.628114299743888993e-01 1.000000000000000056e-01
2.811244979919678855e+01 2.011049845574257033e-01 1.000000000000000056e-01
2.851405622489959768e+01 1.267023517907855945e-01 1.000000000000000056e-01
2.891566265060241037e+01 -2.343871052923398313e-01 1.000000000000000056e-01
2.931726907630521950e+01 -1.578225812521406868e-01 1.000000000000000056e-01
2.971887550200803219e+01 2.771204278050066749e-01 1.000000000000000056e-01
3.012048192771084487e+01 5.302275587465209439e-01 1.000000000000000056e-01
3.052208835341365400e+01 9.302744826151017055e-01 1.000000000000000056e-01
3.092369477911646669e+01 1.192556911317616652e+00 1.000000000000000056e-01
3.132530120481927582e+01 1.355251470512944367e+00 1.000000000000000056e-01
3.172690763052208851e+01 9.216222070612170025e-01 1.000000000000000056e-01
3.212851405622490120e+01 6.326810313461413982e-01 1.000000000000000056e-01
3.253012048192771033e+01 4.091322878562081988e-01 1.000000000000000056e-01
3.293172690763051946e+01 4.426462928137943620e-01 1.000000000000000056e-01
3.333333333333333570e+01 5.936033837116876377e-01 1.000000000000000056e-01
3.373493975903614484e+01 3.094356122699524758e-01 1.000000000000000056e-01
3.413654618473895397e+01 3.935903280337181842e-01 1.000000000000000056e-01
3.453815261044177021e+01 2.726582166107881511e-01 1.000000000000000056e-01
3.493975903614457934e+01 2.464912183933575252e-01 1.000000000000000056e-01
3.534136546184738847e+01 4.668925101042871728e-01 1.000000000000000056e-01
3.574297188755019761e+01 6.515525556647320249e-01 1.000000000000000056e-01
3.614457831325301385e+01 1.055521189641114521e+00 1.000000000000000056e-01
3.654618473895582298e+01 1.234766300867609079e+00 1.000000000000000056e-01
3.694779116465863211e+01 1.528472381558386939e+00 1.000000000000000056e-01
3.734939759036144835e+01 1.810993695386599711e+00 1.000000000000000056e-01
3.775100401606425748e+01 1.880800773739012222e+00 1.000000000000000056e-01
3.815261044176706662e+01 1.927348454486080609e+00 1.000000000000000056e-01
3.855421686746987575e+01 1.948430380930782579e+00 1.000000000000000056e-01
3.895582329317269199e+01 1.806545421757463910e+00 1.000000000000000056e-01
3.935742971887550112e+01 1.748997487400990591e+00 1.000000000000000056e-01
3.975903614457831026e+01 1.450205139837956736e+00 1.000000000000000056e-01
4.016064257028112650e+01 1.405215765872435796e+00 1.000000000000000056e-01
4.056224899598393563e+01 8.618747133577090436e-01 1.000000000000000056e-01
4.096385542168674476e+01 3.145645344303978908e-01 1.000000000000000056e-01
4.136546184738956100e+01 1.647204713589104363e-01 1.000000000000000056e-01
4.176706827309237013e+01 5.689641036633466542e-02 1.000000000000000056e-01
4.216867469879517927e+01 -1.142590887417753998e-01 1.000000000000000056e-01
4.257028112449798840e+01 2.177078202255607331e-01 1.000000000000000056e-01
4.297188755020080464e+01 1.592061986702016374e-01 1.000000000000000056e-01
4.337349397590361377e+01 2.797692871837764161e-01 1.000000000000000056e-01
4.377510040160642291e+01 4.243259370583775114e-01 1.000000000000000056e-01
4.417670682730923915e+01 6.192688684198469629e-01 1.000000000000000056e-01
4.457831325301204828e+01 2.940598396287302796e-01 1.000000000000000056e-01
4.497991967871485741e+01 3.776322241020838022e-01 1.000000000000000056e-01
4.538152610441767365e+01 1.927721619691246946e-01 1.000000000000000056e-01
4.578313253012048278e+01 8.847285532291433718e-02 1.000000000000000056e-01
4.618473895582329192e+01 -3.134133500919507320e-02 1.000000000000000056e-01
4.658634538152610105e+01 -4.182643587544337960e-01 1.000000000000000056e-01
4.698795180722891729e+01 -7.780420703560186890e-01 1.000000000000000056e-01
4.738955823293172642e+01 -1.050000840540243008e+00 1.000000000000000056e-01
4.779116465863453556e+01 -1.343646058305411284e+00 1.000000000000000056e-01
4.819277108433735179e+01 -1.606788846351617339e+00 1.000000000000000056e-01
4.859437751004016093e+01 -1.298007983240810459e+00 1.000000000000000056e-01
4.899598393574297006e+01 -1.170192074344500233e+00 1.000000000000000056e-01
4.939759036144578630e+01 -1.190992547572361282e+00 1.000000000000000056e-01
4.979919678714859543e+01 -1.042121063872621933e+00 1.000000000000000056e-01
5.020080321285140457e+01 -1.245834416112713727e+00 1.000000000000000056e-01
5.060240963855421370e+01 -1.117489669972201893e+00 1.000000000000000056e-01
5.100401606425702994e+01 -1.079611572332453084e+00 1.000000000000000056e-01
5.140562248995983907e+01 -9.686429456932152959e-01 1.000000000000000056e-01
5.180722891566264821e+01 -1.173984812355935325e+00 1.000000000000000056e-01
5.220883534136546444e+01 -1.247086311232418865e+00 1.000000000000000056e-01
5.261044176706827358e+01 -8.586329465272186656e-01 1.000000000000000056e-01
5.301204819277108271e+01 -8.577689055630959292e-01 1.000000000000000056e-01
5.341365461847389184e+01 -7.124528692427537502e-01 1.000000000000000056e-01
5.381526104417670808e+01 -8.329137692035706309e-01 1.000000000000000056e-01
5.421686746987951722e+01 -7.070270610464843841e-01 1.000000000000000056e-01
5.461847389558232635e+01 -9.993008272200343267e-01 1.000000000000000056e-01
5.502008032128514259e+01 -1.240023046314858268e+00 1.000000000000000056e-01
5.542168674698795172e+01 -1.449117676348544714e+00 1.000000000000000056e-01
5.582329317269076085e+01 -1.544866696851560750e+00 1.000000000000000056e-01
5.622489959839357709e+01 -1.705105587741167827e+00 1.000000000000000056e-01
5.662650602409638623e+01 -2.040659588491779974e+00 1.000000000000000056e-01
5.702811244979919536e+01 -1.933869690823543319e+00 1.000000000000000056e-01
5.742971887550200449e+01 -1.919739862320845258e+00 1.000000000000000056e-01
5.783132530120482073e+01 -2.021320069779486861e+00 1.000000000000000056e-01
5.823293172690762987e+01 -2.022873678335527892e+00 1.000000000000000056e-01
5.863453815261043900e+01 -2.105175357970129113e+00 1.000000000000000056e-01
5.903614457831325524e+01 -1.894173390764542386e+00 1.000000000000000056e-01
5.943775100401606437e+01 -2.095742485651617137e+00 1.000000000000000056e-01
5.983935742971887350e+01 -1.971383279826824708e+00 1.000000000000000056e-01
6.024096385542168974e+01 -1.775850488944669348e+00 1.000000000000000056e-01
6.064257028112449888e+01 -1.425183918321954124e+00 1.000000000000000056e-01
6.104417670682730801e+01 -1.232359385911867333e+00 1.000000000000000056e-01
6.144578313253011714e+01 -9.874206590180505394e-01 1.000000000000000056e-01
6.184738955823293338e+01 -4.612455919489986678e-01 1.000000000000000056e-01
6.224899598393574252e+01 -5.432644640550239601e-02 1.000000000000000056e-01
6.265060240963855165e+01 3.041056724859904081e-01 1.000000000000000056e-01
6.305220883534136789e+01 4.580863071243032048e-01 1.000000000000000056e-01
6.345381526104417702e+01 7.317532123586204529e-01 1.000000000000000056e-01
6.385542168674698615e+01 1.163260963465049036e+00 1.000000000000000056e-01
6.425702811244980239e+01 1.404235244772516378e+00 1.000000000000000056e-01
6.465863453815261153e+01 1.773261457723637191e+00 1.000000000000000056e-01
6.506024096385542066e+01 1.855336669291756557e+00 1.000000000000000056e-01
6.546184738955822979e+01 1.914186351274899334e+00 1.000000000000000056e-01
6.586345381526103893e+01 2.079028016216895924e+00 1.000000000000000056e-01
6.626506024096384806e+01 1.961091051964572785e+00 1.000000000000000056e-01
6.666666666666667140e+01 1.855678730593285808e+00 1.000000000000000056e-01
6.706827309236948054e+01 1.488752678453072242e+00 1.000000000000000056e-01
6.746987951807228967e+01 1.155993535878963030e+00 1.000000000000000056e-01
6.787148594377509880e+01 7.235261059642473791e-01 1.000000000000000056e-01
6.827309236947790794e+01 7.444832482686993824e-01 1.000000000000000056e-01
6.867469879518071707e+01 7.242318866161172597e-01 1.000000000000000056e-01
6.907630522088354041e+01 1.002311284954536585e+00 1.000000000000000056e-01
6.947791164658634955e+01 7.487822426198622594e-01 1.000000000000000056e-01
6.987951807228915868e+01 1.019467792813601559e+00 1.000000000000000056e-01
7.028112449799196781e+01 9.495867933170303310e-01 1.000000000000000056e-01
7.068273092369477695e+01 9.033489040986256713e-01 1.000000000000000056e-01
7.108433734939758608e+01 7.738542043267532256e-01 1.000000000000000056e-01
7.148594377510039521e+01 6.973162929873774063e-01 1.000000000000000056e-01
7.188755020080321856e+01 6.942819031194502610e-01 1.000000000000000056e-01
7.228915662650602769e+01 7.261107280226382077e-01 1.000000000000000056e-01
7.269076305220883683e+01 9.094498054323074676e-01 1.000000000000000056e-01
7.309236947791164596e+01 7.369194423771857627e-01 1.000000000000000056e-01
7.349397590361445509e+01 1.165318763646793432e+00 1.000000000000000056e-01
7.389558232931726423e+01 1.444484974422408419e+00 1.000000000000000056e-01
7.429718875502007336e+01 1.764113670339486406e+00 1.000000000000000056e-01
7.469879518072289670e+01 1.984827035765476921e+00 1.000000000000000056e-01
7.510040160642570584e+01 1.985121682836988199e+00 1.000000000000000056e-01
7.550200803212851497e+01 1.957600662539311198e+00 1.000000000000000056e-01
7.590361445783132410e+01 1.867251743153099275e+00 1.000000000000000056e-01
7.630522088353413324e+01 1.233911704264454956e+00 1.000000000000000056e-01
7.670682730923694237e+01 7.540422956768627616e-01 1.000000000000000056e-01
7.710843373493975150e+01 4.449389454427405410e-01 1.000000000000000056e-01
7.751004016064257485e+01 2.961353236867625416e-01 1.000000000000000056e-01
7.791164658634538398e+01 4.227596256114549700e-01 1.000000000000000056e-01
7.831325301204819311e+01 2.262959229686574425e-01 1.000000000000000056e-01
7.871485943775100225e+01 4.839140247069320111e-01 1.000000000000000056e-01
7.911646586345381138e+01 2.905413071047547313e-01 1.000000000000000056e-01
7.951807228915662051e+01 -9.832519375396242545e-02 1.000000000000000056e-01
7.991967871485944386e+01 -5.936289586928119588e-01 1.000000000000000056e-01
8.032128514056225299e+01 -7.710712773350282268e-01 1.000000000000000056e-01
8.072289156626506212e+01 -9.514448790939441514e-01 1.000000000000000056e-01
8.112449799196787126e+01 -1.158717110201758382e+00 1.000000000000000056e-01
8.152610441767068039e+01 -9.400371874216832957e-01 1.000000000000000056e-01
8.192771084337348952e+01 -1.120361295696409298e+00 1.000000000000000056e-01
8.232931726907629866e+01 -5.846866050704139228e-01 1.000000000000000056e-01
8.273092369477912200e+01 -3.971695471718117432e-01 1.000000000000000056e-01
8.313253012048193114e+01 -4.187444528252591835e-01 1.000000000000000056e-01
8.353413654618474027e+01 -2.391587668501900521e-01 1.000000000000000056e-01
8.393574297188754940e+01 9.257965730733058729e-02 1.000000000000000056e-01
8.433734939759035854e+01 -1.779281140189904464e-01 1.000000000000000056e-01
8.473895582329316767e+01 -3.389684797586962062e-01 1.000000000000000056e-01
8.514056224899597680e+01 -4.913941018571788000e-01 1.000000000000000056e-01
8.554216867469880015e+01 -3.835806089884269965e-01 1.000000000000000056e-01
8.594377510040160928e+01 -6.192934612301930208e-01 1.000000000000000056e-01
8.634538152610441841e+01 -5.459436327253146537e-01 1.000000000000000056e-01
8.674698795180722755e+01 -4.148632640495859558e-01 1.000000000000000056e-01
8.714859437751003668e+01 -4.061038185434064918e-01 1.000000000000000056e-01
8.755020080321284581e+01 -2.576418809938270105e-01 1.000000000000000056e-01
8.795180722891566916e+01 -1.413208434488182619e-01 1.000000000000000056e-01
8.835341365461847829e+01 1.465919320542137805e-01 1.000000000000000056e-01
8.875502008032128742e+01 1.503343256078113754e-01 1.000000000000000056e-01
8.915662650602409656e+01 1.063649602106639946e-01 1.000000000000000056e-01
8.955823293172690569e+01 -5.267250254959809919e-02 1.000000000000000056e-01
8.995983935742971482e+01 -3.146905493679281740e-01 1.000000000000000056e-01
9.036144578313252396e+01 -3.869952992106553413e-01 1.000000000000000056e-01
9.076305220883534730e+01 -5.317961688624969208e-01 1.000000000000000056e-01
9.116465863453815643e+01 -2.545425032807485666e-01 1.000000000000000056e-01
9.156626506024096557e+01 -7.522991880745127924e-02 1.000000000000000056e-01
9.196787148594377470e+01 1.058638171888049012e-01 1.000000000000000056e-01
9.236947791164658383e+01 2.214586539327015602e-01 1.000000000000000056e-01
9.277108433734939297e+01 9.871328355870476190e-02 1.000000000000000056e-01
9.317269076305220210e+01 -9.112760663245968173e-02 1.000000000000000056e-01
9.357429718875502545e+01 -2.118946801156018633e-01 1.000000000000000056e-01
9.397590361445783458e+01 -2.365950426159206810e-01 1.000000000000000056e-01
9.437751004016064371e+01 -4.541976734045514164e-01 1.000000000000000056e-01
9.477911646586345285e+01 -5.679949504270835892e-01 1.000000000000000056e-01
9.518072289156626198e+01 -6.202540952319695045e-01 1.000000000000000056e-01
9.558232931726907111e+01 -1.053188626635103153e+00 1.000000000000000056e-01
9.598393574297188025e+01 -1.067849024677215208e+00 1.000000000000000056e-01
9.638554216867470359e+01 -1.065110930069154804e+00 1.000000000000000056e-01
9.678714859437751272e+01 -8.212293182069887454e-01 1.000000000000000056e-01
9.718875502008032186e+01 -6.336346805638594093e-01 1.000000000000000056e-01
9.759036144578313099e+01 -1.281602453966400601e-01 1.000000000000000056e-01
9.799196787148594012e+01 7.400687829117877370e-02 1.000000000000000056e-01
9.839357429718874926e+01 3.610189155008565187e-01 1.000000000000000056e-01
9.879518072289157260e+01 3.798236382123252874e-01 1.000000000000000056e-01
9.919678714859438173e+01 5.150715700649132200e-01 1.000000000000000056e-01
9.959839357429719087e+01 6.103494264166802186e-01 1.000000000000000056e-01
1.000000000000000000e+02 7.492825839619980943e-01 1.000000000000000056e-01
