0.000000000000000000e+00 2.709284006572818981e+00 1.000000000000000056e-01
4.016064257028112428e-01 2.294418057603139882e+00 1.000000000000000056e-01
8.032128514056224855e-01 1.074164625966587794e+00 1.000000000000000056e-01
1.204819277108433617e+00 -2.848644919184678548e-01 1.000000000000000056e-01
1.606425702811244971e+00 -1.372219671850024358e+00 1.000000000000000056e-01
2.008032128514056325e+00 -1.812023538450658000e+00 1.000000000000000056e-01
2.409638554216867234e+00 -1.278957731405707232e+00 1.000000000000000056e-01
2.811244979919678588e+00 -9.332771052163897352e-01 1.000000000000000056e-01
3.212851405622489942e+00 -5.744174240374386731e-01 1.000000000000000056e-01
3.614457831325301296e+00 -6.164234841592245440e-01 1.000000000000000056e-01
4.016064257028112650e+00 -9.026836599641500092e-01 1.000000000000000056e-01
4.417670682730923559e+00 -1.333034292321721770e+00 1.000000000000000056e-01
4.819277108433734469e+00 -9.487557586331517578e-01 1.000000000000000056e-01
5.220883534136546267e+00 -7.256721363950968673e-01 1.000000000000000056e-01
5.622489959839357176e+00 -4.866989495100808027e-01 1.000000000000000056e-01
6.024096385542168974e+00 -4.185796748757601438e-01 1.000000000000000056e-01
6.425702811244979884e+00 -2.842076422332479035e-01 1.000000000000000056e-01
6.827309236947790794e+00 -4.688856058443381658e-02 1.000000000000000056e-01
7.228915662650602592e+00 2.746448367397643087e-01 1.000000000000000056e-01
7.630522088353413501e+00 3.624166616552685349e-01 1.000000000000000056e-01
8.032128514056225299e+00 3.974068699860590637e-01 1.000000000000000056e-01
8.433734939759036209e+00 3.963354751019024409e-03 1.000000000000000056e-01
8.835341365461847118e+00 -2.463387755445690941e-01 1.000000000000000056e-01
9.236947791164658028e+00 -2.169809012107262458e-01 1.000000000000000056e-01
9.638554216867468938e+00 3.371439152503555303e-01 1.000000000000000056e-01
1.004016064257028162e+01 8.187527013505240259e-01 1.000000000000000056e-01
1.044176706827309253e+01 1.649345249457756735e+00 1.000000000000000056e-01
1.084337349397590344e+01 2.260064982998182259e+00 1.000000000000000056e-01
1.124497991967871435e+01 1.904119999652491790e+00 1.000000000000000056e-01
1.164658634538152526e+01 9.038669650631593333e-01 1.000000000000000056e-01
1.204819277108433795e+01 -1.409543049179623198e-01 1.000000000000000056e-01
1.244979919678714886e+01 -1.413887905851720861e+00 1.000000000000000056e-01
1.285140562248995977e+01 -1.728294370509505518e+00 1.000000000000000056e-01
1.325301204819277068e+01 -1.380503713631068496e+00 1.000000000000000056e-01
1.365461847389558159e+01 -4.534394374746554268e-01 1.000000000000000056e-01
1.405622489959839427e+01 3.773472661371596870e-01 1.000000000000000056e-01
1.445783132530120518e+01 1.213788474576378507e+00 1.000000000000000056e-01
1.485943775100401609e+01 9.883716112409489662e-01 1.000000000000000056e-01
1.526104417670682700e+01 9.066388321406109174e-01 1.000000000000000056e-01
1.566265060240963791e+01 1.058482244628294211e+00 1.000000000000000056e-01
1.606425702811245060e+01 1.505798508843396055e+00 1.000000000000000056e-01
1.646586345381525973e+01 1.734072438344259837e+00 1.000000000000000056e-01
1.686746987951807242e+01 1.574296688384107190e+00 1.000000000000000056e-01
1.726907630522088510e+01 8.473566733465012213e-01 1.000000000000000056e-01
1.767068273092369424e+01 5.555874702529075559e-01 1.000000000000000056e-01
1.807228915662650692e+01 4.314314005441576283e-01 1.000000000000000056e-01
1.847389558232931606e+01 6.009479697304324075e-01 1.000000000000000056e-01
1.887550200803212874e+01 4.264653128780291347e-01 1.000000000000000056e-01
1.927710843373493788e+01 7.510846834553924767e-02 1.000000000000000056e-01
1.967871485943775056e+01 1.487277442471452438e-01 1.000000000000000056e-01
2.008032128514056325e+01 4.650355045731317805e-02 1.000000000000000056e-01
2.048192771084337238e+01 2.319150638845635659e-01 1.000000000000000056e-01
2.088353413654618507e+01 2.312504244570612044e-01 1.000000000000000056e-01
2.128514056224899420e+01 2.090866052532563968e-01 1.000000000000000056e-01
2.168674698795180689e+01 4.103892402861621935e-01 1.000000000000000056e-01
2.208835341365461957e+01 5.231693541116279045e-01 1.000000000000000056e-01
2.248995983935742871e+01 4.037755313454769457e-01 1.000000000000000056e-01
2.289156626506024139e+01 4.221205470894922041e-01 1.000000000000000056e-01
2.329317269076305053e+01 5.512635953781238607e-01 1.000000000000000056e-01
2.369477911646586321e+01 4.653398694015971060e-01 1.000000000000000056e-01
2.409638554216867590e+01 1.118070368872308568e-02 1.000000000000000056e-01
2.449799196787148503e+01 -8.616030603182943670e-01 1.000000000000000056e-01
2.489959839357429772e+01 -1.594393282644386067e+00 1.000000000000000056e-01
2.530120481927710685e+01 -1.780137592728172846e+00 1.000000000000000056e-01
2.570281124497991954e+01 -1.435537749772781924e+00 1.000000000000000056e-01
2.610441767068273222e+01 -6.486784449915704576e-01 1.000000000000000056e-01
2.650602409638554136e+01 -3.281152974826497815e-01 1.000000000000000056e-01
2.690763052208835404e+01 1.980338591692433203e-01 1.000000000000000056e-01
2.730923694779116317e+01 6.672077342506451680e-01 1.000000000000000056e-01
2.771084337349397586e+01 1.134996764592747454e+00 1.000000000000000056e-01
2.811244979919678855e+01 1.381167535846874905e+00 1.000000000000000056e-01
2.851405622489959768e+01 8.314745730323690187e-02 1.000000000000000056e-01
2.891566265060241037e+01 -1.102236338669169591e+00 1.000000000000000056e-01
2.931726907630521950e+01 -1.343571588903445857e+00 1.000000000000000056e-01
2.971887550200803219e+01 -6.212429919126873923e-01 1.000000000000000056e-01
3.012048192771084487e+01 1.032382654791329069e+00 1.000000000000000056e-01
3.052208835341365400e+01 2.208045758305152262e+00 1.000000000000000056e-01
3.092369477911646669e+01 2.515618366875176370e+00 1.000000000000000056e-01
3.132530120481927582e+01 2.010996504933956430e+00 1.000000000000000056e-01
3.172690763052208851e+01 8.579588728989550050e-01 1.000000000000000056e-01
3.212851405622490120e+01 6.347222996781060056e-04 1.000000000000000056e-01
3.253012048192771033e+01 -4.448839752147903948e-01 1.000000000000000056e-01
3.293172690763051946e+01 3.342009153870945104e-01 1.000000000000000056e-01
3.333333333333333570e+01 1.017065617533565725e+00 1.000000000000000056e-01
3.373493975903614484e+01 1.129411551564557081e+00 1.000000000000000056e-01
3.413654618473895397e+01 8.477726750505013564e-01 1.000000000000000056e-01
3.453815261044177021e+01 7.698244205866239254e-01 1.000000000000000056e-01
3.493975903614457934e+01 2.976631311389593137e-01 1.000000000000000056e-01
3.534136546184738847e+01 5.980510646498117255e-01 1.000000000000000056e-01
3.574297188755019761e+01 7.120742579957305418e-01 1.000000000000000056e-01
3.614457831325301385e+01 7.494281203297665783e-01 1.000000000000000056e-01
3.654618473895582298e+01 1.055971269792398637e+00 1.000000000000000056e-01
3.694779116465863211e+01 1.225929617254909454e+00 1.000000000000000056e-01
3.734939759036144835e+01 1.020262221159192739e+00 1.000000000000000056e-01
3.775100401606425748e+01 8.497996877640329183e-01 1.000000000000000056e-01
3.815261044176706662e+01 4.208507961116487728e-01 1.000000000000000056e-01
3.855421686746987575e+01 4.761493304163327833e-01 1.000000000000000056e-01
3.895582329317269199e+01 6.935998614453863231e-01 1.000000000000000056e-01
3.935742971887550112e+01 1.055286240052979219e+00 1.000000000000000056e-01
3.975903614457831026e+01 9.218103241874217035e-01 1.000000000000000056e-01
4.016064257028112650e+01 6.631289636674632115e-01 1.000000000000000056e-01
4.056224899598393563e+01 7.224834919991332538e-02 1.000000000000000056e-01
4.096385542168674476e+01 -3.972227385462563376e-01 1.000000000000000056e-01
4.136546184738956100e+01 3.088426360382964808e-03 1.000000000000000056e-01
4.176706827309237013e+01 4.446088344314684804e-01 1.000000000000000056e-01
4.216867469879517927e+01 8.756504789916751408e-01 1.000000000000000056e-01
4.257028112449798840e+01 9.870114850176243682e-01 1.000000000000000056e-01
4.297188755020080464e+01 9.575350500387669328e-01 1.000000000000000056e-01
4.337349397590361377e+01 9.946831403877780531e-01 1.000000000000000056e-01
4.377510040160642291e+01 7.942020365329330867e-01 1.000000000000000056e-01
4.417670682730923915e+01 1.013451741334693068e+00 1.000000000000000056e-01
4.457831325301204828e+01 1.249182849599953959e+00 1.000000000000000056e-01
4.497991967871485741e+01 1.558398938314141446e+00 1.000000000000000056e-01
4.538152610441767365e+01 1.431530674928496394e+00 1.000000000000000056e-01
4.578313253012048278e+01 1.284575449977186645e+00 1.000000000000000056e-01
4.618473895582329192e+01 1.212316585552859483e+00 1.000000000000000056e-01
4.658634538152610105e+01 1.345349101909787182e+00 1.000000000000000056e-01
4.698795180722891729e+01 1.158149573890234318e+00 1.000000000000000056e-01
4.738955823293172642e+01 6.774338215040437428e-01 1.000000000000000056e-01
4.779116465863453556e+01 2.813548791596773846e-01 1.000000000000000056e-01
4.819277108433735179e+01 -2.196923969964779677e-01 1.000000000000000056e-01
4.859437751004016093e+01 6.240032444500070996e-02 1.000000000000000056e-01
4.899598393574297006e+01 2.318865434914825496e-01 1.000000000000000056e-01
4.939759036144578630e+01 2.970442632007130879e-01 1.000000000000000056e-01
4.979919678714859543e+01 8.096688998463852371e-01 1.000000000000000056e-01
5.020080321285140457e+01 4.428616197771706453e-01 1.000000000000000056e-01
5.060240963855421370e+01 -2.653441292669955764e-01 1.000000000000000056e-01
5.100401606425702994e+01 -8.368562650993918162e-01 1.000000000000000056e-01
5.140562248995983907e+01 -1.121197202478231736e+00 1.000000000000000056e-01
5.180722891566264821e+01 -8.184315823835880410e-01 1.000000000000000056e-01
5.220883534136546444e+01 -4.514053951411500787e-01 1.000000000000000056e-01
5.261044176706827358e+01 -1.079321848330095784e-01 1.000000000000000056e-01
5.301204819277108271e+01 6.708944437821211249e-02 1.000000000000000056e-01
5.341365461847389184e+01 -1.413027092814756469e-01 1.000000000000000056e-01
5.381526104417670808e+01 -2.271993432761574838e-01 1.000000000000000056e-01
5.421686746987951722e+01 -5.164617060073417587e-01 1.000000000000000056e-01
5.461847389558232635e+01 -1.019254010085543838e+00 1.000000000000000056e-01
5.502008032128514259e+01 -1.507445878381811877e+00 1.000000000000000056e-01
5.542168674698795172e+01 -2.018383971932024679e+00 1.000000000000000056e-01
5.582329317269076085e+01 -2.041562099166473132e+00 1.000000000000000056e-01
5.622489959839357709e+01 -1.340474992507581842e+00 1.000000000000000056e-01
5.662650602409638623e+01 -7.463271480425194560e-02 1.000000000000000056e-01
5.702811244979919536e+01 1.091002250640446425e+00 1.000000000000000056e-01
5.742971887550200449e+01 1.387086424704964127e+00 1.000000000000000056e-01
5.783132530120482073e+01 1.215468428071865947e+00 1.000000000000000056e-01
5.823293172690762987e+01 1.086425638173670771e+00 1.000000000000000056e-01
5.863453815261043900e+01 1.074743429481628265e+00 1.000000000000000056e-01
5.903614457831325524e+01 1.147431955722924890e+00 1.000000000000000056e-01
5.943775100401606437e+01 7.917217750335643345e-01 1.000000000000000056e-01
5.983935742971887350e+01 5.474534131322490449e-01 1.000000000000000056e-01
6.024096385542168974e+01 7.236892938981077661e-01 1.000000000000000056e-01
6.064257028112449888e+01 9.819668094327593799e-01 1.000000000000000056e-01
6.104417670682730801e+01 1.280923572238422681e+00 1.000000000000000056e-01
6.144578313253011714e+01 1.573704859860085570e+00 1.000000000000000056e-01
6.184738955823293338e+01 1.454880334671768694e+00 1.000000000000000056e-01
6.224899598393574252e+01 1.380806484017894409e+00 1.000000000000000056e-01
6.265060240963855165e+01 9.599398568519668107e-01 1.000000000000000056e-01
6.305220883534136789e+01 3.144028317424507613e-01 1.000000000000000056e-01
6.345381526104417702e+01 1.104145515090351748e-02 1.000000000000000056e-01
6.385542168674698615e+01 2.971017677441891158e-01 1.000000000000000056e-01
6.425702811244980239e+01 3.423274801785623489e-01 1.000000000000000056e-01
6.465863453815261153e+01 -5.829311035866549529e-03 1.000000000000000056e-01
6.506024096385542066e+01 -5.010375268299009921e-01 1.000000000000000056e-01
6.546184738955822979e+01 -5.172144187718389352e-01 1.000000000000000056e-01
6.586345381526103893e+01 3.929359214017491553e-02 1.000000000000000056e-01
6.626506024096384806e+01 1.262689343116677465e+00 1.000000000000000056e-01
6.666666666666667140e+01 2.454926407826633739e+00 1.000000000000000056e-01
6.706827309236948054e+01 2.808670376352083942e+00 1.000000000000000056e-01
6.746987951807228967e+01 2.649287336106947777e+00 1.000000000000000056e-01
6.787148594377509880e+01 1.942280905165437943e+00 1.000000000000000056e-01
6.827309236947790794e+01 1.197646059454212653e+00 1.000000000000000056e-01
6.867469879518071707e+01 8.410382165291001577e-01 1.000000000000000056e-01
6.907630522088354041e+01 6.260627637915707755e-01 1.000000000000000056e-01
6.947791164658634955e+01 9.171304493024496907e-01 1.000000000000000056e-01
6.987951807228915868e+01 1.270740868904708387e+00 1.000000000000000056e-01
7.028112449799196781e+01 1.244730708259015328e+00 1.000000000000000056e-01
7.068273092369477695e+01 8.196771736231903693e-01 1.000000000000000056e-01
7.108433734939758608e+01 1.638852791289452659e-01 1.000000000000000056e-01
7.148594377510039521e+01 -4.572999347522352376e-01 1.000000000000000056e-01
7.188755020080321856e+01 -8.960087386088539940e-01 1.000000000000000056e-01
7.228915662650602769e+01 -2.865861103267897114e-01 1.000000000000000056e-01
7.269076305220883683e+01 2.446822907483360288e-01 1.000000000000000056e-01
7.309236947791164596e+01 5.210756513762451192e-01 1.000000000000000056e-01
7.349397590361445509e+01 6.665858715823084202e-01 1.000000000000000056e-01
7.389558232931726423e+01 1.282366630152977693e+00 1.000000000000000056e-01
7.429718875502007336e+01 2.094705556487247211e+00 1.000000000000000056e-01
7.469879518072289670e+01 2.830378927451236759e+00 1.000000000000000056e-01
7.510040160642570584e+01 3.380422613250262831e+00 1.000000000000000056e-01
7.550200803212851497e+01 2.782284730452130983e+00 1.000000000000000056e-01
7.590361445783132410e+01 2.345748770900335956e+00 1.000000000000000056e-01
7.630522088353413324e+01 2.241937346366411177e+00 1.000000000000000056e-01
7.670682730923694237e+01 2.803129236129348723e+00 1.000000000000000056e-01
7.710843373493975150e+01 3.421352664269620814e+00 1.000000000000000056e-01
7.751004016064257485e+01 3.820687141676570864e+00 1.000000000000000056e-01
7.791164658634538398e+01 3.463976097606770388e+00 1.000000000000000056e-01
7.831325301204819311e+01 2.918435686750961100e+00 1.000000000000000056e-01
7.871485943775100225e+01 2.053789809041747016e+00 1.000000000000000056e-01
7.911646586345381138e+01 1.475988404994695857e+00 1.000000000000000056e-01
7.951807228915662051e+01 1.367152652200227525e+00 1.000000000000000056e-01
7.991967871485944386e+01 1.285137832293596238e+00 1.000000000000000056e-01
8.032128514056225299e+01 1.041107938263993615e+00 1.000000000000000056e-01
8.072289156626506212e+01 3.217773513555611253e-01 1.000000000000000056e-01
8.112449799196787126e+01 -7.501219885564767154e-01 1.000000000000000056e-01
8.152610441767068039e+01 -1.608401480360484914e+00 1.000000000000000056e-01
8.192771084337348952e+01 -1.810441344102814876e+00 1.000000000000000056e-01
8.232931726907629866e+01 -1.258743011519146249e+00 1.000000000000000056e-01
8.273092369477912200e+01 -4.295953417893831339e-01 1.000000000000000056e-01
8.313253012048193114e+01 9.729700107232864825e-01 1.000000000000000056e-01
8.353413654618474027e+01 1.933181211908128638e+00 1.000000000000000056e-01
8.393574297188754940e+01 1.748821110805869106e+00 1.000000000000000056e-01
8.433734939759035854e+01 1.188101443064537355e+00 1.000000000000000056e-01
8.473895582329316767e+01 -2.096685157187507254e-01 1.000000000000000056e-01
8.514056224899597680e+01 -1.123070484752471954e+00 1.000000000000000056e-01
8.554216867469880015e+01 -1.345228561231041509e+00 1.000000000000000056e-01
8.594377510040160928e+01 -1.275712330101548053e+00 1.000000000000000056e-01
8.634538152610441841e+01 -1.745337440023309039e+00 1.000000000000000056e-01
8.674698795180722755e+01 -1.213756708614666779e+00 1.000000000000000056e-01
8.714859437751003668e+01 -3.349075156292489752e-01 1.000000000000000056e-01
8.755020080321284581e+01 3.069299419782523519e-01 1.000000000000000056e-01
8.795180722891566916e+01 3.936879977482026782e-01 1.000000000000000056e-01
8.835341365461847829e+01 3.688193680944460429e-01 1.000000000000000056e-01
8.875502008032128742e+01 4.953451098589831680e-01 1.000000000000000056e-01
8.915662650602409656e+01 5.515575831658093842e-01 1.000000000000000056e-01
8.955823293172690569e+01 2.304411775741338764e-01 1.000000000000000056e-01
8.995983935742971482e+01 4.924668260270483877e-01 1.000000000000000056e-01
9.036144578313252396e+01 3.986685103111173301e-01 1.000000000000000056e-01
9.076305220883534730e+01 5.587480633876867886e-01 1.000000000000000056e-01
9.116465863453815643e+01 5.999217016992136609e-01 1.000000000000000056e-01
9.156626506024096557e+01 6.786393479275106833e-01 1.000000000000000056e-01
9.196787148594377470e+01 4.459666641949405208e-01 1.000000000000000056e-01
9.236947791164658383e+01 2.765758220018291746e-01 1.000000000000000056e-01
9.277108433734939297e+01 7.438028342273018678e-01 1.000000000000000056e-01
9.317269076305220210e+01 1.059874841858126970e+00 1.000000000000000056e-01
9.357429718875502545e+01 1.545148278239223627e+00 1.000000000000000056e-01
9.397590361445783458e+01 1.614247948725868298e+00 1.000000000000000056e-01
9.437751004016064371e+01 1.866998573453026999e+00 1.000000000000000056e-01
9.477911646586345285e+01 1.990587958209379282e+00 1.000000000000000056e-01
9.518072289156626198e+01 1.625755043475702877e+00 1.000000000000000056e-01
9.558232931726907111e+01 9.408738995091234791e-01 1.000000000000000056e-01
9.598393574297188025e+01 6.956815999450199905e-01 1.000000000000000056e-01
9.638554216867470359e+01 5.636041974364881524e-01 1.000000000000000056e-01
9.678714859437751272e+01 6.213167534294972150e-01 1.000000000000000056e-01
9.718875502008032186e+01 4.161353136483434967e-01 1.000000000000000056e-01
9.759036144578313099e+01 3.107140793229203890e-01 1.000000000000000056e-01
9.799196787148594012e+01 -1.295968834990096630e-01 1.000000000000000056e-01
9.839357429718874926e+01 -2.810618906903842307e-01 1.000000000000000056e-01
9.879518072289157260e+01 -4.551297643174281871e-02 1.000000000000000056e-01
9.919678714859438173e+01 1.187999416752255843e+00 1.000000000000000056e-01
9.959839357429719087e+01 2.442779245667200616e+00 1.000000000000000056e-01
1.000000000000000000e+02 3.163218785081475914e+00 1.000000000000000056e-01
