0.000000000000000000e+00 -1.787541917499614996e+00 1.000000000000000056e-01
4.016064257028112428e-01 -1.667338681310763127e+00 1.000000000000000056e-01
8.032128514056224855e-01 -1.163360681760063908e+00 1.000000000000000056e-01
1.204819277108433617e+00 -8.213406830004430503e-01 1.000000000000000056e-01
1.606425702811244971e+00 -3.206806305399146351e-01 1.000000000000000056e-01
2.008032128514056325e+00 -3.892175549817324109e-02 1.000000000000000056e-01
2.409638554216867234e+00 -1.889793288255987302e-01 1.000000000000000056e-01
2.811244979919678588e+00 -1.107551877183114541e+00 1.000000000000000056e-01
3.212851405622489942e+00 -2.083159355564724091e+00 1.000000000000000056e-01
3.614457831325301296e+00 -2.691724356923022921e+00 1.000000000000000056e-01
4.016064257028112650e+00 -2.620892186992499262e+00 1.000000000000000056e-01
4.417670682730923559e+00 -1.850234387398912661e+00 1.000000000000000056e-01
4.819277108433734469e+00 -1.032960345134438462e+00 1.000000000000000056e-01
5.220883534136546267e+00 -1.000320155130532518e+00 1.000000000000000056e-01
5.622489959839357176e+00 -1.112336185486241247e+00 1.000000000000000056e-01
6.024096385542168974e+00 -1.754578595811167707e+00 1.000000000000000056e-01
6.425702811244979884e+00 -2.204427582495523286e+00 1.000000000000000056e-01
6.827309236947790794e+00 -1.599003980329746222e+00 1.000000000000000056e-01
7.228915662650602592e+00 -3.894932982493122253e-01 1.000000000000000056e-01
7.630522088353413501e+00 -3.392914201785693917e-01 1.000000000000000056e-01
8.032128514056225299e+00 -7.831498085465409265e-01 1.000000000000000056e-01
8.433734939759036209e+00 -1.155554532930814338e+00 1.000000000000000056e-01
8.835341365461847118e+00 -7.493906064657803734e-01 1.000000000000000056e-01
9.236947791164658028e+00 3.987151186523634205e-01 1.000000000000000056e-01
9.638554216867468938e+00 1.783473230162330170e+00 1.000000000000000056e-01
1.004016064257028162e+01 2.769074348287050125e+00 1.000000000000000056e-01
1.044176706827309253e+01 1.865981161492236140e+00 1.000000000000000056e-01
1.084337349397590344e+01 -2.156528291209070247e-01 1.000000000000000056e-01
1.124497991967871435e+01 -1.899911042857620691e+00 1.000000000000000056e-01
1.164658634538152526e+01 -2.896161981172564737e+00 1.000000000000000056e-01
1.204819277108433795e+01 -2.439677045065651750e+00 1.000000000000000056e-01
1.244979919678714886e+01 -1.938938448322081953e+00 1.000000000000000056e-01
1.285140562248995977e+01 -9.760820364101008284e-01 1.000000000000000056e-01
1.325301204819277068e+01 9.188036554140438517e-02 1.000000000000000056e-01
1.365461847389558159e+01 7.373691158354709341e-01 1.000000000000000056e-01
1.405622489959839427e+01 3.931375299681693636e-01 1.000000000000000056e-01
1.445783132530120518e+01 7.057446993798657253e-01 1.000000000000000056e-01
1.485943775100401609e+01 1.515083887782822103e+00 1.000000000000000056e-01
1.526104417670682700e+01 2.568830385094218016e+00 1.000000000000000056e-01
1.566265060240963791e+01 3.191091918700751595e+00 1.000000000000000056e-01
1.606425702811245060e+01 2.828191354104053090e+00 1.000000000000000056e-01
1.646586345381525973e+01 2.106135352770728719e+00 1.000000000000000056e-01
1.686746987951807242e+01 9.461506203025220607e-01 1.000000000000000056e-01
1.726907630522088510e+01 -1.068717974142062710e-01 1.000000000000000056e-01
1.767068273092369424e+01 -8.541507525557363589e-01 1.000000000000000056e-01
1.807228915662650692e+01 -1.286910428903276449e+00 1.000000000000000056e-01
1.847389558232931606e+01 -1.576891066731590740e+00 1.000000000000000056e-01
1.887550200803212874e+01 -9.110889252271138217e-01 1.000000000000000056e-01
1.927710843373493788e+01 1.077785922779806338e+00 1.000000000000000056e-01
1.967871485943775056e+01 1.857437604741783765e+00 1.000000000000000056e-01
2.008032128514056325e+01 1.219437326584249970e+00 1.000000000000000056e-01
2.048192771084337238e+01 4.890916339312915140e-01 1.000000000000000056e-01
2.088353413654618507e+01 6.309941861144294784e-01 1.000000000000000056e-01
2.128514056224899420e+01 8.782061782084081836e-01 1.000000000000000056e-01
2.168674698795180689e+01 5.820871499688469175e-01 1.000000000000000056e-01
2.208835341365461957e+01 -4.000969262316215191e-01 1.000000000000000056e-01
2.248995983935742871e+01 -5.343997439617014233e-01 1.000000000000000056e-01
2.289156626506024139e+01 -3.129452472517918471e-01 1.000000000000000056e-01
2.329317269076305053e+01 1.118888644665444604e-01 1.000000000000000056e-01
2.369477911646586321e+01 6.639788055618537355e-01 1.000000000000000056e-01
2.409638554216867590e+01 9.576176042661671550e-01 1.000000000000000056e-01
2.449799196787148503e+01 6.105212761612741623e-01 1.000000000000000056e-01
2.489959839357429772e+01 -5.252762921680506070e-01 1.000000000000000056e-01
2.530120481927710685e+01 -1.285555840667851335e+00 1.000000000000000056e-01
2.570281124497991954e+01 -1.585512775910230543e+00 1.000000000000000056e-01
2.610441767068273222e+01 -1.713785752825843778e+00 1.000000000000000056e-01
2.650602409638554136e+01 -2.482201215435159813e+00 1.000000000000000056e-01
2.690763052208835404e+01 -3.102396238372884696e+00 1.000000000000000056e-01
2.730923694779116317e+01 -2.669425957653249970e+00 1.000000000000000056e-01
2.771084337349397586e+01 -1.664958624104620144e+00 1.000000000000000056e-01
2.811244979919678855e+01 -3.329808516871289314e-01 1.000000000000000056e-01
2.851405622489959768e+01 8.160767967037289017e-01 1.000000000000000056e-01
2.891566265060241037e+01 8.782397189903562440e-01 1.000000000000000056e-01
2.931726907630521950e+01 -1.262210409172720982e-01 1.000000000000000056e-01
2.971887550200803219e+01 -2.842019649652947622e-01 1.000000000000000056e-01
3.012048192771084487e+01 -6.073671624026218963e-01 1.000000000000000056e-01
3.052208835341365400e+01 -1.205579641739918273e+00 1.000000000000000056e-01
3.092369477911646669e+01 -2.036273128542381627e+00 1.000000000000000056e-01
3.132530120481927582e+01 -2.175596311553969375e+00 1.000000000000000056e-01
3.172690763052208851e+01 -1.334275773596345083e+00 1.000000000000000056e-01
3.212851405622490120e+01 -7.306729799224742639e-01 1.000000000000000056e-01
3.253012048192771033e+01 -4.216174478720782215e-01 1.000000000000000056e-01
3.293172690763051946e+01 -4.332684864658242763e-01 1.000000000000000056e-01
3.333333333333333570e+01 5.713586070370934022e-01 1.000000000000000056e-01
3.373493975903614484e+01 1.970555091783522395e+00 1.000000000000000056e-01
3.413654618473895397e+01 2.224984714028863220e+00 1.000000000000000056e-01
3.453815261044177021e+01 1.500233095256121141e+00 1.000000000000000056e-01
3.493975903614457934e+01 8.487947580285386262e-02 1.000000000000000056e-01
3.534136546184738847e+01 -7.534834783800324898e-01 1.000000000000000056e-01
3.574297188755019761e+01 -7.742019599343641367e-01 1.000000000000000056e-01
3.614457831325301385e+01 -5.637500707863701832e-01 1.000000000000000056e-01
3.654618473895582298e+01 -7.892472304326404453e-01 1.000000000000000056e-01
3.694779116465863211e+01 -1.706061991710280390e+00 1.000000000000000056e-01
3.734939759036144835e+01 -2.570905060505741524e+00 1.000000000000000056e-01
3.775100401606425748e+01 -3.087531253437014289e+00 1.000000000000000056e-01
3.815261044176706662e+01 -2.681212443583783411e+00 1.000000000000000056e-01
3.855421686746987575e+01 -1.631437959844159069e+00 1.000000000000000056e-01
3.895582329317269199e+01 -4.336917865143444240e-01 1.000000000000000056e-01
3.935742971887550112e+01 -7.003951658085535992e-02 1.000000000000000056e-01
3.975903614457831026e+01 2.815386455533445131e-01 1.000000000000000056e-01
4.016064257028112650e+01 -4.721953397943377539e-01 1.000000000000000056e-01
4.056224899598393563e+01 -2.387765741661171948e+00 1.000000000000000056e-01
4.096385542168674476e+01 -3.228631270222347638e+00 1.000000000000000056e-01
4.136546184738956100e+01 -2.883109585138050601e+00 1.000000000000000056e-01
4.176706827309237013e+01 -1.088456848617917805e+00 1.000000000000000056e-01
4.216867469879517927e+01 1.337616108151389871e-01 1.000000000000000056e-01
4.257028112449798840e+01 1.336328665129947302e+00 1.000000000000000056e-01
4.297188755020080464e+01 2.244909063902969848e+00 1.000000000000000056e-01
4.337349397590361377e+01 2.672153597297015626e+00 1.000000000000000056e-01
4.377510040160642291e+01 2.166032907991686685e+00 1.000000000000000056e-01
4.417670682730923915e+01 1.307356778812215126e+00 1.000000000000000056e-01
4.457831325301204828e+01 5.568226324026862573e-01 1.000000000000000056e-01
4.497991967871485741e+01 -2.837531945326888239e-01 1.000000000000000056e-01
4.538152610441767365e+01 -3.284550359629121452e-01 1.000000000000000056e-01
4.578313253012048278e+01 -3.072636791796643646e-02 1.000000000000000056e-01
4.618473895582329192e+01 6.937766725775076360e-01 1.000000000000000056e-01
4.658634538152610105e+01 9.449409521419438462e-01 1.000000000000000056e-01
4.698795180722891729e+01 5.028746782033177709e-01 1.000000000000000056e-01
4.738955823293172642e+01 -7.256056812737932127e-01 1.000000000000000056e-01
4.779116465863453556e+01 -2.338493687372507068e+00 1.000000000000000056e-01
4.819277108433735179e+01 -2.646263893145117674e+00 1.000000000000000056e-01
4.859437751004016093e+01 -1.006335889939474537e+00 1.000000000000000056e-01
4.899598393574297006e+01 6.776574108911719296e-01 1.000000000000000056e-01
4.939759036144578630e+01 1.641542332505064594e-01 1.000000000000000056e-01
4.979919678714859543e+01 -8.562507662494973637e-01 1.000000000000000056e-01
5.020080321285140457e+01 -8.260088983146611774e-01 1.000000000000000056e-01
5.060240963855421370e+01 -4.801964615359197719e-01 1.000000000000000056e-01
5.100401606425702994e+01 -1.089147742994381884e+00 1.000000000000000056e-01
5.140562248995983907e+01 -1.772754385056490412e+00 1.000000000000000056e-01
5.180722891566264821e+01 -1.841229314016442853e+00 1.000000000000000056e-01
5.220883534136546444e+01 -1.289718077217467895e+00 1.000000000000000056e-01
5.261044176706827358e+01 8.810473411452154902e-02 1.000000000000000056e-01
5.301204819277108271e+01 6.684128762663960055e-01 1.000000000000000056e-01
5.341365461847389184e+01 -2.111686412030714666e-01 1.000000000000000056e-01
5.381526104417670808e+01 -2.160690145637714554e+00 1.000000000000000056e-01
5.421686746987951722e+01 -3.065746357532937783e+00 1.000000000000000056e-01
5.461847389558232635e+01 -1.572492614641324060e+00 1.000000000000000056e-01
5.502008032128514259e+01 3.588733369991570776e-01 1.000000000000000056e-01
5.542168674698795172e+01 1.162140819130567548e+00 1.000000000000000056e-01
5.582329317269076085e+01 1.576231988349352520e+00 1.000000000000000056e-01
5.622489959839357709e+01 1.230176505722659464e+00 1.000000000000000056e-01
5.662650602409638623e+01 1.676060091391570750e-01 1.000000000000000056e-01
5.702811244979919536e+01 -3.483453541924748653e-01 1.000000000000000056e-01
5.742971887550200449e+01 1.679765939804904185e-01 1.000000000000000056e-01
5.783132530120482073e+01 -1.656832956208277308e-01 1.000000000000000056e-01
5.823293172690762987e+01 -9.036792798028263629e-01 1.000000000000000056e-01
5.863453815261043900e+01 -9.369835389676387516e-01 1.000000000000000056e-01
5.903614457831325524e+01 -3.570308183858801332e-01 1.000000000000000056e-01
5.943775100401606437e+01 -4.149772804971721407e-01 1.000000000000000056e-01
5.983935742971887350e+01 -1.360372711348371899e+00 1.000000000000000056e-01
6.024096385542168974e+01 -8.614134787569263096e-01 1.000000000000000056e-01
6.064257028112449888e+01 3.684694916623490468e-01 1.000000000000000056e-01
6.104417670682730801e+01 1.218493703283844543e+00 1.000000000000000056e-01
6.144578313253011714e+01 1.222771491998519311e+00 1.000000000000000056e-01
6.184738955823293338e+01 9.785929266493894607e-01 1.000000000000000056e-01
6.224899598393574252e+01 1.213532716770741704e+00 1.000000000000000056e-01
6.265060240963855165e+01 1.331488074495741802e+00 1.000000000000000056e-01
6.305220883534136789e+01 1.246020907650556397e+00 1.000000000000000056e-01
6.345381526104417702e+01 8.593440377917019868e-01 1.000000000000000056e-01
6.385542168674698615e+01 2.647729003835819217e-02 1.000000000000000056e-01
6.425702811244980239e+01 3.469887749477261751e-01 1.000000000000000056e-01
6.465863453815261153e+01 1.376547205271560159e+00 1.000000000000000056e-01
6.506024096385542066e+01 2.452201235102938082e+00 1.000000000000000056e-01
6.546184738955822979e+01 2.363882989874845908e+00 1.000000000000000056e-01
6.586345381526103893e+01 2.044089472873985791e+00 1.000000000000000056e-01
6.626506024096384806e+01 1.933181484186644816e+00 1.000000000000000056e-01
6.666666666666667140e+01 2.045286067646391537e+00 1.000000000000000056e-01
6.706827309236948054e+01 1.748118027946353958e+00 1.000000000000000056e-01
6.746987951807228967e+01 1.368365815129609420e+00 1.000000000000000056e-01
6.787148594377509880e+01 1.428420203343531369e+00 1.000000000000000056e-01
6.827309236947790794e+01 1.502290388301702917e+00 1.000000000000000056e-01
6.867469879518071707e+01 1.106834069853009694e+00 1.000000000000000056e-01
6.907630522088354041e+01 -2.028331296427495767e-01 1.000000000000000056e-01
6.947791164658634955e+01 -1.703466577542197546e+00 1.000000000000000056e-01
6.987951807228915868e+01 -2.192683574501822719e+00 1.000000000000000056e-01
7.028112449799196781e+01 -1.939658312602130064e+00 1.000000000000000056e-01
7.068273092369477695e+01 -1.849091402313131072e+00 1.000000000000000056e-01
7.108433734939758608e+01 -2.062879729744486301e+00 1.000000000000000056e-01
7.148594377510039521e+01 -1.688156908081374530e+00 1.000000000000000056e-01
7.188755020080321856e+01 -1.183654988969761401e+00 1.000000000000000056e-01
7.228915662650602769e+01 -6.400733921830066286e-01 1.000000000000000056e-01
7.269076305220883683e+01 2.939201971244930212e-01 1.000000000000000056e-01
7.309236947791164596e+01 1.060154434454362971e+00 1.000000000000000056e-01
7.349397590361445509e+01 1.463244158619537494e+00 1.000000000000000056e-01
7.389558232931726423e+01 1.539699305524244277e+00 1.000000000000000056e-01
7.429718875502007336e+01 1.339837125120545425e+00 1.000000000000000056e-01
7.469879518072289670e+01 5.857438978317748290e-01 1.000000000000000056e-01
7.510040160642570584e+01 4.201746867141983310e-01 1.000000000000000056e-01
7.550200803212851497e+01 1.115678183758858966e+00 1.000000000000000056e-01
7.590361445783132410e+01 1.252924803701478185e+00 1.000000000000000056e-01
7.630522088353413324e+01 1.460857372521263464e+00 1.000000000000000056e-01
7.670682730923694237e+01 1.610496492051910034e+00 1.000000000000000056e-01
7.710843373493975150e+01 6.512128143830014926e-01 1.000000000000000056e-01
7.751004016064257485e+01 -6.678379924636477227e-01 1.000000000000000056e-01
7.791164658634538398e+01 -1.799312571301146635e+00 1.000000000000000056e-01
7.831325301204819311e+01 -2.861045298358060762e+00 1.000000000000000056e-01
7.871485943775100225e+01 -3.641715524975442264e+00 1.000000000000000056e-01
7.911646586345381138e+01 -3.334911473394955195e+00 1.000000000000000056e-01
7.951807228915662051e+01 -2.260087066074231821e+00 1.000000000000000056e-01
7.991967871485944386e+01 -1.677696405046938732e+00 1.000000000000000056e-01
8.032128514056225299e+01 -1.743341990861943858e+00 1.000000000000000056e-01
8.072289156626506212e+01 -1.422354928712597388e+00 1.000000000000000056e-01
8.112449799196787126e+01 -4.030086597810887405e-01 1.000000000000000056e-01
8.152610441767068039e+01 6.296953116633776659e-01 1.000000000000000056e-01
8.192771084337348952e+01 9.982255716139857293e-01 1.000000000000000056e-01
8.232931726907629866e+01 -9.475821563648537116e-02 1.000000000000000056e-01
8.273092369477912200e+01 -8.116301094894127210e-01 1.000000000000000056e-01
8.313253012048193114e+01 -9.207294847087654777e-01 1.000000000000000056e-01
8.353413654618474027e+01 -6.562435799257322344e-01 1.000000000000000056e-01
8.393574297188754940e+01 -2.654191590848987703e-01 1.000000000000000056e-01
8.433734939759035854e+01 -9.575521853582589227e-01 1.000000000000000056e-01
8.473895582329316767e+01 -1.849526350708921463e+00 1.000000000000000056e-01
8.514056224899597680e+01 -1.822765652811390469e+00 1.000000000000000056e-01
8.554216867469880015e+01 -1.563946043088020765e+00 1.000000000000000056e-01
8.594377510040160928e+01 -9.964317238003735921e-01 1.000000000000000056e-01
8.634538152610441841e+01 2.176970492384877609e-02 1.000000000000000056e-01
8.674698795180722755e+01 6.633035599718803965e-01 1.000000000000000056e-01
8.714859437751003668e+01 7.634828654965339356e-02 1.000000000000000056e-01
8.755020080321284581e+01 -4.745216181294029112e-01 1.000000000000000056e-01
8.795180722891566916e+01 -4.766138315894384303e-01 1.000000000000000056e-01
8.835341365461847829e+01 -3.637019412669129093e-01 1.000000000000000056e-01
8.875502008032128742e+01 1.396534965441096343e-01 1.000000000000000056e-01
8.915662650602409656e+01 7.256655156019501396e-01 1.000000000000000056e-01
8.955823293172690569e+01 6.749254983367288796e-01 1.000000000000000056e-01
8.995983935742971482e+01 6.844066753638926581e-01 1.000000000000000056e-01
9.036144578313252396e+01 1.237453446690938152e+00 1.000000000000000056e-01
9.076305220883534730e+01 2.136167680844291539e+00 1.000000000000000056e-01
9.116465863453815643e+01 1.465471508077703655e+00 1.000000000000000056e-01
9.156626506024096557e+01 2.665464357649287575e-01 1.000000000000000056e-01
9.196787148594377470e+01 -5.276760857243149028e-01 1.000000000000000056e-01
9.236947791164658383e+01 -8.670653442691695911e-01 1.000000000000000056e-01
9.277108433734939297e+01 -3.841138887536130753e-01 1.000000000000000056e-01
9.317269076305220210e+01 2.745376149977537539e-01 1.000000000000000056e-01
9.357429718875502545e+01 1.175573979060034580e+00 1.000000000000000056e-01
9.397590361445783458e+01 1.111645416635413941e+00 1.000000000000000056e-01
9.437751004016064371e+01 7.910628220850045578e-01 1.000000000000000056e-01
9.477911646586345285e+01 4.312192439352878770e-01 1.000000000000000056e-01
9.518072289156626198e+01 1.591809813272852259e-01 1.000000000000000056e-01
9.558232931726907111e+01 -1.386439178701555641e-01 1.000000000000000056e-01
9.598393574297188025e+01 -1.889563664546138333e-01 1.000000000000000056e-01
9.638554216867470359e+01 -1.303233720300739362e-02 1.000000000000000056e-01
9.678714859437751272e+01 1.502224366005321665e-01 1.000000000000000056e-01
9.718875502008032186e+01 -5.145160236836416878e-01 1.000000000000000056e-01
9.759036144578313099e+01 -2.263615464287538792e+00 1.000000000000000056e-01
9.799196787148594012e+01 -3.917858337237761113e+00 1.000000000000000056e-01
9.839357429718874926e+01 -4.061819366061667935e+00 1.000000000000000056e-01
9.879518072289157260e+01 -2.740129972644453904e+00 1.000000000000000056e-01
9.919678714859438173e+01 -1.100563071485638256e+00 1.000000000000000056e-01
9.959839357429719087e+01 -7.970793013053403264e-01 1.000000000000000056e-01
1.000000000000000000e+02 -1.742509251806781734e+00 1.000000000000000056e-01
