0.000000000000000000e+00 -3.222232830524913716e-01 1.000000000000000056e-01
4.016064257028112428e-01 -6.429057476797034321e-01 1.000000000000000056e-01
8.032128514056224855e-01 -2.586071546154308787e-01 1.000000000000000056e-01
1.204819277108433617e+00 4.138056895522576606e-01 1.000000000000000056e-01
1.606425702811244971e+00 1.508110099941774029e+00 1.000000000000000056e-01
2.008032128514056325e+00 2.077684848887101587e+00 1.000000000000000056e-01
2.409638554216867234e+00 2.147491608303018218e+00 1.000000000000000056e-01
2.811244979919678588e+00 1.363419794225963599e+00 1.000000000000000056e-01
3.212851405622489942e+00 5.092769290235296120e-01 1.000000000000000056e-01
3.614457831325301296e+00 -4.997835923406963587e-01 1.000000000000000056e-01
4.016064257028112650e+00 -6.886998227162526298e-01 1.000000000000000056e-01
4.417670682730923559e+00 -2.621659198616618225e-01 1.000000000000000056e-01
4.819277108433734469e+00 9.324626484236864243e-01 1.000000000000000056e-01
5.220883534136546267e+00 1.846949328880897134e+00 1.000000000000000056e-01
5.622489959839357176e+00 2.121392801969355091e+00 1.000000000000000056e-01
6.024096385542168974e+00 1.212688375212522374e+00 1.000000000000000056e-01
6.425702811244979884e+00 1.637224260146699362e-01 1.000000000000000056e-01
6.827309236947790794e+00 -7.710974730879739392e-01 1.000000000000000056e-01
7.228915662650602592e+00 -1.219231252118913922e+00 1.000000000000000056e-01
7.630522088353413501e+00 -1.230554895760400891e+00 1.000000000000000056e-01
8.032128514056225299e+00 -1.336541096952822860e+00 1.000000000000000056e-01
8.433734939759036209e+00 -9.461067197686545693e-01 1.000000000000000056e-01
8.835341365461847118e+00 -6.906638163403260311e-01 1.000000000000000056e-01
9.236947791164658028e+00 2.229897329670886830e-01 1.000000000000000056e-01
9.638554216867468938e+00 1.194762268043097597e+00 1.000000000000000056e-01
1.004016064257028162e+01 1.962156545359048376e+00 1.000000000000000056e-01
1.044176706827309253e+01 2.160260551301005805e+00 1.000000000000000056e-01
1.084337349397590344e+01 2.081489969077222835e+00 1.000000000000000056e-01
1.124497991967871435e+01 1.084601572647745371e+00 1.000000000000000056e-01
1.164658634538152526e+01 3.313508417201191936e-01 1.000000000000000056e-01
1.204819277108433795e+01 2.936752343257124642e-01 1.000000000000000056e-01
1.244979919678714886e+01 4.509013082678424156e-01 1.000000000000000056e-01
1.285140562248995977e+01 6.593057447897081591e-01 1.000000000000000056e-01
1.325301204819277068e+01 7.733706139207839891e-01 1.000000000000000056e-01
1.365461847389558159e+01 1.223590403149819927e+00 1.000000000000000056e-01
1.405622489959839427e+01 2.440919915817207464e+00 1.000000000000000056e-01
1.445783132530120518e+01 3.670647526825900897e+00 1.000000000000000056e-01
1.485943775100401609e+01 3.837237598455469634e+00 1.000000000000000056e-01
1.526104417670682700e+01 3.251882255993201909e+00 1.000000000000000056e-01
1.566265060240963791e+01 1.746174506061864307e+00 1.000000000000000056e-01
1.606425702811245060e+01 7.372561858731823126e-01 1.000000000000000056e-01
1.646586345381525973e+01 -3.276137174730253676e-01 1.000000000000000056e-01
1.686746987951807242e+01 -1.288986968439214342e+00 1.000000000000000056e-01
1.726907630522088510e+01 -2.334005364655376891e+00 1.000000000000000056e-01
1.767068273092369424e+01 -2.429537959894079169e+00 1.000000000000000056e-01
1.807228915662650692e+01 -2.682257248350798928e+00 1.000000000000000056e-01
1.847389558232931606e+01 -2.288781429260919875e+00 1.000000000000000056e-01
1.887550200803212874e+01 -1.758296300010739444e+00 1.000000000000000056e-01
1.927710843373493788e+01 -1.397503622911950405e+00 1.000000000000000056e-01
1.967871485943775056e+01 -1.236254418065428018e+00 1.000000000000000056e-01
2.008032128514056325e+01 -1.373173557396999200e+00 1.000000000000000056e-01
2.048192771084337238e+01 -1.359532664710193073e+00 1.000000000000000056e-01
2.088353413654618507e+01 -8.057985032487472443e-01 1.000000000000000056e-01
2.128514056224899420e+01 3.554698175650249370e-01 1.000000000000000056e-01
2.168674698795180689e+01 1.684627256999331468e+00 1.000000000000000056e-01
2.208835341365461957e+01 3.188204491392154782e+00 1.000000000000000056e-01
2.248995983935742871e+01 3.604957003359227752e+00 1.000000000000000056e-01
2.289156626506024139e+01 3.369510482330268619e+00 1.000000000000000056e-01
2.329317269076305053e+01 2.470587729835215907e+00 1.000000000000000056e-01
2.369477911646586321e+01 1.427119085478251614e+00 1.000000000000000056e-01
2.409638554216867590e+01 6.174654806527468676e-01 1.000000000000000056e-01
2.449799196787148503e+01 6.377925675435888730e-02 1.000000000000000056e-01
2.489959839357429772e+01 -2.826985893976410313e-01 1.000000000000000056e-01
2.530120481927710685e+01 -5.004485090441468387e-01 1.000000000000000056e-01
2.570281124497991954e+01 -6.160698203895756953e-01 1.000000000000000056e-01
2.610441767068273222e+01 -1.037457335130015590e+00 1.000000000000000056e-01
2.650602409638554136e+01 -1.062603265745845960e+00 1.000000000000000056e-01
2.690763052208835404e+01 -7.495855655120335914e-01 1.000000000000000056e-01
2.730923694779116317e+01 8.700043239287469365e-02 1.000000000000000056e-01
2.771084337349397586e+01 1.452891211182889775e+00 1.000000000000000056e-01
2.811244979919678855e+01 1.919578167255364232e+00 1.000000000000000056e-01
2.851405622489959768e+01 1.429939285387029635e+00 1.000000000000000056e-01
2.891566265060241037e+01 8.274031131640513514e-01 1.000000000000000056e-01
2.931726907630521950e+01 -2.191487107045752836e-01 1.000000000000000056e-01
2.971887550200803219e+01 -8.059433492791250320e-01 1.000000000000000056e-01
3.012048192771084487e+01 -2.043111360716908464e+00 1.000000000000000056e-01
3.052208835341365400e+01 -2.460618220200871509e+00 1.000000000000000056e-01
3.092369477911646669e+01 -2.550384227099246726e+00 1.000000000000000056e-01
3.132530120481927582e+01 -1.844882302873527502e+00 1.000000000000000056e-01
3.172690763052208851e+01 -1.124742581427532029e+00 1.000000000000000056e-01
3.212851405622490120e+01 -2.460952271548808024e-01 1.000000000000000056e-01
3.253012048192771033e+01 3.473474214394190462e-01 1.000000000000000056e-01
3.293172690763051946e+01 3.168766836125816444e-01 1.000000000000000056e-01
3.333333333333333570e+01 -2.443460734571744342e-01 1.000000000000000056e-01
3.373493975903614484e+01 -7.448020225663162242e-01 1.000000000000000056e-01
3.413654618473895397e+01 -1.280628249920823247e+00 1.000000000000000056e-01
3.453815261044177021e+01 -1.603050281264684074e+00 1.000000000000000056e-01
3.493975903614457934e+01 -1.389276124980077354e+00 1.000000000000000056e-01
3.534136546184738847e+01 -9.172307761072930887e-01 1.000000000000000056e-01
3.574297188755019761e+01 -6.224128309633730760e-01 1.000000000000000056e-01
3.614457831325301385e+01 -1.687830208912342173e-02 1.000000000000000056e-01
3.654618473895582298e+01 6.299997486720941842e-01 1.000000000000000056e-01
3.694779116465863211e+01 1.087927725907054555e+00 1.000000000000000056e-01
3.734939759036144835e+01 1.360934175013194025e+00 1.000000000000000056e-01
3.775100401606425748e+01 1.095519632427076395e+00 1.000000000000000056e-01
3.815261044176706662e+01 8.720269931024577925e-01 1.000000000000000056e-01
3.855421686746987575e+01 5.169633524435794936e-01 1.000000000000000056e-01
3.895582329317269199e+01 1.861566087846899809e-01 1.000000000000000056e-01
3.935742971887550112e+01 2.486708569088430798e-01 1.000000000000000056e-01
3.975903614457831026e+01 -1.251685723906832415e-01 1.000000000000000056e-01
4.016064257028112650e+01 -3.372094184603483535e-01 1.000000000000000056e-01
4.056224899598393563e+01 -3.196492092836042964e-01 1.000000000000000056e-01
4.096385542168674476e+01 5.657364647644207156e-03 1.000000000000000056e-01
4.136546184738956100e+01 1.645019689872691537e-01 1.000000000000000056e-01
4.176706827309237013e+01 3.913882269328049501e-01 1.000000000000000056e-01
4.216867469879517927e+01 4.451080064029130368e-01 1.000000000000000056e-01
4.257028112449798840e+01 4.383709148485428475e-01 1.000000000000000056e-01
4.297188755020080464e+01 7.309485276268705700e-01 1.000000000000000056e-01
4.337349397590361377e+01 1.002300946518143832e+00 1.000000000000000056e-01
4.377510040160642291e+01 1.144551822059075574e+00 1.000000000000000056e-01
4.417670682730923915e+01 5.174649925486293212e-01 1.000000000000000056e-01
4.457831325301204828e+01 -9.214313490428124864e-02 1.000000000000000056e-01
4.497991967871485741e+01 -7.438445396777508822e-01 1.000000000000000056e-01
4.538152610441767365e+01 -4.233068574758561686e-01 1.000000000000000056e-01
4.578313253012048278e+01 -1.844318435688271363e-01 1.000000000000000056e-01
4.618473895582329192e+01 -5.431435242244275763e-01 1.000000000000000056e-01
4.658634538152610105e+01 -8.940213322457309930e-01 1.000000000000000056e-01
4.698795180722891729e+01 -7.844600042919044336e-01 1.000000000000000056e-01
4.738955823293172642e+01 -7.889476451958725711e-01 1.000000000000000056e-01
4.779116465863453556e+01 -4.983299127450838695e-01 1.000000000000000056e-01
4.819277108433735179e+01 -7.880654594544477254e-01 1.000000000000000056e-01
4.859437751004016093e+01 -8.434971739082084419e-01 1.000000000000000056e-01
4.899598393574297006e+01 -5.170328999835698269e-01 1.000000000000000056e-01
4.939759036144578630e+01 3.600045386045699902e-01 1.000000000000000056e-01
4.979919678714859543e+01 1.074489304876079077e+00 1.000000000000000056e-01
5.020080321285140457e+01 1.431552782447859107e+00 1.000000000000000056e-01
5.060240963855421370e+01 8.916471026012333656e-01 1.000000000000000056e-01
5.100401606425702994e+01 4.585175122354788468e-02 1.000000000000000056e-01
5.140562248995983907e+01 -8.329867724083561686e-02 1.000000000000000056e-01
5.180722891566264821e+01 -4.099366160803497028e-01 1.000000000000000056e-01
5.220883534136546444e+01 -5.339015675820373286e-01 1.000000000000000056e-01
5.261044176706827358e+01 -4.987121518172954460e-01 1.000000000000000056e-01
5.301204819277108271e+01 -3.397672054408510389e-01 1.000000000000000056e-01
5.341365461847389184e+01 -1.934280442065451355e-01 1.000000000000000056e-01
5.381526104417670808e+01 -5.303910700985942084e-01 1.000000000000000056e-01
5.421686746987951722e+01 -1.171588757968641537e-01 1.000000000000000056e-01
5.461847389558232635e+01 6.723391847142335953e-01 1.000000000000000056e-01
5.502008032128514259e+01 1.978508430225276449e+00 1.000000000000000056e-01
5.542168674698795172e+01 2.766147652771661747e+00 1.000000000000000056e-01
5.582329317269076085e+01 3.408981255946391453e+00 1.000000000000000056e-01
5.622489959839357709e+01 3.314837905719932198e+00 1.000000000000000056e-01
5.662650602409638623e+01 3.346637230441505295e+00 1.000000000000000056e-01
5.702811244979919536e+01 3.246341585330636992e+00 1.000000000000000056e-01
5.742971887550200449e+01 3.248858780881338948e+00 1.000000000000000056e-01
5.783132530120482073e+01 2.535074073474040013e+00 1.000000000000000056e-01
5.823293172690762987e+01 1.464565539147861362e+00 1.000000000000000056e-01
5.863453815261043900e+01 4.262541724789867259e-01 1.000000000000000056e-01
5.903614457831325524e+01 -5.311201636963076567e-01 1.000000000000000056e-01
5.943775100401606437e+01 -5.566226679822501300e-01 1.000000000000000056e-01
5.983935742971887350e+01 -5.752034610537105630e-01 1.000000000000000056e-01
6.024096385542168974e+01 -6.034600776532333954e-01 1.000000000000000056e-01
6.064257028112449888e+01 -1.975954512977345923e-01 1.000000000000000056e-01
6.104417670682730801e+01 6.333455760304516902e-02 1.000000000000000056e-01
6.144578313253011714e+01 2.002520615636410595e-04 1.000000000000000056e-01
6.184738955823293338e+01 -2.372096615843113931e-01 1.000000000000000056e-01
6.224899598393574252e+01 -6.139325859960401699e-01 1.000000000000000056e-01
6.265060240963855165e+01 -1.330103650364906409e+00 1.000000000000000056e-01
6.305220883534136789e+01 -1.434200152099807557e+00 1.000000000000000056e-01
6.345381526104417702e+01 -1.174360900505700522e+00 1.000000000000000056e-01
6.385542168674698615e+01 -1.104528002243796214e+00 1.000000000000000056e-01
6.425702811244980239e+01 -9.199131807954142870e-01 1.000000000000000056e-01
6.465863453815261153e+01 -7.715138092592518371e-01 1.000000000000000056e-01
6.506024096385542066e+01 -7.197767890134156854e-01 1.000000000000000056e-01
6.546184738955822979e+01 -6.160099445306719268e-01 1.000000000000000056e-01
6.586345381526103893e+01 -7.783369716649554126e-01 1.000000000000000056e-01
6.626506024096384806e+01 -1.116966873869719157e+00 1.000000000000000056e-01
6.666666666666667140e+01 -9.475696356852065794e-01 1.000000000000000056e-01
6.706827309236948054e+01 -1.083115875203299439e+00 1.000000000000000056e-01
6.746987951807228967e+01 -1.330440256873006266e+00 1.000000000000000056e-01
6.787148594377509880e+01 -1.650238008673291068e+00 1.000000000000000056e-01
6.827309236947790794e+01 -8.596352996529206258e-01 1.000000000000000056e-01
6.867469879518071707e+01 1.271611636004297829e-01 1.000000000000000056e-01
6.907630522088354041e+01 1.699546475046964655e+00 1.000000000000000056e-01
6.947791164658634955e+01 2.136388083935283788e+00 1.000000000000000056e-01
6.987951807228915868e+01 2.138587373368363576e+00 1.000000000000000056e-01
7.028112449799196781e+01 1.297220356033368827e+00 1.000000000000000056e-01
7.068273092369477695e+01 7.253983700858993577e-01 1.000000000000000056e-01
7.108433734939758608e+01 4.200103721341681973e-01 1.000000000000000056e-01
7.148594377510039521e+01 1.832548180798152793e-01 1.000000000000000056e-01
7.188755020080321856e+01 1.829857488912629560e-01 1.000000000000000056e-01
7.228915662650602769e+01 7.674992793807230429e-01 1.000000000000000056e-01
7.269076305220883683e+01 1.166931220896080479e+00 1.000000000000000056e-01
7.309236947791164596e+01 9.121545402497126531e-01 1.000000000000000056e-01
7.349397590361445509e+01 3.836323574953930948e-01 1.000000000000000056e-01
7.389558232931726423e+01 -4.437628119296462836e-01 1.000000000000000056e-01
7.429718875502007336e+01 -9.814505278530019083e-01 1.000000000000000056e-01
7.469879518072289670e+01 -7.631620596300795478e-01 1.000000000000000056e-01
7.510040160642570584e+01 -1.175401926374623207e-01 1.000000000000000056e-01
7.550200803212851497e+01 7.114563837641855182e-01 1.000000000000000056e-01
7.590361445783132410e+01 7.714305797402971621e-01 1.000000000000000056e-01
7.630522088353413324e+01 5.576808976590547084e-01 1.000000000000000056e-01
7.670682730923694237e+01 -1.586855062475154010e-01 1.000000000000000056e-01
7.710843373493975150e+01 -1.779700831350577994e-02 1.000000000000000056e-01
7.751004016064257485e+01 1.022910213132156354e+00 1.000000000000000056e-01
7.791164658634538398e+01 2.340228973825200232e+00 1.000000000000000056e-01
7.831325301204819311e+01 2.542027021994238911e+00 1.000000000000000056e-01
7.871485943775100225e+01 1.726751363881972701e+00 1.000000000000000056e-01
7.911646586345381138e+01 6.545880117248903396e-01 1.000000000000000056e-01
7.951807228915662051e+01 2.018552878800169981e-01 1.000000000000000056e-01
7.991967871485944386e+01 1.718175216886068113e-01 1.000000000000000056e-01
8.032128514056225299e+01 6.011077914883654616e-01 1.000000000000000056e-01
8.072289156626506212e+01 1.471712621346018990e+00 1.000000000000000056e-01
8.112449799196787126e+01 2.452950247872281331e+00 1.000000000000000056e-01
8.152610441767068039e+01 2.350476765814943914e+00 1.000000000000000056e-01
8.192771084337348952e+01 1.582265348803637561e+00 1.000000000000000056e-01
8.232931726907629866e+01 6.022189864701246176e-01 1.000000000000000056e-01
8.273092369477912200e+01 -3.059019963528826769e-01 1.000000000000000056e-01
8.313253012048193114e+01 -6.624362862796829843e-01 1.000000000000000056e-01
8.353413654618474027e+01 -9.434960528160112325e-01 1.000000000000000056e-01
8.393574297188754940e+01 -9.908550603846620897e-01 1.000000000000000056e-01
8.433734939759035854e+01 -2.528582693139177495e-01 1.000000000000000056e-01
8.473895582329316767e+01 5.516428454405035708e-01 1.000000000000000056e-01
8.514056224899597680e+01 1.074615767233209063e+00 1.000000000000000056e-01
8.554216867469880015e+01 1.101568629618267403e+00 1.000000000000000056e-01
8.594377510040160928e+01 1.185770716456536977e+00 1.000000000000000056e-01
8.634538152610441841e+01 8.113347508626264082e-01 1.000000000000000056e-01
8.674698795180722755e+01 6.672741317150382434e-02 1.000000000000000056e-01
8.714859437751003668e+01 -3.953105044982178629e-01 1.000000000000000056e-01
8.755020080321284581e+01 -9.797691468099450907e-01 1.000000000000000056e-01
8.795180722891566916e+01 -1.072448189088103687e+00 1.000000000000000056e-01
8.835341365461847829e+01 -1.193285162952957057e+00 1.000000000000000056e-01
8.875502008032128742e+01 -6.711310024141734498e-01 1.000000000000000056e-01
8.915662650602409656e+01 -2.367521483851376951e-01 1.000000000000000056e-01
8.955823293172690569e+01 2.494020703685670970e-01 1.000000000000000056e-01
8.995983935742971482e+01 5.061195571826111461e-01 1.000000000000000056e-01
9.036144578313252396e+01 1.118505750122533504e+00 1.000000000000000056e-01
9.076305220883534730e+01 1.608593388984037142e+00 1.000000000000000056e-01
9.116465863453815643e+01 1.528909790353547793e+00 1.000000000000000056e-01
9.156626506024096557e+01 1.293902701358610630e+00 1.000000000000000056e-01
9.196787148594377470e+01 9.583862161959748605e-01 1.000000000000000056e-01
9.236947791164658383e+01 7.282740197572498131e-01 1.000000000000000056e-01
9.277108433734939297e+01 1.016111260809811956e+00 1.000000000000000056e-01
9.317269076305220210e+01 8.723929108405832356e-01 1.000000000000000056e-01
9.357429718875502545e+01 1.025186902757432961e+00 1.000000000000000056e-01
9.397590361445783458e+01 1.118168453998960032e+00 1.000000000000000056e-01
9.437751004016064371e+01 1.267666273529287624e+00 1.000000000000000056e-01
9.477911646586345285e+01 1.603608833127146305e+00 1.000000000000000056e-01
9.518072289156626198e+01 2.021966195685684919e+00 1.000000000000000056e-01
9.558232931726907111e+01 1.740990274946204952e+00 1.000000000000000056e-01
9.598393574297188025e+01 1.383367294534226133e+00 1.000000000000000056e-01
9.638554216867470359e+01 6.484443979021714544e-01 1.000000000000000056e-01
9.678714859437751272e+01 1.912887843865732906e-01 1.000000000000000056e-01
9.718875502008032186e+01 9.676682047705145728e-02 1.000000000000000056e-01
9.759036144578313099e+01 8.892760990448854430e-02 1.000000000000000056e-01
9.799196787148594012e+01 1.753628904110946518e-01 1.000000000000000056e-01
9.839357429718874926e+01 2.322865659154526585e-01 1.000000000000000056e-01
9.879518072289157260e+01 -2.328331928960958586e-01 1.000000000000000056e-01
9.919678714859438173e+01 -5.973289911863897128e-01 1.000000000000000056e-01
9.959839357429719087e+01 -1.140675974601712550e+00 1.000000000000000056e-01
1.000000000000000000e+02 -1.516958118022700752e+00 1.000000000000000056e-01
