0.000000000000000000e+00 1.142093088472199813e+00 1.000000000000000056e-01
4.016064257028112428e-01 1.901131849058419476e+00 1.000000000000000056e-01
8.032128514056224855e-01 2.419300856048892889e+00 1.000000000000000056e-01
1.204819277108433617e+00 2.874811331518418278e+00 1.000000000000000056e-01
1.606425702811244971e+00 2.763262019875805553e+00 1.000000000000000056e-01
2.008032128514056325e+00 2.287723942392666743e+00 1.000000000000000056e-01
2.409638554216867234e+00 1.436248808318077552e+00 1.000000000000000056e-01
2.811244979919678588e+00 5.842868797995992569e-01 1.000000000000000056e-01
3.212851405622489942e+00 -3.862933967598226187e-02 1.000000000000000056e-01
3.614457831325301296e+00 -6.342263563819213745e-01 1.000000000000000056e-01
4.016064257028112650e+00 -5.532249764896477462e-01 1.000000000000000056e-01
4.417670682730923559e+00 -6.991736149684970592e-01 1.000000000000000056e-01
4.819277108433734469e+00 -8.247052039647475574e-01 1.000000000000000056e-01
5.220883534136546267e+00 -7.466907840049966660e-01 1.000000000000000056e-01
5.622489959839357176e+00 -6.918913611142766262e-01 1.000000000000000056e-01
6.024096385542168974e+00 -5.969690240970950690e-01 1.000000000000000056e-01
6.425702811244979884e+00 -4.448690229640551719e-01 1.000000000000000056e-01
6.827309236947790794e+00 -1.134050024088427144e-01 1.000000000000000056e-01
7.228915662650602592e+00 1.871144257969454272e-01 1.000000000000000056e-01
7.630522088353413501e+00 3.320846513930645338e-01 1.000000000000000056e-01
8.032128514056225299e+00 6.329328709867243496e-01 1.000000000000000056e-01
8.433734939759036209e+00 5.563107078397798722e-01 1.000000000000000056e-01
8.835341365461847118e+00 2.473073282301350151e-01 1.000000000000000056e-01
9.236947791164658028e+00 4.129667372545881010e-01 1.000000000000000056e-01
9.638554216867468938e+00 3.352950779173343721e-01 1.000000000000000056e-01
1.004016064257028162e+01 3.225235603376110372e-01 1.000000000000000056e-01
1.044176706827309253e+01 7.687967352915308084e-01 1.000000000000000056e-01
1.084337349397590344e+01 1.469550327289820713e+00 1.000000000000000056e-01
1.124497991967871435e+01 2.045680961169006551e+00 1.000000000000000056e-01
1.164658634538152526e+01 2.555652135562318961e+00 1.000000000000000056e-01
1.204819277108433795e+01 2.560899049948301087e+00 1.000000000000000056e-01
1.244979919678714886e+01 2.071477869465039756e+00 1.000000000000000056e-01
1.285140562248995977e+01 1.575029292098457434e+00 1.000000000000000056e-01
1.325301204819277068e+01 1.102189447058362859e+00 1.000000000000000056e-01
1.365461847389558159e+01 7.723773731322179925e-01 1.000000000000000056e-01
1.405622489959839427e+01 8.207725149873738024e-01 1.000000000000000056e-01
1.445783132530120518e+01 1.130249582286620091e+00 1.000000000000000056e-01
1.485943775100401609e+01 1.470700158994595386e+00 1.000000000000000056e-01
1.526104417670682700e+01 1.909793556915729607e+00 1.000000000000000056e-01
1.566265060240963791e+01 2.408617137584061485e+00 1.000000000000000056e-01
1.606425702811245060e+01 2.616990996808951309e+00 1.000000000000000056e-01
1.646586345381525973e+01 2.759886367629751813e+00 1.000000000000000056e-01
1.686746987951807242e+01 2.956830261404216564e+00 1.000000000000000056e-01
1.726907630522088510e+01 2.961023045384588492e+00 1.000000000000000056e-01
1.767068273092369424e+01 3.478204298147789419e+00 1.000000000000000056e-01
1.807228915662650692e+01 3.228306722681213436e+00 1.000000000000000056e-01
1.847389558232931606e+01 2.938862323732998938e+00 1.000000000000000056e-01
1.887550200803212874e+01 2.603526307479979707e+00 1.000000000000000056e-01
1.927710843373493788e+01 2.048028632294453200e+00 1.000000000000000056e-01
1.967871485943775056e+01 1.546556879699753750e+00 1.000000000000000056e-01
2.008032128514056325e+01 1.261683631814926709e+00 1.000000000000000056e-01
2.048192771084337238e+01 5.470140677405025409e-01 1.000000000000000056e-01
2.088353413654618507e+01 5.624744283999920380e-02 1.000000000000000056e-01
2.128514056224899420e+01 -3.423221528433704197e-01 1.000000000000000056e-01
2.168674698795180689e+01 -3.596119236105042583e-01 1.000000000000000056e-01
2.208835341365461957e+01 -6.551732909471419397e-01 1.000000000000000056e-01
2.248995983935742871e+01 -7.690729359512411545e-01 1.000000000000000056e-01
2.289156626506024139e+01 -7.786738908098254086e-01 1.000000000000000056e-01
2.329317269076305053e+01 -8.733607507461490504e-01 1.000000000000000056e-01
2.369477911646586321e+01 -8.689849552610516836e-01 1.000000000000000056e-01
2.409638554216867590e+01 -6.288862335589677777e-01 1.000000000000000056e-01
2.449799196787148503e+01 -7.348241797290506749e-01 1.000000000000000056e-01
2.489959839357429772e+01 -9.043189152480320958e-01 1.000000000000000056e-01
2.530120481927710685e+01 -1.143917844374350512e+00 1.000000000000000056e-01
2.570281124497991954e+01 -1.239821360537800787e+00 1.000000000000000056e-01
2.610441767068273222e+01 -1.144329443151633541e+00 1.000000000000000056e-01
2.650602409638554136e+01 -1.157136543073876256e+00 1.000000000000000056e-01
2.690763052208835404e+01 -1.040262829902244057e+00 1.000000000000000056e-01
2.730923694779116317e+01 -8.436880976995708714e-01 1.000000000000000056e-01
2.771084337349397586e+01 -1.061375839954765699e+00 1.000000000000000056e-01
2.811244979919678855e+01 -6.007425087230257033e-01 1.000000000000000056e-01
2.851405622489959768e+01 -1.908922788308551888e-01 1.000000000000000056e-01
2.891566265060241037e+01 -2.964996129320899287e-01 1.000000000000000056e-01
2.931726907630521950e+01 -4.830190004244780400e-01 1.000000000000000056e-01
2.971887550200803219e+01 -3.014178504504706479e-01 1.000000000000000056e-01
3.012048192771084487e+01 -1.936870247792568944e-01 1.000000000000000056e-01
3.052208835341365400e+01 -1.807820944951795961e-01 1.000000000000000056e-01
3.092369477911646669e+01 5.337885961087184272e-01 1.000000000000000056e-01
3.132530120481927582e+01 9.784216289404942257e-01 1.000000000000000056e-01
3.172690763052208851e+01 1.529863726856067307e+00 1.000000000000000056e-01
3.212851405622490120e+01 1.392810099436937232e+00 1.000000000000000056e-01
3.253012048192771033e+01 9.300020185972034392e-01 1.000000000000000056e-01
3.293172690763051946e+01 -2.441043295895051202e-01 1.000000000000000056e-01
3.333333333333333570e+01 -9.371550544734903454e-01 1.000000000000000056e-01
3.373493975903614484e+01 -1.004279780200141525e+00 1.000000000000000056e-01
3.413654618473895397e+01 -5.089145329912697635e-01 1.000000000000000056e-01
3.453815261044177021e+01 5.298185226501996858e-01 1.000000000000000056e-01
3.493975903614457934e+01 1.220596641784423841e+00 1.000000000000000056e-01
3.534136546184738847e+01 1.573515849603850381e+00 1.000000000000000056e-01
3.574297188755019761e+01 1.539871949561130604e+00 1.000000000000000056e-01
3.614457831325301385e+01 9.180262230521689659e-01 1.000000000000000056e-01
3.654618473895582298e+01 -9.278506066730959900e-02 1.000000000000000056e-01
3.694779116465863211e+01 -7.815889048329109912e-01 1.000000000000000056e-01
3.734939759036144835e+01 -1.598894602181028857e+00 1.000000000000000056e-01
3.775100401606425748e+01 -2.174365454072243242e+00 1.000000000000000056e-01
3.815261044176706662e+01 -2.625552702081078493e+00 1.000000000000000056e-01
3.855421686746987575e+01 -2.493659859767149545e+00 1.000000000000000056e-01
3.895582329317269199e+01 -1.766731868313282217e+00 1.000000000000000056e-01
3.935742971887550112e+01 -1.352919388136381018e+00 1.000000000000000056e-01
3.975903614457831026e+01 -4.643296905933148033e-01 1.000000000000000056e-01
4.016064257028112650e+01 -3.365432569410067298e-01 1.000000000000000056e-01
4.056224899598393563e+01 -6.000791659535129607e-01 1.000000000000000056e-01
4.096385542168674476e+01 -1.166265103644570589e+00 1.000000000000000056e-01
4.136546184738956100e+01 -1.865372596526134075e+00 1.000000000000000056e-01
4.176706827309237013e+01 -2.187667345862605472e+00 1.000000000000000056e-01
4.216867469879517927e+01 -2.029871588928123138e+00 1.000000000000000056e-01
4.257028112449798840e+01 -1.475043341956572274e+00 1.000000000000000056e-01
4.297188755020080464e+01 -6.886932826936785768e-01 1.000000000000000056e-01
4.337349397590361377e+01 -5.399060281856665755e-01 1.000000000000000056e-01
4.377510040160642291e+01 -6.417811124790624433e-01 1.000000000000000056e-01
4.417670682730923915e+01 -1.121143305232727982e+00 1.000000000000000056e-01
4.457831325301204828e+01 -1.646368587926259064e+00 1.000000000000000056e-01
4.497991967871485741e+01 -1.804232715099862716e+00 1.000000000000000056e-01
4.538152610441767365e+01 -1.988748248408787722e+00 1.000000000000000056e-01
4.578313253012048278e+01 -2.314553215366436767e+00 1.000000000000000056e-01
4.618473895582329192e+01 -2.422245852429731894e+00 1.000000000000000056e-01
4.658634538152610105e+01 -2.336656293560001707e+00 1.000000000000000056e-01
4.698795180722891729e+01 -2.160186080612378490e+00 1.000000000000000056e-01
4.738955823293172642e+01 -1.735075287126579324e+00 1.000000000000000056e-01
4.779116465863453556e+01 -1.336234733720337964e+00 1.000000000000000056e-01
4.819277108433735179e+01 -1.252703225253186003e+00 1.000000000000000056e-01
4.859437751004016093e+01 -1.334772317133216202e+00 1.000000000000000056e-01
4.899598393574297006e+01 -1.478066510116558430e+00 1.000000000000000056e-01
4.939759036144578630e+01 -1.285970924632932499e+00 1.000000000000000056e-01
4.979919678714859543e+01 -1.382617902629547757e+00 1.000000000000000056e-01
5.020080321285140457e+01 -9.126398128288500944e-01 1.000000000000000056e-01
5.060240963855421370e+01 -6.733321271212996395e-01 1.000000000000000056e-01
5.100401606425702994e+01 -1.467901869271925896e-02 1.000000000000000056e-01
5.140562248995983907e+01 -3.820138313800395813e-01 1.000000000000000056e-01
5.180722891566264821e+01 -8.380618218281651322e-01 1.000000000000000056e-01
5.220883534136546444e+01 -1.323631473239121892e+00 1.000000000000000056e-01
5.261044176706827358e+01 -1.983152903028695624e+00 1.000000000000000056e-01
5.301204819277108271e+01 -2.216688084751344157e+00 1.000000000000000056e-01
5.341365461847389184e+01 -2.243003819442705993e+00 1.000000000000000056e-01
5.381526104417670808e+01 -2.285801941593429198e+00 1.000000000000000056e-01
5.421686746987951722e+01 -2.557951990391770014e+00 1.000000000000000056e-01
5.461847389558232635e+01 -2.779018943221434501e+00 1.000000000000000056e-01
5.502008032128514259e+01 -2.511590534631910732e+00 1.000000000000000056e-01
5.542168674698795172e+01 -2.261129571125725324e+00 1.000000000000000056e-01
5.582329317269076085e+01 -1.789547968386607346e+00 1.000000000000000056e-01
5.622489959839357709e+01 -1.443941784505666126e+00 1.000000000000000056e-01
5.662650602409638623e+01 -1.078196739204607235e+00 1.000000000000000056e-01
5.702811244979919536e+01 -1.114176496416694695e+00 1.000000000000000056e-01
5.742971887550200449e+01 -1.620512033170560695e+00 1.000000000000000056e-01
5.783132530120482073e+01 -2.037067819341299657e+00 1.000000000000000056e-01
5.823293172690762987e+01 -2.277403476909530600e+00 1.000000000000000056e-01
5.863453815261043900e+01 -1.960375309420327117e+00 1.000000000000000056e-01
5.903614457831325524e+01 -1.382917803652665700e+00 1.000000000000000056e-01
5.943775100401606437e+01 -5.334964726285896797e-01 1.000000000000000056e-01
5.983935742971887350e+01 3.429320440931345471e-01 1.000000000000000056e-01
6.024096385542168974e+01 1.003197953651751018e+00 1.000000000000000056e-01
6.064257028112449888e+01 1.391935197965580295e+00 1.000000000000000056e-01
6.104417670682730801e+01 1.646657284305157676e+00 1.000000000000000056e-01
6.144578313253011714e+01 1.720500043862059680e+00 1.000000000000000056e-01
6.184738955823293338e+01 1.631229935703771838e+00 1.000000000000000056e-01
6.224899598393574252e+01 1.893272816705157346e+00 1.000000000000000056e-01
6.265060240963855165e+01 1.647178707697081412e+00 1.000000000000000056e-01
6.305220883534136789e+01 1.347410814878088114e+00 1.000000000000000056e-01
6.345381526104417702e+01 3.995673643036620204e-01 1.000000000000000056e-01
6.385542168674698615e+01 -5.495458354826072700e-01 1.000000000000000056e-01
6.425702811244980239e+01 -1.394174167963656785e+00 1.000000000000000056e-01
6.465863453815261153e+01 -1.730840313229448535e+00 1.000000000000000056e-01
6.506024096385542066e+01 -1.793722620468080731e+00 1.000000000000000056e-01
6.546184738955822979e+01 -1.800849894265513118e+00 1.000000000000000056e-01
6.586345381526103893e+01 -1.766081482893914423e+00 1.000000000000000056e-01
6.626506024096384806e+01 -1.441161426572510784e+00 1.000000000000000056e-01
6.666666666666667140e+01 -6.587595065975705433e-01 1.000000000000000056e-01
6.706827309236948054e+01 -1.246543424359220081e-01 1.000000000000000056e-01
6.746987951807228967e+01 7.010614093534928148e-01 1.000000000000000056e-01
6.787148594377509880e+01 8.810187937495824739e-01 1.000000000000000056e-01
6.827309236947790794e+01 7.932844522152271427e-01 1.000000000000000056e-01
6.867469879518071707e+01 5.434985742728308811e-01 1.000000000000000056e-01
6.907630522088354041e+01 8.552650051258354758e-01 1.000000000000000056e-01
6.947791164658634955e+01 7.722836816769368395e-01 1.000000000000000056e-01
6.987951807228915868e+01 4.133543403435295804e-01 1.000000000000000056e-01
7.028112449799196781e+01 6.295847047998009982e-01 1.000000000000000056e-01
7.068273092369477695e+01 5.579321342658888350e-01 1.000000000000000056e-01
7.108433734939758608e+01 7.070762602698582588e-01 1.000000000000000056e-01
7.148594377510039521e+01 8.213241377986419955e-01 1.000000000000000056e-01
7.188755020080321856e+01 4.377742508355613182e-01 1.000000000000000056e-01
7.228915662650602769e+01 -1.673667626866472136e-02 1.000000000000000056e-01
7.269076305220883683e+01 -9.370098286685767386e-01 1.000000000000000056e-01
7.309236947791164596e+01 -2.046415781433184478e+00 1.000000000000000056e-01
7.349397590361445509e+01 -3.118423386039420375e+00 1.000000000000000056e-01
7.389558232931726423e+01 -3.782282029206607277e+00 1.000000000000000056e-01
7.429718875502007336e+01 -4.220527032452926264e+00 1.000000000000000056e-01
7.469879518072289670e+01 -4.057500281152792709e+00 1.000000000000000056e-01
7.510040160642570584e+01 -3.897268317293768991e+00 1.000000000000000056e-01
7.550200803212851497e+01 -3.608971997634800921e+00 1.000000000000000056e-01
7.590361445783132410e+01 -3.210268908655225406e+00 1.000000000000000056e-01
7.630522088353413324e+01 -3.141011879906590476e+00 1.000000000000000056e-01
7.670682730923694237e+01 -2.643810725015633967e+00 1.000000000000000056e-01
7.710843373493975150e+01 -2.353487158627073583e+00 1.000000000000000056e-01
7.751004016064257485e+01 -1.927312725904883894e+00 1.000000000000000056e-01
7.791164658634538398e+01 -1.585953994959743207e+00 1.000000000000000056e-01
7.831325301204819311e+01 -1.116382300194149080e+00 1.000000000000000056e-01
7.871485943775100225e+01 -2.410417199981119141e-01 1.000000000000000056e-01
7.911646586345381138e+01 3.356613677471531054e-01 1.000000000000000056e-01
7.951807228915662051e+01 6.261136663804975910e-01 1.000000000000000056e-01
7.991967871485944386e+01 7.868902875360325178e-01 1.000000000000000056e-01
8.032128514056225299e+01 5.789753239244087579e-01 1.000000000000000056e-01
8.072289156626506212e+01 3.128677200454254015e-01 1.000000000000000056e-01
8.112449799196787126e+01 -3.378120899158784662e-01 1.000000000000000056e-01
8.152610441767068039e+01 -1.165030131273231406e+00 1.000000000000000056e-01
8.192771084337348952e+01 -1.879360624057425433e+00 1.000000000000000056e-01
8.232931726907629866e+01 -2.263185057187043103e+00 1.000000000000000056e-01
8.273092369477912200e+01 -2.430175910150102592e+00 1.000000000000000056e-01
8.313253012048193114e+01 -2.302441793924253854e+00 1.000000000000000056e-01
8.353413654618474027e+01 -2.027499002642790593e+00 1.000000000000000056e-01
8.393574297188754940e+01 -1.844463806267791162e+00 1.000000000000000056e-01
8.433734939759035854e+01 -1.522447688669136712e+00 1.000000000000000056e-01
8.473895582329316767e+01 -1.022795768481073120e+00 1.000000000000000056e-01
8.514056224899597680e+01 -1.162410153994235085e+00 1.000000000000000056e-01
8.554216867469880015e+01 -1.219493778225122060e+00 1.000000000000000056e-01
8.594377510040160928e+01 -1.668214737003927306e+00 1.000000000000000056e-01
8.634538152610441841e+01 -2.041986927588483880e+00 1.000000000000000056e-01
8.674698795180722755e+01 -2.649866142025955273e+00 1.000000000000000056e-01
8.714859437751003668e+01 -2.628501493465616345e+00 1.000000000000000056e-01
8.755020080321284581e+01 -2.354879765854375862e+00 1.000000000000000056e-01
8.795180722891566916e+01 -2.176533073971476995e+00 1.000000000000000056e-01
8.835341365461847829e+01 -1.336399067633213367e+00 1.000000000000000056e-01
8.875502008032128742e+01 -7.634767672250288850e-01 1.000000000000000056e-01
8.915662650602409656e+01 -1.151581928468378146e-01 1.000000000000000056e-01
8.955823293172690569e+01 8.105178551187549596e-01 1.000000000000000056e-01
8.995983935742971482e+01 1.611121677692839649e+00 1.000000000000000056e-01
9.036144578313252396e+01 2.404511479369281002e+00 1.000000000000000056e-01
9.076305220883534730e+01 2.519273855332885947e+00 1.000000000000000056e-01
9.116465863453815643e+01 2.587731785460510192e+00 1.000000000000000056e-01
9.156626506024096557e+01 2.455125018003021076e+00 1.000000000000000056e-01
9.196787148594377470e+01 2.269538077528892472e+00 1.000000000000000056e-01
9.236947791164658383e+01 1.380861952726500252e+00 1.000000000000000056e-01
9.277108433734939297e+01 6.939982214586314369e-01 1.000000000000000056e-01
9.317269076305220210e+01 5.623640788952360969e-02 1.000000000000000056e-01
9.357429718875502545e+01 -8.196588000267567287e-01 1.000000000000000056e-01
9.397590361445783458e+01 -1.570040262935702868e+00 1.000000000000000056e-01
9.437751004016064371e+01 -2.292173570663162963e+00 1.000000000000000056e-01
9.477911646586345285e+01 -2.783811363629426161e+00 1.000000000000000056e-01
9.518072289156626198e+01 -3.114715092419327647e+00 1.000000000000000056e-01
9.558232931726907111e+01 -3.531077639786475597e+00 1.000000000000000056e-01
9.598393574297188025e+01 -3.507493670763414784e+00 1.000000000000000056e-01
9.638554216867470359e+01 -3.350959302574878951e+00 1.000000000000000056e-01
9.678714859437751272e+01 -2.692529040920769390e+00 1.000000000000000056e-01
9.718875502008032186e+01 -1.870825180545685917e+00 1.000000000000000056e-01
9.759036144578313099e+01 -1.194837859048625273e+00 1.000000000000000056e-01
9.799196787148594012e+01 -4.660737535399325226e-01 1.000000000000000056e-01
9.839357429718874926e+01 -5.923959213614744534e-01 1.000000000000000056e-01
9.879518072289157260e+01 -8.888642437717498845e-01 1.000000000000000056e-01
9.919678714859438173e+01 -9.325720527004601745e-01 1.000000000000000056e-01
9.959839357429719087e+01 -9.593335642985691969e-01 1.000000000000000056e-01
1.000000000000000000e+02 -6.244926039036025056e-01 1.000000000000000056e-01
