0.000000000000000000e+00 2.436323605030915385e+00 1.000000000000000056e-01
4.016064257028112428e-01 2.280147464928569345e+00 1.000000000000000056e-01
8.032128514056224855e-01 1.840061817536541744e+00 1.000000000000000056e-01
1.204819277108433617e+00 2.032246689780990323e+00 1.000000000000000056e-01
1.606425702811244971e+00 2.019714706927499215e+00 1.000000000000000056e-01
2.008032128514056325e+00 2.178839769804827853e+00 1.000000000000000056e-01
2.409638554216867234e+00 2.401965245297230211e+00 1.000000000000000056e-01
2.811244979919678588e+00 2.072461022278206055e+00 1.000000000000000056e-01
3.212851405622489942e+00 1.104466808288489199e+00 1.000000000000000056e-01
3.614457831325301296e+00 -1.601238865175547144e-02 1.000000000000000056e-01
4.016064257028112650e+00 -3.092037020733982011e-01 1.000000000000000056e-01
4.417670682730923559e+00 -2.369179724742569437e-01 1.000000000000000056e-01
4.819277108433734469e+00 -4.311803418478791228e-01 1.000000000000000056e-01
5.220883534136546267e+00 -1.017231917128084806e+00 1.000000000000000056e-01
5.622489959839357176e+00 -1.397576365841208368e+00 1.000000000000000056e-01
6.024096385542168974e+00 -1.612950855892769875e+00 1.000000000000000056e-01
6.425702811244979884e+00 -1.590480046011741422e+00 1.000000000000000056e-01
6.827309236947790794e+00 -1.165724565663242229e+00 1.000000000000000056e-01
7.228915662650602592e+00 -8.106120575082189639e-01 1.000000000000000056e-01
7.630522088353413501e+00 -5.748958314253551638e-01 1.000000000000000056e-01
8.032128514056225299e+00 -1.478048200346826491e-01 1.000000000000000056e-01
8.433734939759036209e+00 1.158458979127927335e-01 1.000000000000000056e-01
8.835341365461847118e+00 5.249922015043395618e-01 1.000000000000000056e-01
9.236947791164658028e+00 7.697762004205638275e-01 1.000000000000000056e-01
9.638554216867468938e+00 6.586726570000185355e-01 1.000000000000000056e-01
1.004016064257028162e+01 -4.118425123090740936e-03 1.000000000000000056e-01
1.044176706827309253e+01 8.941942731166943603e-02 1.000000000000000056e-01
1.084337349397590344e+01 1.141159771262839490e-01 1.000000000000000056e-01
1.124497991967871435e+01 1.800039241232226084e-01 1.000000000000000056e-01
1.164658634538152526e+01 3.181465765079958263e-01 1.000000000000000056e-01
1.204819277108433795e+01 4.437307163553782519e-01 1.000000000000000056e-01
1.244979919678714886e+01 -2.330460348534127701e-01 1.000000000000000056e-01
1.285140562248995977e+01 -9.139477866681053886e-01 1.000000000000000056e-01
1.325301204819277068e+01 -1.920831659874893571e+00 1.000000000000000056e-01
1.365461847389558159e+01 -2.658856362858319500e+00 1.000000000000000056e-01
1.405622489959839427e+01 -3.182917832930313828e+00 1.000000000000000056e-01
1.445783132530120518e+01 -3.683044574193403253e+00 1.000000000000000056e-01
1.485943775100401609e+01 -3.610224013887011196e+00 1.000000000000000056e-01
1.526104417670682700e+01 -3.162270093904495205e+00 1.000000000000000056e-01
1.566265060240963791e+01 -2.803421465554914338e+00 1.000000000000000056e-01
1.606425702811245060e+01 -2.426808141624700710e+00 1.000000000000000056e-01
1.646586345381525973e+01 -1.915211043058193674e+00 1.000000000000000056e-01
1.686746987951807242e+01 -1.706013811207389042e+00 1.000000000000000056e-01
1.726907630522088510e+01 -1.093280608754880534e+00 1.000000000000000056e-01
1.767068273092369424e+01 -8.651652056786438560e-01 1.000000000000000056e-01
1.807228915662650692e+01 -6.707412261407040832e-01 1.000000000000000056e-01
1.847389558232931606e+01 -1.223285989344868430e+00 1.000000000000000056e-01
1.887550200803212874e+01 -1.714241616999564011e+00 1.000000000000000056e-01
1.927710843373493788e+01 -2.291214584415922406e+00 1.000000000000000056e-01
1.967871485943775056e+01 -1.798553670448636677e+00 1.000000000000000056e-01
2.008032128514056325e+01 -1.301610700702528378e+00 1.000000000000000056e-01
2.048192771084337238e+01 -4.208233302282583521e-01 1.000000000000000056e-01
2.088353413654618507e+01 -1.852274755657473126e-01 1.000000000000000056e-01
2.128514056224899420e+01 2.735922594952541753e-02 1.000000000000000056e-01
2.168674698795180689e+01 -2.713901693561104889e-02 1.000000000000000056e-01
2.208835341365461957e+01 9.360028532091288489e-02 1.000000000000000056e-01
2.248995983935742871e+01 -6.262475338136273828e-02 1.000000000000000056e-01
2.289156626506024139e+01 4.583832990493919707e-02 1.000000000000000056e-01
2.329317269076305053e+01 -2.771193944862964526e-02 1.000000000000000056e-01
2.369477911646586321e+01 -1.535770569332243207e-01 1.000000000000000056e-01
2.409638554216867590e+01 1.909951069174181393e-01 1.000000000000000056e-01
2.449799196787148503e+01 1.479145772664221536e-01 1.000000000000000056e-01
2.489959839357429772e+01 4.381267168333304318e-01 1.000000000000000056e-01
2.530120481927710685e+01 4.505091974679066302e-01 1.000000000000000056e-01
2.570281124497991954e+01 -4.252008544265613310e-02 1.000000000000000056e-01
2.610441767068273222e+01 -5.606120686494248107e-01 1.000000000000000056e-01
2.650602409638554136e+01 -6.050628116952088131e-01 1.000000000000000056e-01
2.690763052208835404e+01 -6.199270559369179923e-01 1.000000000000000056e-01
2.730923694779116317e+01 -8.639176438151693338e-01 1.000000000000000056e-01
2.771084337349397586e+01 -7.157376269124194890e-01 1.000000000000000056e-01
2.811244979919678855e+01 -8.712202721459406662e-01 1.000000000000000056e-01
2.851405622489959768e+01 -9.863598563464411884e-01 1.000000000000000056e-01
2.891566265060241037e+01 -1.142287762889629521e+00 1.000000000000000056e-01
2.931726907630521950e+01 -7.780446495393432693e-01 1.000000000000000056e-01
2.971887550200803219e+01 -6.535379603792800252e-01 1.000000000000000056e-01
3.012048192771084487e+01 -4.919289971380678694e-01 1.000000000000000056e-01
3.052208835341365400e+01 -1.258793496335037509e-01 1.000000000000000056e-01
3.092369477911646669e+01 7.910407874603067047e-01 1.000000000000000056e-01
3.132530120481927582e+01 1.382619381917568946e+00 1.000000000000000056e-01
3.172690763052208851e+01 1.461179408784295086e+00 1.000000000000000056e-01
3.212851405622490120e+01 1.089727543497547302e+00 1.000000000000000056e-01
3.253012048192771033e+01 6.419524000263204799e-01 1.000000000000000056e-01
3.293172690763051946e+01 6.647728075358944055e-01 1.000000000000000056e-01
3.333333333333333570e+01 5.158442480700009547e-01 1.000000000000000056e-01
3.373493975903614484e+01 2.159103739373673947e-01 1.000000000000000056e-01
3.413654618473895397e+01 6.567964357860647251e-01 1.000000000000000056e-01
3.453815261044177021e+01 6.445237567056829597e-01 1.000000000000000056e-01
3.493975903614457934e+01 9.529033827959335623e-01 1.000000000000000056e-01
3.534136546184738847e+01 1.100507937036506956e+00 1.000000000000000056e-01
3.574297188755019761e+01 7.467009993808713109e-01 1.000000000000000056e-01
3.614457831325301385e+01 3.746248077141471899e-01 1.000000000000000056e-01
3.654618473895582298e+01 -1.150935651882484256e-01 1.000000000000000056e-01
3.694779116465863211e+01 -3.968999614943120036e-01 1.000000000000000056e-01
3.734939759036144835e+01 -8.573260549423593613e-01 1.000000000000000056e-01
3.775100401606425748e+01 -9.735000637208521823e-01 1.000000000000000056e-01
3.815261044176706662e+01 -9.165584632350489702e-01 1.000000000000000056e-01
3.855421686746987575e+01 -7.779800755981912674e-01 1.000000000000000056e-01
3.895582329317269199e+01 -7.899675613752299430e-01 1.000000000000000056e-01
3.935742971887550112e+01 -2.086250828008162195e+00 1.000000000000000056e-01
3.975903614457831026e+01 -3.123382428092608354e+00 1.000000000000000056e-01
4.016064257028112650e+01 -3.841844153579131671e+00 1.000000000000000056e-01
4.056224899598393563e+01 -3.689669158241904334e+00 1.000000000000000056e-01
4.096385542168674476e+01 -3.437073686846581211e+00 1.000000000000000056e-01
4.136546184738956100e+01 -2.521869000253996962e+00 1.000000000000000056e-01
4.176706827309237013e+01 -1.597900212893304861e+00 1.000000000000000056e-01
4.216867469879517927e+01 -5.869088564416841125e-01 1.000000000000000056e-01
4.257028112449798840e+01 5.710008914949006309e-01 1.000000000000000056e-01
4.297188755020080464e+01 1.418964889323450551e+00 1.000000000000000056e-01
4.337349397590361377e+01 1.644803506846198360e+00 1.000000000000000056e-01
4.377510040160642291e+01 1.230291487770346581e+00 1.000000000000000056e-01
4.417670682730923915e+01 8.420892902829499871e-01 1.000000000000000056e-01
4.457831325301204828e+01 6.616396305358682728e-01 1.000000000000000056e-01
4.497991967871485741e+01 -4.109679367097096025e-01 1.000000000000000056e-01
4.538152610441767365e+01 -9.210663514356823844e-01 1.000000000000000056e-01
4.578313253012048278e+01 -8.153897521231734391e-01 1.000000000000000056e-01
4.618473895582329192e+01 -6.229036995391065146e-01 1.000000000000000056e-01
4.658634538152610105e+01 2.553274992454827585e-01 1.000000000000000056e-01
4.698795180722891729e+01 3.621865237155632022e-01 1.000000000000000056e-01
4.738955823293172642e+01 3.468211421301749531e-01 1.000000000000000056e-01
4.779116465863453556e+01 2.121904996544717314e-01 1.000000000000000056e-01
4.819277108433735179e+01 1.132610384709833995e-01 1.000000000000000056e-01
4.859437751004016093e+01 -1.184111995011105645e-02 1.000000000000000056e-01
4.899598393574297006e+01 1.753980597691799093e-01 1.000000000000000056e-01
4.939759036144578630e+01 3.292004112973841989e-01 1.000000000000000056e-01
4.979919678714859543e+01 4.510612888255112196e-01 1.000000000000000056e-01
5.020080321285140457e+01 2.144771799848880500e-01 1.000000000000000056e-01
5.060240963855421370e+01 -3.768272300941978847e-01 1.000000000000000056e-01
5.100401606425702994e+01 -6.450879193374970955e-01 1.000000000000000056e-01
5.140562248995983907e+01 -5.357302784104903681e-01 1.000000000000000056e-01
5.180722891566264821e+01 2.429898813136957270e-01 1.000000000000000056e-01
5.220883534136546444e+01 6.386253187246355711e-01 1.000000000000000056e-01
5.261044176706827358e+01 4.935104214505744991e-01 1.000000000000000056e-01
5.301204819277108271e+01 7.286880317240465588e-03 1.000000000000000056e-01
5.341365461847389184e+01 -6.973899511601860945e-01 1.000000000000000056e-01
5.381526104417670808e+01 -9.510466527698838712e-01 1.000000000000000056e-01
5.421686746987951722e+01 -7.546687494733106405e-01 1.000000000000000056e-01
5.461847389558232635e+01 -8.112216655939972210e-01 1.000000000000000056e-01
5.502008032128514259e+01 -4.973914196424855660e-01 1.000000000000000056e-01
5.542168674698795172e+01 -1.690005158746888947e-01 1.000000000000000056e-01
5.582329317269076085e+01 -1.136361136562165364e-02 1.000000000000000056e-01
5.622489959839357709e+01 2.628103788125493029e-02 1.000000000000000056e-01
5.662650602409638623e+01 1.200550363462092596e-01 1.000000000000000056e-01
5.702811244979919536e+01 5.094969766331702843e-01 1.000000000000000056e-01
5.742971887550200449e+01 8.292581602113519024e-01 1.000000000000000056e-01
5.783132530120482073e+01 1.348643153374971426e+00 1.000000000000000056e-01
5.823293172690762987e+01 1.709239028156037676e+00 1.000000000000000056e-01
5.863453815261043900e+01 1.446539901838907349e+00 1.000000000000000056e-01
5.903614457831325524e+01 8.958323100056221344e-01 1.000000000000000056e-01
5.943775100401606437e+01 4.302042145893917313e-01 1.000000000000000056e-01
5.983935742971887350e+01 -2.906331821448313590e-01 1.000000000000000056e-01
6.024096385542168974e+01 -1.013185689359197061e+00 1.000000000000000056e-01
6.064257028112449888e+01 -8.785484573383908202e-01 1.000000000000000056e-01
6.104417670682730801e+01 -4.398540972733341325e-01 1.000000000000000056e-01
6.144578313253011714e+01 5.822651518418129335e-01 1.000000000000000056e-01
6.184738955823293338e+01 1.158446548492058525e+00 1.000000000000000056e-01
6.224899598393574252e+01 1.172984108589306684e+00 1.000000000000000056e-01
6.265060240963855165e+01 1.091984278295811572e+00 1.000000000000000056e-01
6.305220883534136789e+01 6.270593189747555307e-01 1.000000000000000056e-01
6.345381526104417702e+01 2.353932358588685936e-01 1.000000000000000056e-01
6.385542168674698615e+01 1.787952088881782087e-01 1.000000000000000056e-01
6.425702811244980239e+01 4.679103985387365189e-02 1.000000000000000056e-01
6.465863453815261153e+01 -4.214322393250986148e-02 1.000000000000000056e-01
6.506024096385542066e+01 -3.044383450969995186e-02 1.000000000000000056e-01
6.546184738955822979e+01 4.749947769550968979e-04 1.000000000000000056e-01
6.586345381526103893e+01 1.888237519224935934e-01 1.000000000000000056e-01
6.626506024096384806e+01 3.865421707168406051e-01 1.000000000000000056e-01
6.666666666666667140e+01 1.442730865733079237e-01 1.000000000000000056e-01
6.706827309236948054e+01 -4.383022241699209842e-01 1.000000000000000056e-01
6.746987951807228967e+01 -1.251516920854506054e+00 1.000000000000000056e-01
6.787148594377509880e+01 -1.567507126795872008e+00 1.000000000000000056e-01
6.827309236947790794e+01 -1.657570634103002982e+00 1.000000000000000056e-01
6.867469879518071707e+01 -1.296553427472998177e+00 1.000000000000000056e-01
6.907630522088354041e+01 -1.187313921406178086e+00 1.000000000000000056e-01
6.947791164658634955e+01 -1.133689241615157384e+00 1.000000000000000056e-01
6.987951807228915868e+01 -1.258067309194769168e+00 1.000000000000000056e-01
7.028112449799196781e+01 -1.060474452301766846e+00 1.000000000000000056e-01
7.068273092369477695e+01 -9.042789761729916886e-01 1.000000000000000056e-01
7.108433734939758608e+01 -6.849654750469142961e-01 1.000000000000000056e-01
7.148594377510039521e+01 -4.178217443734749126e-01 1.000000000000000056e-01
7.188755020080321856e+01 1.113325383128373203e-02 1.000000000000000056e-01
7.228915662650602769e+01 2.605232826455192718e-01 1.000000000000000056e-01
7.269076305220883683e+01 9.976911293288326377e-01 1.000000000000000056e-01
7.309236947791164596e+01 1.169878175529932118e+00 1.000000000000000056e-01
7.349397590361445509e+01 1.287254433218381511e+00 1.000000000000000056e-01
7.389558232931726423e+01 1.565364075836209290e+00 1.000000000000000056e-01
7.429718875502007336e+01 1.438349949697078856e+00 1.000000000000000056e-01
7.469879518072289670e+01 1.264693537145564761e+00 1.000000000000000056e-01
7.510040160642570584e+01 7.775995647357958340e-01 1.000000000000000056e-01
7.550200803212851497e+01 2.135798600146500692e-01 1.000000000000000056e-01
7.590361445783132410e+01 -4.453530876411468942e-01 1.000000000000000056e-01
7.630522088353413324e+01 -1.336079047534914466e+00 1.000000000000000056e-01
7.670682730923694237e+01 -2.041273382876455766e+00 1.000000000000000056e-01
7.710843373493975150e+01 -2.794373591563950932e+00 1.000000000000000056e-01
7.751004016064257485e+01 -3.174687341088560100e+00 1.000000000000000056e-01
7.791164658634538398e+01 -2.920963280054451605e+00 1.000000000000000056e-01
7.831325301204819311e+01 -2.537678209155766140e+00 1.000000000000000056e-01
7.871485943775100225e+01 -1.654525581523195399e+00 1.000000000000000056e-01
7.911646586345381138e+01 -1.101943921747921218e+00 1.000000000000000056e-01
7.951807228915662051e+01 -1.059997116056936362e+00 1.000000000000000056e-01
7.991967871485944386e+01 -9.547668886985616332e-01 1.000000000000000056e-01
8.032128514056225299e+01 -1.280410248830984088e+00 1.000000000000000056e-01
8.072289156626506212e+01 -1.793736213830459780e+00 1.000000000000000056e-01
8.112449799196787126e+01 -1.918781365426742491e+00 1.000000000000000056e-01
8.152610441767068039e+01 -2.568246890067541255e+00 1.000000000000000056e-01
8.192771084337348952e+01 -2.829372134460959476e+00 1.000000000000000056e-01
8.232931726907629866e+01 -2.756403978465823190e+00 1.000000000000000056e-01
8.273092369477912200e+01 -2.957308460920838211e+00 1.000000000000000056e-01
8.313253012048193114e+01 -3.223865802461990171e+00 1.000000000000000056e-01
8.353413654618474027e+01 -3.108213802337169707e+00 1.000000000000000056e-01
8.393574297188754940e+01 -2.879475752617274065e+00 1.000000000000000056e-01
8.433734939759035854e+01 -2.230912574093875556e+00 1.000000000000000056e-01
8.473895582329316767e+01 -1.793104535879522565e+00 1.000000000000000056e-01
8.514056224899597680e+01 -1.524479696276903606e+00 1.000000000000000056e-01
8.554216867469880015e+01 -1.388609453013727846e+00 1.000000000000000056e-01
8.594377510040160928e+01 -8.461486753250645476e-01 1.000000000000000056e-01
8.634538152610441841e+01 -5.317694993212688237e-01 1.000000000000000056e-01
8.674698795180722755e+01 3.631068631767608856e-02 1.000000000000000056e-01
8.714859437751003668e+01 2.641282782244647187e-01 1.000000000000000056e-01
8.755020080321284581e+01 5.190537721752549460e-01 1.000000000000000056e-01
8.795180722891566916e+01 9.516766403261962548e-01 1.000000000000000056e-01
8.835341365461847829e+01 1.289449425082012546e+00 1.000000000000000056e-01
8.875502008032128742e+01 1.723780038222257005e+00 1.000000000000000056e-01
8.915662650602409656e+01 1.933742634777346314e+00 1.000000000000000056e-01
8.955823293172690569e+01 1.810102360334995719e+00 1.000000000000000056e-01
8.995983935742971482e+01 1.408582433244152776e+00 1.000000000000000056e-01
9.036144578313252396e+01 1.164867641294335954e+00 1.000000000000000056e-01
9.076305220883534730e+01 9.456189964833204842e-01 1.000000000000000056e-01
9.116465863453815643e+01 9.205415491009260043e-01 1.000000000000000056e-01
9.156626506024096557e+01 6.935908149570696457e-01 1.000000000000000056e-01
9.196787148594377470e+01 9.477522496219495940e-01 1.000000000000000056e-01
9.236947791164658383e+01 9.775655288907451057e-01 1.000000000000000056e-01
9.277108433734939297e+01 7.997526604757380086e-01 1.000000000000000056e-01
9.317269076305220210e+01 9.507304163799645824e-01 1.000000000000000056e-01
9.357429718875502545e+01 1.439843325157549980e+00 1.000000000000000056e-01
9.397590361445783458e+01 1.909824349044481284e+00 1.000000000000000056e-01
9.437751004016064371e+01 1.307579815743443952e+00 1.000000000000000056e-01
9.477911646586345285e+01 1.135764553555213885e+00 1.000000000000000056e-01
9.518072289156626198e+01 5.439246832843487311e-01 1.000000000000000056e-01
9.558232931726907111e+01 -1.604015638929096599e-01 1.000000000000000056e-01
9.598393574297188025e+01 -3.856301529918653714e-01 1.000000000000000056e-01
9.638554216867470359e+01 -8.467498377441520230e-01 1.000000000000000056e-01
9.678714859437751272e+01 -1.637468602708626486e+00 1.000000000000000056e-01
9.718875502008032186e+01 -2.212494127507409480e+00 1.000000000000000056e-01
9.759036144578313099e+01 -2.032631050785393523e+00 1.000000000000000056e-01
9.799196787148594012e+01 -1.144853292177115067e+00 1.000000000000000056e-01
9.839357429718874926e+01 -2.882490506888724102e-01 1.000000000000000056e-01
9.879518072289157260e+01 9.909868936557000851e-02 1.000000000000000056e-01
9.919678714859438173e+01 -1.253485456347097071e-01 1.000000000000000056e-01
9.959839357429719087e+01 -5.158672369261988466e-01 1.000000000000000056e-01
1.000000000000000000e+02 -5.723436486509414500e-01 1.000000000000000056e-01
