0.000000000000000000e+00 2.249953171546438924e+00 1.000000000000000056e-01
4.016064257028112428e-01 1.826652422915362228e+00 1.000000000000000056e-01
8.032128514056224855e-01 1.335030491862723601e+00 1.000000000000000056e-01
1.204819277108433617e+00 7.436180114433907917e-01 1.000000000000000056e-01
1.606425702811244971e+00 2.457334833460949608e-01 1.000000000000000056e-01
2.008032128514056325e+00 -1.387627036808094794e-01 1.000000000000000056e-01
2.409638554216867234e+00 -1.085305840115813741e-01 1.000000000000000056e-01
2.811244979919678588e+00 6.563084500276816780e-02 1.000000000000000056e-01
3.212851405622489942e+00 4.188132807119049894e-01 1.000000000000000056e-01
3.614457831325301296e+00 1.029404711848348697e+00 1.000000000000000056e-01
4.016064257028112650e+00 1.463133078124916775e+00 1.000000000000000056e-01
4.417670682730923559e+00 1.446323501328117489e+00 1.000000000000000056e-01
4.819277108433734469e+00 1.342705735421468427e+00 1.000000000000000056e-01
5.220883534136546267e+00 8.628216834886980324e-01 1.000000000000000056e-01
5.622489959839357176e+00 3.106549783729395386e-01 1.000000000000000056e-01
6.024096385542168974e+00 6.291224434650591335e-02 1.000000000000000056e-01
6.425702811244979884e+00 -5.479528649916024508e-01 1.000000000000000056e-01
6.827309236947790794e+00 -1.175869435897946236e+00 1.000000000000000056e-01
7.228915662650602592e+00 -1.636730562389402177e+00 1.000000000000000056e-01
7.630522088353413501e+00 -2.071024794051333995e+00 1.000000000000000056e-01
8.032128514056225299e+00 -2.266991528116458987e+00 1.000000000000000056e-01
8.433734939759036209e+00 -2.002141609293155877e+00 1.000000000000000056e-01
8.835341365461847118e+00 -1.482521588501781062e+00 1.000000000000000056e-01
9.236947791164658028e+00 -8.782710767539694263e-01 1.000000000000000056e-01
9.638554216867468938e+00 7.867039570990286279e-02 1.000000000000000056e-01
1.004016064257028162e+01 1.053737429071799570e+00 1.000000000000000056e-01
1.044176706827309253e+01 1.972340432340098815e+00 1.000000000000000056e-01
1.084337349397590344e+01 2.792390603615506173e+00 1.000000000000000056e-01
1.124497991967871435e+01 2.957364635892715032e+00 1.000000000000000056e-01
1.164658634538152526e+01 2.798816148017127414e+00 1.000000000000000056e-01
1.204819277108433795e+01 2.230494479552707077e+00 1.000000000000000056e-01
1.244979919678714886e+01 1.603532950130017953e+00 1.000000000000000056e-01
1.285140562248995977e+01 9.540631154078598186e-01 1.000000000000000056e-01
1.325301204819277068e+01 4.117124419562270266e-01 1.000000000000000056e-01
1.365461847389558159e+01 -5.139844303225815647e-02 1.000000000000000056e-01
1.405622489959839427e+01 -4.907900914962883832e-01 1.000000000000000056e-01
1.445783132530120518e+01 -6.277131904857025102e-01 1.000000000000000056e-01
1.485943775100401609e+01 -6.142132559618749266e-01 1.000000000000000056e-01
1.526104417670682700e+01 -7.262046474508453420e-01 1.000000000000000056e-01
1.566265060240963791e+01 -5.306365246054212115e-01 1.000000000000000056e-01
1.606425702811245060e+01 -1.124728207235782484e+00 1.000000000000000056e-01
1.646586345381525973e+01 -1.127320521889324523e+00 1.000000000000000056e-01
1.686746987951807242e+01 -1.145721455845798209e+00 1.000000000000000056e-01
1.726907630522088510e+01 -6.509142464888585389e-01 1.000000000000000056e-01
1.767068273092369424e+01 -3.172768810219225855e-01 1.000000000000000056e-01
1.807228915662650692e+01 1.228590569200221361e-01 1.000000000000000056e-01
1.847389558232931606e+01 6.909378536441203034e-01 1.000000000000000056e-01
1.887550200803212874e+01 1.121710782727705746e+00 1.000000000000000056e-01
1.927710843373493788e+01 1.583261812439436644e+00 1.000000000000000056e-01
1.967871485943775056e+01 1.792561045139993592e+00 1.000000000000000056e-01
2.008032128514056325e+01 1.652071754073547005e+00 1.000000000000000056e-01
2.048192771084337238e+01 1.961721829144720264e+00 1.000000000000000056e-01
2.088353413654618507e+01 1.973457547805941514e+00 1.000000000000000056e-01
2.128514056224899420e+01 2.189211347554583131e+00 1.000000000000000056e-01
2.168674698795180689e+01 2.493433628526353196e+00 1.000000000000000056e-01
2.208835341365461957e+01 2.410795787574164795e+00 1.000000000000000056e-01
2.248995983935742871e+01 2.457753871556320746e+00 1.000000000000000056e-01
2.289156626506024139e+01 2.511900760880089400e+00 1.000000000000000056e-01
2.329317269076305053e+01 1.982312373189770494e+00 1.000000000000000056e-01
2.369477911646586321e+01 1.867831490166719677e+00 1.000000000000000056e-01
2.409638554216867590e+01 1.646155364515737851e+00 1.000000000000000056e-01
2.449799196787148503e+01 1.072291611632250286e+00 1.000000000000000056e-01
2.489959839357429772e+01 5.797198161126643212e-01 1.000000000000000056e-01
2.530120481927710685e+01 -1.424147713250266956e-01 1.000000000000000056e-01
2.570281124497991954e+01 -7.959921731292526337e-01 1.000000000000000056e-01
2.610441767068273222e+01 -1.283529779884831745e+00 1.000000000000000056e-01
2.650602409638554136e+01 -1.392660484334301341e+00 1.000000000000000056e-01
2.690763052208835404e+01 -1.152840906823338951e+00 1.000000000000000056e-01
2.730923694779116317e+01 -9.782749035645194047e-01 1.000000000000000056e-01
2.771084337349397586e+01 -8.865291454191782661e-01 1.000000000000000056e-01
2.811244979919678855e+01 -5.892750744066740376e-01 1.000000000000000056e-01
2.851405622489959768e+01 -4.553853138801944311e-01 1.000000000000000056e-01
2.891566265060241037e+01 -5.052424841805031042e-01 1.000000000000000056e-01
2.931726907630521950e+01 -1.426730642419976047e-01 1.000000000000000056e-01
2.971887550200803219e+01 -2.930216283350496886e-01 1.000000000000000056e-01
3.012048192771084487e+01 -3.355539426755229093e-01 1.000000000000000056e-01
3.052208835341365400e+01 -6.862332870368382798e-01 1.000000000000000056e-01
3.092369477911646669e+01 -5.389648662301221860e-01 1.000000000000000056e-01
3.132530120481927582e+01 -6.510564350497629604e-01 1.000000000000000056e-01
3.172690763052208851e+01 -4.108859151951730349e-01 1.000000000000000056e-01
3.212851405622490120e+01 -6.101403498543944703e-02 1.000000000000000056e-01
3.253012048192771033e+01 1.372602315932124062e-01 1.000000000000000056e-01
3.293172690763051946e+01 2.745072904394441071e-01 1.000000000000000056e-01
3.333333333333333570e+01 2.701627055835824631e-01 1.000000000000000056e-01
3.373493975903614484e+01 -5.970879303827716922e-02 1.000000000000000056e-01
3.413654618473895397e+01 -3.611754507604316711e-01 1.000000000000000056e-01
3.453815261044177021e+01 -2.913116786076563880e-01 1.000000000000000056e-01
3.493975903614457934e+01 -6.011707402642562093e-01 1.000000000000000056e-01
3.534136546184738847e+01 -7.806015109695481069e-01 1.000000000000000056e-01
3.574297188755019761e+01 -1.158460447923467251e+00 1.000000000000000056e-01
3.614457831325301385e+01 -1.097160435792419175e+00 1.000000000000000056e-01
3.654618473895582298e+01 -6.713762473266637887e-01 1.000000000000000056e-01
3.694779116465863211e+01 -1.510941242968451281e-01 1.000000000000000056e-01
3.734939759036144835e+01 9.224010924026178060e-01 1.000000000000000056e-01
3.775100401606425748e+01 1.901941358673424620e+00 1.000000000000000056e-01
3.815261044176706662e+01 2.809902833840269398e+00 1.000000000000000056e-01
3.855421686746987575e+01 3.765994126181940072e+00 1.000000000000000056e-01
3.895582329317269199e+01 4.012808025872271145e+00 1.000000000000000056e-01
3.935742971887550112e+01 3.937634433787000621e+00 1.000000000000000056e-01
3.975903614457831026e+01 3.772458729868413574e+00 1.000000000000000056e-01
4.016064257028112650e+01 3.400686890315387956e+00 1.000000000000000056e-01
4.056224899598393563e+01 2.744053579481358085e+00 1.000000000000000056e-01
4.096385542168674476e+01 2.250914157234036317e+00 1.000000000000000056e-01
4.136546184738956100e+01 1.745260701331792452e+00 1.000000000000000056e-01
4.176706827309237013e+01 1.216070539595365263e+00 1.000000000000000056e-01
4.216867469879517927e+01 6.471522699657231703e-01 1.000000000000000056e-01
4.257028112449798840e+01 2.436734489710032925e-01 1.000000000000000056e-01
4.297188755020080464e+01 -3.054743792459110319e-01 1.000000000000000056e-01
4.337349397590361377e+01 -4.678974122638318578e-01 1.000000000000000056e-01
4.377510040160642291e+01 -7.033976805413413302e-01 1.000000000000000056e-01
4.417670682730923915e+01 -8.072600588805433075e-01 1.000000000000000056e-01
4.457831325301204828e+01 -7.916686280102398499e-01 1.000000000000000056e-01
4.497991967871485741e+01 -8.819863562628813547e-01 1.000000000000000056e-01
4.538152610441767365e+01 -1.189432417561231192e+00 1.000000000000000056e-01
4.578313253012048278e+01 -1.071169626432081579e+00 1.000000000000000056e-01
4.618473895582329192e+01 -1.114698285740434169e+00 1.000000000000000056e-01
4.658634538152610105e+01 -8.943669582009607932e-01 1.000000000000000056e-01
4.698795180722891729e+01 -1.078335600990662502e-01 1.000000000000000056e-01
4.738955823293172642e+01 6.790538747761436511e-01 1.000000000000000056e-01
4.779116465863453556e+01 1.289445443014017645e+00 1.000000000000000056e-01
4.819277108433735179e+01 2.236686954393786397e+00 1.000000000000000056e-01
4.859437751004016093e+01 2.480361690299551558e+00 1.000000000000000056e-01
4.899598393574297006e+01 2.098025081841663031e+00 1.000000000000000056e-01
4.939759036144578630e+01 1.782545269045991754e+00 1.000000000000000056e-01
4.979919678714859543e+01 1.291243709262675621e+00 1.000000000000000056e-01
5.020080321285140457e+01 9.361505799749613166e-01 1.000000000000000056e-01
5.060240963855421370e+01 4.588603601468790316e-01 1.000000000000000056e-01
5.100401606425702994e+01 1.906262681105267143e-01 1.000000000000000056e-01
5.140562248995983907e+01 2.062066768395794947e-01 1.000000000000000056e-01
5.180722891566264821e+01 3.980799880258135692e-01 1.000000000000000056e-01
5.220883534136546444e+01 4.063963907026387212e-01 1.000000000000000056e-01
5.261044176706827358e+01 1.023250083115588849e+00 1.000000000000000056e-01
5.301204819277108271e+01 6.993052500998970800e-01 1.000000000000000056e-01
5.341365461847389184e+01 7.890739356756988343e-01 1.000000000000000056e-01
5.381526104417670808e+01 5.676203009088732765e-01 1.000000000000000056e-01
5.421686746987951722e+01 6.092287869713072235e-01 1.000000000000000056e-01
5.461847389558232635e+01 4.447191182015972633e-01 1.000000000000000056e-01
5.502008032128514259e+01 4.001046279299453334e-01 1.000000000000000056e-01
5.542168674698795172e+01 2.695822713729498776e-01 1.000000000000000056e-01
5.582329317269076085e+01 -6.759700841699918528e-02 1.000000000000000056e-01
5.622489959839357709e+01 -3.015326063829861236e-01 1.000000000000000056e-01
5.662650602409638623e+01 -1.515560561844408460e-01 1.000000000000000056e-01
5.702811244979919536e+01 2.613296021335785591e-02 1.000000000000000056e-01
5.742971887550200449e+01 2.978546317265787780e-01 1.000000000000000056e-01
5.783132530120482073e+01 2.943333972955056166e-01 1.000000000000000056e-01
5.823293172690762987e+01 2.902205077029512692e-01 1.000000000000000056e-01
5.863453815261043900e+01 1.224977648379336759e-01 1.000000000000000056e-01
5.903614457831325524e+01 6.414672906255400320e-02 1.000000000000000056e-01
5.943775100401606437e+01 6.981028112192991242e-02 1.000000000000000056e-01
5.983935742971887350e+01 2.410322609393099058e-01 1.000000000000000056e-01
6.024096385542168974e+01 6.224262551007360145e-01 1.000000000000000056e-01
6.064257028112449888e+01 1.258096576445465464e+00 1.000000000000000056e-01
6.104417670682730801e+01 1.476942484204106121e+00 1.000000000000000056e-01
6.144578313253011714e+01 1.886517424417610833e+00 1.000000000000000056e-01
6.184738955823293338e+01 1.822369497024655116e+00 1.000000000000000056e-01
6.224899598393574252e+01 1.640596582098256873e+00 1.000000000000000056e-01
6.265060240963855165e+01 1.388989176964503081e+00 1.000000000000000056e-01
6.305220883534136789e+01 1.072741197046822803e+00 1.000000000000000056e-01
6.345381526104417702e+01 4.579762731798123210e-01 1.000000000000000056e-01
6.385542168674698615e+01 -1.165663124872287626e-01 1.000000000000000056e-01
6.425702811244980239e+01 -8.640659752756614242e-01 1.000000000000000056e-01
6.465863453815261153e+01 -1.161212591789062998e+00 1.000000000000000056e-01
6.506024096385542066e+01 -1.174869032155496207e+00 1.000000000000000056e-01
6.546184738955822979e+01 -7.816108207585865664e-01 1.000000000000000056e-01
6.586345381526103893e+01 -4.955340999843653171e-01 1.000000000000000056e-01
6.626506024096384806e+01 -8.052861085928486595e-01 1.000000000000000056e-01
6.666666666666667140e+01 -5.440606791471578330e-01 1.000000000000000056e-01
6.706827309236948054e+01 -5.296103923454885676e-01 1.000000000000000056e-01
6.746987951807228967e+01 -4.174163050346182402e-01 1.000000000000000056e-01
6.787148594377509880e+01 -9.152362249485745949e-01 1.000000000000000056e-01
6.827309236947790794e+01 -1.332520893532727957e+00 1.000000000000000056e-01
6.867469879518071707e+01 -1.921766273023266525e+00 1.000000000000000056e-01
6.907630522088354041e+01 -2.129799515403042687e+00 1.000000000000000056e-01
6.947791164658634955e+01 -2.096798131445713143e+00 1.000000000000000056e-01
6.987951807228915868e+01 -1.967338216320549726e+00 1.000000000000000056e-01
7.028112449799196781e+01 -1.390313842717638471e+00 1.000000000000000056e-01
7.068273092369477695e+01 -1.412001081667155988e+00 1.000000000000000056e-01
7.108433734939758608e+01 -1.065796167906442271e+00 1.000000000000000056e-01
7.148594377510039521e+01 -9.615236834059529558e-01 1.000000000000000056e-01
7.188755020080321856e+01 -5.018019266943682943e-01 1.000000000000000056e-01
7.228915662650602769e+01 -4.156225356005786020e-01 1.000000000000000056e-01
7.269076305220883683e+01 -2.965620448399615139e-01 1.000000000000000056e-01
7.309236947791164596e+01 -6.052482661630495531e-02 1.000000000000000056e-01
7.349397590361445509e+01 -1.526022582967504204e-01 1.000000000000000056e-01
7.389558232931726423e+01 -6.545929904346106665e-02 1.000000000000000056e-01
7.429718875502007336e+01 -1.544879679940172057e-01 1.000000000000000056e-01
7.469879518072289670e+01 -5.186566592066872705e-02 1.000000000000000056e-01
7.510040160642570584e+01 -1.723677905556905976e-01 1.000000000000000056e-01
7.550200803212851497e+01 -4.684094232365859645e-01 1.000000000000000056e-01
7.590361445783132410e+01 -1.798921027787684646e-01 1.000000000000000056e-01
7.630522088353413324e+01 -3.903356883602979166e-01 1.000000000000000056e-01
7.670682730923694237e+01 -1.328807028139213642e-01 1.000000000000000056e-01
7.710843373493975150e+01 2.175714206471518475e-02 1.000000000000000056e-01
7.751004016064257485e+01 -3.276275024526784652e-01 1.000000000000000056e-01
7.791164658634538398e+01 -1.711705438220774145e-01 1.000000000000000056e-01
7.831325301204819311e+01 -4.769632138796975340e-01 1.000000000000000056e-01
7.871485943775100225e+01 -6.891892564057491288e-01 1.000000000000000056e-01
7.911646586345381138e+01 -8.061305822746356320e-01 1.000000000000000056e-01
7.951807228915662051e+01 -5.724291324809028803e-01 1.000000000000000056e-01
7.991967871485944386e+01 1.780999774277877978e-01 1.000000000000000056e-01
8.032128514056225299e+01 1.374009941816008551e+00 1.000000000000000056e-01
8.072289156626506212e+01 2.227489972751305114e+00 1.000000000000000056e-01
8.112449799196787126e+01 2.776653757996732974e+00 1.000000000000000056e-01
8.152610441767068039e+01 2.984117145021892181e+00 1.000000000000000056e-01
8.192771084337348952e+01 3.114164786293904363e+00 1.000000000000000056e-01
8.232931726907629866e+01 2.986201942286635713e+00 1.000000000000000056e-01
8.273092369477912200e+01 2.670514975404849611e+00 1.000000000000000056e-01
8.313253012048193114e+01 2.366526611427986815e+00 1.000000000000000056e-01
8.353413654618474027e+01 1.873177319397589802e+00 1.000000000000000056e-01
8.393574297188754940e+01 1.119986453506245594e+00 1.000000000000000056e-01
8.433734939759035854e+01 2.398973687697574797e-01 1.000000000000000056e-01
8.473895582329316767e+01 -3.146563527057135712e-01 1.000000000000000056e-01
8.514056224899597680e+01 -1.193258688297963888e+00 1.000000000000000056e-01
8.554216867469880015e+01 -1.467580688344967133e+00 1.000000000000000056e-01
8.594377510040160928e+01 -1.662167442855799093e+00 1.000000000000000056e-01
8.634538152610441841e+01 -1.760496566647247185e+00 1.000000000000000056e-01
8.674698795180722755e+01 -1.474688015719247458e+00 1.000000000000000056e-01
8.714859437751003668e+01 -1.213932152103180284e+00 1.000000000000000056e-01
8.755020080321284581e+01 -8.821894035487398700e-01 1.000000000000000056e-01
8.795180722891566916e+01 -7.475126455610371368e-01 1.000000000000000056e-01
8.835341365461847829e+01 -5.972966666330763452e-01 1.000000000000000056e-01
8.875502008032128742e+01 -5.164136506363281587e-01 1.000000000000000056e-01
8.915662650602409656e+01 -4.861143168059764430e-01 1.000000000000000056e-01
8.955823293172690569e+01 -7.337992258841498083e-01 1.000000000000000056e-01
8.995983935742971482e+01 -8.998564532760626733e-01 1.000000000000000056e-01
9.036144578313252396e+01 -6.416546203212686317e-01 1.000000000000000056e-01
9.076305220883534730e+01 -8.712792775095104525e-02 1.000000000000000056e-01
9.116465863453815643e+01 3.846774360065670639e-01 1.000000000000000056e-01
9.156626506024096557e+01 8.279815362351153896e-01 1.000000000000000056e-01
9.196787148594377470e+01 1.152856113640901903e+00 1.000000000000000056e-01
9.236947791164658383e+01 1.004205961324475593e+00 1.000000000000000056e-01
9.277108433734939297e+01 7.922499585476104889e-01 1.000000000000000056e-01
9.317269076305220210e+01 5.658985657954280768e-01 1.000000000000000056e-01
9.357429718875502545e+01 -2.289890491727755717e-02 1.000000000000000056e-01
9.397590361445783458e+01 -7.238628262079761788e-02 1.000000000000000056e-01
9.437751004016064371e+01 -4.065588407018239092e-02 1.000000000000000056e-01
9.477911646586345285e+01 -1.474239832195856081e-02 1.000000000000000056e-01
9.518072289156626198e+01 3.554819246167710833e-01 1.000000000000000056e-01
9.558232931726907111e+01 4.980197597616520255e-01 1.000000000000000056e-01
9.598393574297188025e+01 9.097262281758212721e-01 1.000000000000000056e-01
9.638554216867470359e+01 1.206812895915202466e+00 1.000000000000000056e-01
9.678714859437751272e+01 1.182739959155738374e+00 1.000000000000000056e-01
9.718875502008032186e+01 9.278682367776850404e-01 1.000000000000000056e-01
9.759036144578313099e+01 9.087645325781652517e-01 1.000000000000000056e-01
9.799196787148594012e+01 8.619848763955854087e-01 1.000000000000000056e-01
9.839357429718874926e+01 8.738193185063695134e-01 1.000000000000000056e-01
9.879518072289157260e+01 9.975903385422530967e-01 1.000000000000000056e-01
9.919678714859438173e+01 8.293912438408109766e-01 1.000000000000000056e-01
9.959839357429719087e+01 7.648170936961621313e-01 1.000000000000000056e-01
1.000000000000000000e+02 6.970218463352327865e-01 1.000000000000000056e-01
