0.000000000000000000e+00 -4.267179199458626115e+00 1.000000000000000056e-01
4.016064257028112428e-01 -3.769420775989835715e+00 1.000000000000000056e-01
8.032128514056224855e-01 -2.702033212920322836e+00 1.000000000000000056e-01
1.204819277108433617e+00 -1.174918352099906471e+00 1.000000000000000056e-01
1.606425702811244971e+00 -1.195739944718089837e-01 1.000000000000000056e-01
2.008032128514056325e+00 1.062969827894074903e+00 1.000000000000000056e-01
2.409638554216867234e+00 1.599665921629878973e+00 1.000000000000000056e-01
2.811244979919678588e+00 1.682136581104591855e+00 1.000000000000000056e-01
3.212851405622489942e+00 1.737025069960510093e+00 1.000000000000000056e-01
3.614457831325301296e+00 1.248085774383704605e+00 1.000000000000000056e-01
4.016064257028112650e+00 9.768122585921896750e-01 1.000000000000000056e-01
4.417670682730923559e+00 6.400427025060511088e-01 1.000000000000000056e-01
4.819277108433734469e+00 4.827571935720714746e-01 1.000000000000000056e-01
5.220883534136546267e+00 6.407233145136341790e-01 1.000000000000000056e-01
5.622489959839357176e+00 9.993691841647658336e-01 1.000000000000000056e-01
6.024096385542168974e+00 1.388459671889850977e+00 1.000000000000000056e-01
6.425702811244979884e+00 1.621931470386916541e+00 1.000000000000000056e-01
6.827309236947790794e+00 1.570425757233567143e+00 1.000000000000000056e-01
7.228915662650602592e+00 9.784768188907629893e-01 1.000000000000000056e-01
7.630522088353413501e+00 3.958616686575503474e-01 1.000000000000000056e-01
8.032128514056225299e+00 -2.831235572084084828e-01 1.000000000000000056e-01
8.433734939759036209e+00 -7.958499019105921279e-01 1.000000000000000056e-01
8.835341365461847118e+00 -1.311827661862615013e+00 1.000000000000000056e-01
9.236947791164658028e+00 -1.731947409085926592e+00 1.000000000000000056e-01
9.638554216867468938e+00 -1.422352720602368947e+00 1.000000000000000056e-01
1.004016064257028162e+01 -1.216884235898529010e+00 1.000000000000000056e-01
1.044176706827309253e+01 -1.100084285085740632e+00 1.000000000000000056e-01
1.084337349397590344e+01 -1.055462566691971471e+00 1.000000000000000056e-01
1.124497991967871435e+01 -9.818951295836970683e-01 1.000000000000000056e-01
1.164658634538152526e+01 -1.204902469652651575e+00 1.000000000000000056e-01
1.204819277108433795e+01 -1.419346793209854907e+00 1.000000000000000056e-01
1.244979919678714886e+01 -1.573460066881341435e+00 1.000000000000000056e-01
1.285140562248995977e+01 -1.232999279727585051e+00 1.000000000000000056e-01
1.325301204819277068e+01 -1.329223847713571605e+00 1.000000000000000056e-01
1.365461847389558159e+01 -1.356215226057143841e+00 1.000000000000000056e-01
1.405622489959839427e+01 -1.395252701010686103e+00 1.000000000000000056e-01
1.445783132530120518e+01 -1.555986880653227766e+00 1.000000000000000056e-01
1.485943775100401609e+01 -1.359183237007879796e+00 1.000000000000000056e-01
1.526104417670682700e+01 -3.868852757908950446e-01 1.000000000000000056e-01
1.566265060240963791e+01 -2.406157063526248585e-02 1.000000000000000056e-01
1.606425702811245060e+01 -2.449440362740884225e-01 1.000000000000000056e-01
1.646586345381525973e+01 -6.843005224640712481e-01 1.000000000000000056e-01
1.686746987951807242e+01 -1.103674518620853640e+00 1.000000000000000056e-01
1.726907630522088510e+01 -1.068316896407741190e+00 1.000000000000000056e-01
1.767068273092369424e+01 -1.067186314714729134e+00 1.000000000000000056e-01
1.807228915662650692e+01 -8.215546472928302313e-01 1.000000000000000056e-01
1.847389558232931606e+01 -4.552224894085451501e-01 1.000000000000000056e-01
1.887550200803212874e+01 4.227424440323637733e-02 1.000000000000000056e-01
1.927710843373493788e+01 1.039778207560374534e+00 1.000000000000000056e-01
1.967871485943775056e+01 1.800771755768421301e+00 1.000000000000000056e-01
2.008032128514056325e+01 1.528841273535142431e+00 1.000000000000000056e-01
2.048192771084337238e+01 8.161465370129474817e-01 1.000000000000000056e-01
2.088353413654618507e+01 -4.331727555296073784e-01 1.000000000000000056e-01
2.128514056224899420e+01 -1.331969854731058778e+00 1.000000000000000056e-01
2.168674698795180689e+01 -2.247588846719077438e+00 1.000000000000000056e-01
2.208835341365461957e+01 -2.392624136009950497e+00 1.000000000000000056e-01
2.248995983935742871e+01 -2.296222502317786240e+00 1.000000000000000056e-01
2.289156626506024139e+01 -2.319999289608925874e+00 1.000000000000000056e-01
2.329317269076305053e+01 -2.008611266380109672e+00 1.000000000000000056e-01
2.369477911646586321e+01 -2.260005909791891643e+00 1.000000000000000056e-01
2.409638554216867590e+01 -1.890866674087497978e+00 1.000000000000000056e-01
2.449799196787148503e+01 -1.561810155706305547e+00 1.000000000000000056e-01
2.489959839357429772e+01 -7.458683488687681828e-01 1.000000000000000056e-01
2.530120481927710685e+01 -5.407162350335849021e-01 1.000000000000000056e-01
2.570281124497991954e+01 8.140877752730595052e-02 1.000000000000000056e-01
2.610441767068273222e+01 3.610069269612948273e-01 1.000000000000000056e-01
2.650602409638554136e+01 3.509379625732712560e-01 1.000000000000000056e-01
2.690763052208835404e+01 -9.999323411981457521e-02 1.000000000000000056e-01
2.730923694779116317e+01 -1.110718342590754526e+00 1.000000000000000056e-01
2.771084337349397586e+01 -1.578451530435140748e+00 1.000000000000000056e-01
2.811244979919678855e+01 -2.226268280146953771e+00 1.000000000000000056e-01
2.851405622489959768e+01 -2.515785229865757255e+00 1.000000000000000056e-01
2.891566265060241037e+01 -2.554192393009541817e+00 1.000000000000000056e-01
2.931726907630521950e+01 -2.620612504800870823e+00 1.000000000000000056e-01
2.971887550200803219e+01 -2.437361500021393290e+00 1.000000000000000056e-01
3.012048192771084487e+01 -2.094217548155933528e+00 1.000000000000000056e-01
3.052208835341365400e+01 -2.006931472851502196e+00 1.000000000000000056e-01
3.092369477911646669e+01 -1.792691188926244017e+00 1.000000000000000056e-01
3.132530120481927582e+01 -2.154580202148958623e+00 1.000000000000000056e-01
3.172690763052208851e+01 -2.673323925855348282e+00 1.000000000000000056e-01
3.212851405622490120e+01 -3.143899173793848423e+00 1.000000000000000056e-01
3.253012048192771033e+01 -3.692378181241368296e+00 1.000000000000000056e-01
3.293172690763051946e+01 -3.819513690163482522e+00 1.000000000000000056e-01
3.333333333333333570e+01 -4.133432386331961972e+00 1.000000000000000056e-01
3.373493975903614484e+01 -3.672445414185071311e+00 1.000000000000000056e-01
3.413654618473895397e+01 -3.302905131545729844e+00 1.000000000000000056e-01
3.453815261044177021e+01 -3.017383652502112934e+00 1.000000000000000056e-01
3.493975903614457934e+01 -2.931513760314087946e+00 1.000000000000000056e-01
3.534136546184738847e+01 -3.027015270895393240e+00 1.000000000000000056e-01
3.574297188755019761e+01 -2.894574042393172508e+00 1.000000000000000056e-01
3.614457831325301385e+01 -3.096538458903482560e+00 1.000000000000000056e-01
3.654618473895582298e+01 -3.240597412778649655e+00 1.000000000000000056e-01
3.694779116465863211e+01 -3.147015265512246085e+00 1.000000000000000056e-01
3.734939759036144835e+01 -2.731805212675988415e+00 1.000000000000000056e-01
3.775100401606425748e+01 -2.343845302639187445e+00 1.000000000000000056e-01
3.815261044176706662e+01 -1.631331716033453505e+00 1.000000000000000056e-01
3.855421686746987575e+01 -8.991689448050402822e-01 1.000000000000000056e-01
3.895582329317269199e+01 -1.927074082565925772e-01 1.000000000000000056e-01
3.935742971887550112e+01 -9.486560050866951754e-02 1.000000000000000056e-01
3.975903614457831026e+01 -7.435963409101731258e-02 1.000000000000000056e-01
4.016064257028112650e+01 -2.361766931264970559e-01 1.000000000000000056e-01
4.056224899598393563e+01 -2.630093606305515253e-01 1.000000000000000056e-01
4.096385542168674476e+01 -1.571567412985662437e-01 1.000000000000000056e-01
4.136546184738956100e+01 -1.064531338388416404e-02 1.000000000000000056e-01
4.176706827309237013e+01 9.479027505332154879e-02 1.000000000000000056e-01
4.216867469879517927e+01 -1.689272925314119211e-01 1.000000000000000056e-01
4.257028112449798840e+01 -3.692653496592361861e-01 1.000000000000000056e-01
4.297188755020080464e+01 -5.284628927904306828e-01 1.000000000000000056e-01
4.337349397590361377e+01 -1.079170098654078203e+00 1.000000000000000056e-01
4.377510040160642291e+01 -1.416058869068202775e+00 1.000000000000000056e-01
4.417670682730923915e+01 -1.561881020711778589e+00 1.000000000000000056e-01
4.457831325301204828e+01 -1.844174780938962144e+00 1.000000000000000056e-01
4.497991967871485741e+01 -1.726997958879121775e+00 1.000000000000000056e-01
4.538152610441767365e+01 -2.190783297997896284e+00 1.000000000000000056e-01
4.578313253012048278e+01 -2.684965302063597736e+00 1.000000000000000056e-01
4.618473895582329192e+01 -2.644811222137767093e+00 1.000000000000000056e-01
4.658634538152610105e+01 -2.056280763643837162e+00 1.000000000000000056e-01
4.698795180722891729e+01 -6.956060481451628030e-01 1.000000000000000056e-01
4.738955823293172642e+01 8.646906574234815013e-01 1.000000000000000056e-01
4.779116465863453556e+01 1.574733150188797559e+00 1.000000000000000056e-01
4.819277108433735179e+01 2.265706444715888335e+00 1.000000000000000056e-01
4.859437751004016093e+01 2.292021312503009334e+00 1.000000000000000056e-01
4.899598393574297006e+01 1.862654782098055017e+00 1.000000000000000056e-01
4.939759036144578630e+01 1.098435651885643072e+00 1.000000000000000056e-01
4.979919678714859543e+01 7.761829781564939523e-01 1.000000000000000056e-01
5.020080321285140457e+01 5.020479382497217147e-01 1.000000000000000056e-01
5.060240963855421370e+01 6.044338623411038558e-01 1.000000000000000056e-01
5.100401606425702994e+01 6.789110627525860586e-01 1.000000000000000056e-01
5.140562248995983907e+01 9.149793080086466857e-01 1.000000000000000056e-01
5.180722891566264821e+01 1.345967189571774858e+00 1.000000000000000056e-01
5.220883534136546444e+01 1.569208267212714336e+00 1.000000000000000056e-01
5.261044176706827358e+01 1.376143886514944015e+00 1.000000000000000056e-01
5.301204819277108271e+01 8.897070935240806167e-01 1.000000000000000056e-01
5.341365461847389184e+01 4.340665947537022396e-01 1.000000000000000056e-01
5.381526104417670808e+01 -6.932741212267526376e-02 1.000000000000000056e-01
5.421686746987951722e+01 -4.961335256900873958e-01 1.000000000000000056e-01
5.461847389558232635e+01 -6.423144516030986351e-01 1.000000000000000056e-01
5.502008032128514259e+01 -8.897846240283020514e-01 1.000000000000000056e-01
5.542168674698795172e+01 -6.634486961740584388e-01 1.000000000000000056e-01
5.582329317269076085e+01 -4.030067265976431945e-01 1.000000000000000056e-01
5.622489959839357709e+01 -5.110081399430933535e-01 1.000000000000000056e-01
5.662650602409638623e+01 -9.224307929508609449e-01 1.000000000000000056e-01
5.702811244979919536e+01 -1.376099906655363858e+00 1.000000000000000056e-01
5.742971887550200449e+01 -1.565744525755296879e+00 1.000000000000000056e-01
5.783132530120482073e+01 -1.407832259061013058e+00 1.000000000000000056e-01
5.823293172690762987e+01 -1.326673245027750303e+00 1.000000000000000056e-01
5.863453815261043900e+01 -1.116202406360046195e+00 1.000000000000000056e-01
5.903614457831325524e+01 -8.214565131433970713e-01 1.000000000000000056e-01
5.943775100401606437e+01 -7.859041883715752741e-01 1.000000000000000056e-01
5.983935742971887350e+01 -1.039411726039359163e+00 1.000000000000000056e-01
6.024096385542168974e+01 -1.008082280194362967e+00 1.000000000000000056e-01
6.064257028112449888e+01 -1.177695361015398845e+00 1.000000000000000056e-01
6.104417670682730801e+01 -1.677547294659374133e+00 1.000000000000000056e-01
6.144578313253011714e+01 -1.743598110382033273e+00 1.000000000000000056e-01
6.184738955823293338e+01 -1.641428827293541337e+00 1.000000000000000056e-01
6.224899598393574252e+01 -1.480972060969150572e+00 1.000000000000000056e-01
6.265060240963855165e+01 -1.102836338074372646e+00 1.000000000000000056e-01
6.305220883534136789e+01 -3.820563443221359212e-01 1.000000000000000056e-01
6.345381526104417702e+01 -1.395592230724125582e-01 1.000000000000000056e-01
6.385542168674698615e+01 -4.188260266893945039e-01 1.000000000000000056e-01
6.425702811244980239e+01 -8.722339676145767218e-01 1.000000000000000056e-01
6.465863453815261153e+01 -1.463480748610732629e+00 1.000000000000000056e-01
6.506024096385542066e+01 -1.845477573785375025e+00 1.000000000000000056e-01
6.546184738955822979e+01 -2.278058599971200415e+00 1.000000000000000056e-01
6.586345381526103893e+01 -2.530017353848693862e+00 1.000000000000000056e-01
6.626506024096384806e+01 -2.628274048367815752e+00 1.000000000000000056e-01
6.666666666666667140e+01 -1.985273941046584500e+00 1.000000000000000056e-01
6.706827309236948054e+01 -1.734949924318564873e+00 1.000000000000000056e-01
6.746987951807228967e+01 -1.050718835432471465e+00 1.000000000000000056e-01
6.787148594377509880e+01 -4.855779875127707035e-01 1.000000000000000056e-01
6.827309236947790794e+01 -5.890839919131263258e-01 1.000000000000000056e-01
6.867469879518071707e+01 -9.636767263938206263e-01 1.000000000000000056e-01
6.907630522088354041e+01 -1.268035698148408663e+00 1.000000000000000056e-01
6.947791164658634955e+01 -1.412333521747240583e+00 1.000000000000000056e-01
6.987951807228915868e+01 -1.299934085781091042e+00 1.000000000000000056e-01
7.028112449799196781e+01 -1.221204946962335391e+00 1.000000000000000056e-01
7.068273092369477695e+01 -1.426290901519188692e+00 1.000000000000000056e-01
7.108433734939758608e+01 -1.605198433330506269e+00 1.000000000000000056e-01
7.148594377510039521e+01 -1.916245370187051655e+00 1.000000000000000056e-01
7.188755020080321856e+01 -1.933658437542670416e+00 1.000000000000000056e-01
7.228915662650602769e+01 -1.677434092654006781e+00 1.000000000000000056e-01
7.269076305220883683e+01 -1.626366847217802558e+00 1.000000000000000056e-01
7.309236947791164596e+01 -1.436113087301605029e+00 1.000000000000000056e-01
7.349397590361445509e+01 -1.373341371017035684e+00 1.000000000000000056e-01
7.389558232931726423e+01 -7.472901057850476203e-01 1.000000000000000056e-01
7.429718875502007336e+01 -6.371788984206762096e-01 1.000000000000000056e-01
7.469879518072289670e+01 -5.851470462591684685e-01 1.000000000000000056e-01
7.510040160642570584e+01 -1.362390032846928278e+00 1.000000000000000056e-01
7.550200803212851497e+01 -1.816801004343873593e+00 1.000000000000000056e-01
7.590361445783132410e+01 -2.518499075900419992e+00 1.000000000000000056e-01
7.630522088353413324e+01 -2.633359805173162815e+00 1.000000000000000056e-01
7.670682730923694237e+01 -2.421355618253630215e+00 1.000000000000000056e-01
7.710843373493975150e+01 -1.711922809293080272e+00 1.000000000000000056e-01
7.751004016064257485e+01 -1.010755050185569548e+00 1.000000000000000056e-01
7.791164658634538398e+01 1.259152395885932973e-01 1.000000000000000056e-01
7.831325301204819311e+01 7.582853897734017634e-01 1.000000000000000056e-01
7.871485943775100225e+01 1.215794290802890920e+00 1.000000000000000056e-01
7.911646586345381138e+01 1.526745784703828601e+00 1.000000000000000056e-01
7.951807228915662051e+01 1.396398812262453326e+00 1.000000000000000056e-01
7.991967871485944386e+01 1.389431657439687440e+00 1.000000000000000056e-01
8.032128514056225299e+01 1.217004172735713041e+00 1.000000000000000056e-01
8.072289156626506212e+01 9.007623713118960707e-01 1.000000000000000056e-01
8.112449799196787126e+01 3.023712176822662689e-01 1.000000000000000056e-01
8.152610441767068039e+01 -4.321306609955720690e-01 1.000000000000000056e-01
8.192771084337348952e+01 -7.979116767495071372e-01 1.000000000000000056e-01
8.232931726907629866e+01 -1.179290918207161143e+00 1.000000000000000056e-01
8.273092369477912200e+01 -1.155202507752779884e+00 1.000000000000000056e-01
8.313253012048193114e+01 -1.187713536255534885e+00 1.000000000000000056e-01
8.353413654618474027e+01 -6.135542900951607148e-01 1.000000000000000056e-01
8.393574297188754940e+01 5.319842628308103782e-02 1.000000000000000056e-01
8.433734939759035854e+01 6.808953625438372015e-01 1.000000000000000056e-01
8.473895582329316767e+01 7.198583543817647090e-01 1.000000000000000056e-01
8.514056224899597680e+01 9.627180193602334901e-01 1.000000000000000056e-01
8.554216867469880015e+01 6.671697392575804963e-01 1.000000000000000056e-01
8.594377510040160928e+01 1.805459819915192221e-02 1.000000000000000056e-01
8.634538152610441841e+01 -2.758613765289021913e-01 1.000000000000000056e-01
8.674698795180722755e+01 -4.497457227997279094e-01 1.000000000000000056e-01
8.714859437751003668e+01 -4.988116696072839584e-01 1.000000000000000056e-01
8.755020080321284581e+01 -4.257414104083022122e-01 1.000000000000000056e-01
8.795180722891566916e+01 -3.647675722446784286e-01 1.000000000000000056e-01
8.835341365461847829e+01 -4.664919385181210409e-01 1.000000000000000056e-01
8.875502008032128742e+01 -5.458005946698578637e-01 1.000000000000000056e-01
8.915662650602409656e+01 -7.238321965523364376e-01 1.000000000000000056e-01
8.955823293172690569e+01 -1.269697080835612502e+00 1.000000000000000056e-01
8.995983935742971482e+01 -1.440138014934215782e+00 1.000000000000000056e-01
9.036144578313252396e+01 -1.398911998606199969e+00 1.000000000000000056e-01
9.076305220883534730e+01 -1.431663599699875222e+00 1.000000000000000056e-01
9.116465863453815643e+01 -1.573860087551032461e+00 1.000000000000000056e-01
9.156626506024096557e+01 -1.779806305829984892e+00 1.000000000000000056e-01
9.196787148594377470e+01 -1.755791088327102623e+00 1.000000000000000056e-01
9.236947791164658383e+01 -1.298134887416892314e+00 1.000000000000000056e-01
9.277108433734939297e+01 -8.283696486289885419e-01 1.000000000000000056e-01
9.317269076305220210e+01 4.025693662927085081e-02 1.000000000000000056e-01
9.357429718875502545e+01 3.905496742494192763e-01 1.000000000000000056e-01
9.397590361445783458e+01 6.691996779563108566e-01 1.000000000000000056e-01
9.437751004016064371e+01 7.988146077845058590e-01 1.000000000000000056e-01
9.477911646586345285e+01 6.029401444572823898e-02 1.000000000000000056e-01
9.518072289156626198e+01 -5.666066826206154206e-01 1.000000000000000056e-01
9.558232931726907111e+01 -9.424444514690061281e-01 1.000000000000000056e-01
9.598393574297188025e+01 -1.083223993565412435e+00 1.000000000000000056e-01
9.638554216867470359e+01 -1.052525614781657293e+00 1.000000000000000056e-01
9.678714859437751272e+01 -1.034074702817002533e+00 1.000000000000000056e-01
9.718875502008032186e+01 -9.964191827757172826e-01 1.000000000000000056e-01
9.759036144578313099e+01 -4.733023794891025871e-01 1.000000000000000056e-01
9.799196787148594012e+01 5.594003128947233616e-02 1.000000000000000056e-01
9.839357429718874926e+01 5.444824436592933248e-01 1.000000000000000056e-01
9.879518072289157260e+01 9.679791713668672859e-01 1.000000000000000056e-01
9.919678714859438173e+01 1.147160400515412570e+00 1.000000000000000056e-01
9.959839357429719087e+01 1.061426349912897749e+00 1.000000000000000056e-01
1.000000000000000000e+02 6.764262203227222603e-01 1.000000000000000056e-01
