0.000000000000000000e+00 -3.163740767157001699e+00 1.000000000000000056e-01
4.016064257028112428e-01 -3.460599851536139138e+00 1.000000000000000056e-01
8.032128514056224855e-01 -3.131279500227093227e+00 1.000000000000000056e-01
1.204819277108433617e+00 -1.911304423590442836e+00 1.000000000000000056e-01
1.606425702811244971e+00 -1.130731658735668749e-01 1.000000000000000056e-01
2.008032128514056325e+00 6.032555365312149975e-01 1.000000000000000056e-01
2.409638554216867234e+00 1.951981808140300645e-01 1.000000000000000056e-01
2.811244979919678588e+00 2.311735045047513815e-02 1.000000000000000056e-01
3.212851405622489942e+00 -4.735628392558143274e-01 1.000000000000000056e-01
3.614457831325301296e+00 -3.282863337107100321e-01 1.000000000000000056e-01
4.016064257028112650e+00 -1.230886411030443842e-02 1.000000000000000056e-01
4.417670682730923559e+00 3.497347002425355567e-01 1.000000000000000056e-01
4.819277108433734469e+00 2.472712475764735074e-01 1.000000000000000056e-01
5.220883534136546267e+00 -1.618062735362036375e-01 1.000000000000000056e-01
5.622489959839357176e+00 -5.452805412577137467e-01 1.000000000000000056e-01
6.024096385542168974e+00 -2.586992391562552562e-01 1.000000000000000056e-01
6.425702811244979884e+00 4.429278044604692544e-01 1.000000000000000056e-01
6.827309236947790794e+00 1.034438962613637214e+00 1.000000000000000056e-01
7.228915662650602592e+00 1.216414971955657620e+00 1.000000000000000056e-01
7.630522088353413501e+00 6.979496320509929186e-01 1.000000000000000056e-01
8.032128514056225299e+00 6.244006827817637495e-01 1.000000000000000056e-01
8.433734939759036209e+00 7.046827318343178437e-01 1.000000000000000056e-01
8.835341365461847118e+00 3.138207801701978772e-01 1.000000000000000056e-01
9.236947791164658028e+00 -7.670534220653439927e-01 1.000000000000000056e-01
9.638554216867468938e+00 -1.230171869795670947e+00 1.000000000000000056e-01
1.004016064257028162e+01 -1.526486266982705509e+00 1.000000000000000056e-01
1.044176706827309253e+01 -1.224926419069021222e+00 1.000000000000000056e-01
1.084337349397590344e+01 -7.625429010365241123e-01 1.000000000000000056e-01
1.124497991967871435e+01 -8.697448054876594226e-01 1.000000000000000056e-01
1.164658634538152526e+01 -1.092702909813924039e+00 1.000000000000000056e-01
1.204819277108433795e+01 -1.381746832944586778e+00 1.000000000000000056e-01
1.244979919678714886e+01 -1.074441449266658299e+00 1.000000000000000056e-01
1.285140562248995977e+01 -7.887678726871989454e-01 1.000000000000000056e-01
1.325301204819277068e+01 -8.279092587612745247e-01 1.000000000000000056e-01
1.365461847389558159e+01 -8.677764232080900086e-01 1.000000000000000056e-01
1.405622489959839427e+01 -1.140323577223712581e+00 1.000000000000000056e-01
1.445783132530120518e+01 -1.696979616550208902e+00 1.000000000000000056e-01
1.485943775100401609e+01 -1.775256638820477795e+00 1.000000000000000056e-01
1.526104417670682700e+01 -7.282531515941047529e-01 1.000000000000000056e-01
1.566265060240963791e+01 2.337432792488589595e-01 1.000000000000000056e-01
1.606425702811245060e+01 8.213080776308213649e-01 1.000000000000000056e-01
1.646586345381525973e+01 2.106292029284369538e-01 1.000000000000000056e-01
1.686746987951807242e+01 2.937700512523882534e-01 1.000000000000000056e-01
1.726907630522088510e+01 5.870671305961082664e-01 1.000000000000000056e-01
1.767068273092369424e+01 1.831003709495159226e-01 1.000000000000000056e-01
1.807228915662650692e+01 -5.913866433900210051e-01 1.000000000000000056e-01
1.847389558232931606e+01 -6.652498843653449345e-01 1.000000000000000056e-01
1.887550200803212874e+01 2.266290576164172732e-01 1.000000000000000056e-01
1.927710843373493788e+01 1.377633348975179306e+00 1.000000000000000056e-01
1.967871485943775056e+01 1.571554378833006416e+00 1.000000000000000056e-01
2.008032128514056325e+01 6.313284719945315704e-01 1.000000000000000056e-01
2.048192771084337238e+01 -5.323216473007721383e-01 1.000000000000000056e-01
2.088353413654618507e+01 -1.052193630168817950e+00 1.000000000000000056e-01
2.128514056224899420e+01 -4.826401500979629056e-01 1.000000000000000056e-01
2.168674698795180689e+01 9.563297857685666703e-02 1.000000000000000056e-01
2.208835341365461957e+01 7.979911820367294184e-02 1.000000000000000056e-01
2.248995983935742871e+01 -4.622954582315775829e-01 1.000000000000000056e-01
2.289156626506024139e+01 -8.616018039488196889e-01 1.000000000000000056e-01
2.329317269076305053e+01 -8.043144189050894788e-01 1.000000000000000056e-01
2.369477911646586321e+01 -5.665711154110568692e-01 1.000000000000000056e-01
2.409638554216867590e+01 -8.921756512371952219e-01 1.000000000000000056e-01
2.449799196787148503e+01 -1.305751288599319437e+00 1.000000000000000056e-01
2.489959839357429772e+01 -2.162480329725176009e+00 1.000000000000000056e-01
2.530120481927710685e+01 -2.262251494977568278e+00 1.000000000000000056e-01
2.570281124497991954e+01 -2.077939461383735420e+00 1.000000000000000056e-01
2.610441767068273222e+01 -2.005905867446354129e+00 1.000000000000000056e-01
2.650602409638554136e+01 -2.271708321435811140e+00 1.000000000000000056e-01
2.690763052208835404e+01 -3.064096372261225554e+00 1.000000000000000056e-01
2.730923694779116317e+01 -3.985442229446663820e+00 1.000000000000000056e-01
2.771084337349397586e+01 -5.036089534635276976e+00 1.000000000000000056e-01
2.811244979919678855e+01 -5.023329711444660006e+00 1.000000000000000056e-01
2.851405622489959768e+01 -4.866188618198438398e+00 1.000000000000000056e-01
2.891566265060241037e+01 -3.653963503783909772e+00 1.000000000000000056e-01
2.931726907630521950e+01 -2.000937383475128950e+00 1.000000000000000056e-01
2.971887550200803219e+01 -4.930166919038547202e-01 1.000000000000000056e-01
3.012048192771084487e+01 -7.732761132325488562e-03 1.000000000000000056e-01
3.052208835341365400e+01 3.601419656301122485e-01 1.000000000000000056e-01
3.092369477911646669e+01 1.109163142077860265e+00 1.000000000000000056e-01
3.132530120481927582e+01 1.359409171252041748e+00 1.000000000000000056e-01
3.172690763052208851e+01 1.248013880459134750e+00 1.000000000000000056e-01
3.212851405622490120e+01 8.152290731105602539e-01 1.000000000000000056e-01
3.253012048192771033e+01 5.960116896385542207e-01 1.000000000000000056e-01
3.293172690763051946e+01 2.375120868154467213e-01 1.000000000000000056e-01
3.333333333333333570e+01 2.421494574350174511e-01 1.000000000000000056e-01
3.373493975903614484e+01 5.806121128512540253e-01 1.000000000000000056e-01
3.413654618473895397e+01 8.512774823377056155e-01 1.000000000000000056e-01
3.453815261044177021e+01 3.929523384359271398e-01 1.000000000000000056e-01
3.493975903614457934e+01 -2.432164044029305749e-02 1.000000000000000056e-01
3.534136546184738847e+01 -5.219791403585051226e-01 1.000000000000000056e-01
3.574297188755019761e+01 -4.203425916146942831e-01 1.000000000000000056e-01
3.614457831325301385e+01 9.065496000553466271e-02 1.000000000000000056e-01
3.654618473895582298e+01 9.783224581010095955e-01 1.000000000000000056e-01
3.694779116465863211e+01 1.553939685900226131e+00 1.000000000000000056e-01
3.734939759036144835e+01 1.779070388104317946e+00 1.000000000000000056e-01
3.775100401606425748e+01 1.322176108146458029e+00 1.000000000000000056e-01
3.815261044176706662e+01 3.013825242656148484e-01 1.000000000000000056e-01
3.855421686746987575e+01 -1.039399582363538688e+00 1.000000000000000056e-01
3.895582329317269199e+01 -2.167903152094768693e+00 1.000000000000000056e-01
3.935742971887550112e+01 -3.369160505412438944e+00 1.000000000000000056e-01
3.975903614457831026e+01 -3.266254397857817349e+00 1.000000000000000056e-01
4.016064257028112650e+01 -1.556792015297472798e+00 1.000000000000000056e-01
4.056224899598393563e+01 2.866901742241352857e-01 1.000000000000000056e-01
4.096385542168674476e+01 7.307818315185063973e-01 1.000000000000000056e-01
4.136546184738956100e+01 -1.816900441743074801e-01 1.000000000000000056e-01
4.176706827309237013e+01 -9.339590844857056373e-01 1.000000000000000056e-01
4.216867469879517927e+01 -9.897945879860210461e-01 1.000000000000000056e-01
4.257028112449798840e+01 -8.559504841413526632e-01 1.000000000000000056e-01
4.297188755020080464e+01 8.310875125029940080e-03 1.000000000000000056e-01
4.337349397590361377e+01 6.719618544186102271e-01 1.000000000000000056e-01
4.377510040160642291e+01 1.376289037407014471e+00 1.000000000000000056e-01
4.417670682730923915e+01 1.025317185878528825e+00 1.000000000000000056e-01
4.457831325301204828e+01 1.616609253450039252e-01 1.000000000000000056e-01
4.497991967871485741e+01 -8.402351695258272191e-01 1.000000000000000056e-01
4.538152610441767365e+01 -1.326040817230720092e+00 1.000000000000000056e-01
4.578313253012048278e+01 -1.482438607977356160e+00 1.000000000000000056e-01
4.618473895582329192e+01 -1.218894491345449582e+00 1.000000000000000056e-01
4.658634538152610105e+01 -8.801692646986946089e-01 1.000000000000000056e-01
4.698795180722891729e+01 -2.094726433278145672e-01 1.000000000000000056e-01
4.738955823293172642e+01 3.427156001818707498e-01 1.000000000000000056e-01
4.779116465863453556e+01 1.013332432971341568e+00 1.000000000000000056e-01
4.819277108433735179e+01 1.328217754336824763e+00 1.000000000000000056e-01
4.859437751004016093e+01 1.453789772425630344e+00 1.000000000000000056e-01
4.899598393574297006e+01 1.466396542204284392e+00 1.000000000000000056e-01
4.939759036144578630e+01 1.218666732454229740e+00 1.000000000000000056e-01
4.979919678714859543e+01 7.368684190581565874e-01 1.000000000000000056e-01
5.020080321285140457e+01 -1.201524161358400872e-01 1.000000000000000056e-01
5.060240963855421370e+01 -7.887968569323904333e-01 1.000000000000000056e-01
5.100401606425702994e+01 -5.568451428262584102e-01 1.000000000000000056e-01
5.140562248995983907e+01 -4.929405801641691953e-01 1.000000000000000056e-01
5.180722891566264821e+01 -6.715416988843724289e-01 1.000000000000000056e-01
5.220883534136546444e+01 -8.298265936261915998e-01 1.000000000000000056e-01
5.261044176706827358e+01 -1.304837801960622601e+00 1.000000000000000056e-01
5.301204819277108271e+01 -1.569501057347853612e+00 1.000000000000000056e-01
5.341365461847389184e+01 -1.218160119063611990e+00 1.000000000000000056e-01
5.381526104417670808e+01 -7.225086251078557398e-01 1.000000000000000056e-01
5.421686746987951722e+01 -1.655408212862702344e-01 1.000000000000000056e-01
5.461847389558232635e+01 -9.554208839856180580e-02 1.000000000000000056e-01
5.502008032128514259e+01 -1.125505123049038853e-01 1.000000000000000056e-01
5.542168674698795172e+01 7.039214881663105605e-02 1.000000000000000056e-01
5.582329317269076085e+01 -4.217939777767422127e-01 1.000000000000000056e-01
5.622489959839357709e+01 -1.130937057057716633e+00 1.000000000000000056e-01
5.662650602409638623e+01 -1.192013026051808033e+00 1.000000000000000056e-01
5.702811244979919536e+01 -7.122121596470414318e-01 1.000000000000000056e-01
5.742971887550200449e+01 -7.426726933594610669e-01 1.000000000000000056e-01
5.783132530120482073e+01 -9.205406508530423748e-01 1.000000000000000056e-01
5.823293172690762987e+01 -1.743076243670378611e+00 1.000000000000000056e-01
5.863453815261043900e+01 -2.596810691889839262e+00 1.000000000000000056e-01
5.903614457831325524e+01 -2.833758170791966347e+00 1.000000000000000056e-01
5.943775100401606437e+01 -2.296775946255649181e+00 1.000000000000000056e-01
5.983935742971887350e+01 -1.843075560979863026e+00 1.000000000000000056e-01
6.024096385542168974e+01 -8.723358675601321499e-01 1.000000000000000056e-01
6.064257028112449888e+01 2.223637380914122441e-01 1.000000000000000056e-01
6.104417670682730801e+01 6.143390947288026593e-01 1.000000000000000056e-01
6.144578313253011714e+01 8.706902310592643524e-01 1.000000000000000056e-01
6.184738955823293338e+01 5.109244955898575302e-01 1.000000000000000056e-01
6.224899598393574252e+01 3.126944856976296983e-01 1.000000000000000056e-01
6.265060240963855165e+01 8.064202894902601226e-01 1.000000000000000056e-01
6.305220883534136789e+01 1.520409463145896645e+00 1.000000000000000056e-01
6.345381526104417702e+01 1.353345127346399224e+00 1.000000000000000056e-01
6.385542168674698615e+01 8.861315790646406843e-01 1.000000000000000056e-01
6.425702811244980239e+01 4.523800392764351086e-01 1.000000000000000056e-01
6.465863453815261153e+01 7.860068747525772448e-01 1.000000000000000056e-01
6.506024096385542066e+01 9.717702909623870955e-01 1.000000000000000056e-01
6.546184738955822979e+01 4.946705910652360316e-01 1.000000000000000056e-01
6.586345381526103893e+01 -6.908162166385789504e-05 1.000000000000000056e-01
6.626506024096384806e+01 -3.919965562790080904e-01 1.000000000000000056e-01
6.666666666666667140e+01 -6.208057583757333742e-01 1.000000000000000056e-01
6.706827309236948054e+01 -8.015473163875050933e-01 1.000000000000000056e-01
6.746987951807228967e+01 -5.463932550790486786e-01 1.000000000000000056e-01
6.787148594377509880e+01 5.201833428276305682e-01 1.000000000000000056e-01
6.827309236947790794e+01 2.245374012683766018e+00 1.000000000000000056e-01
6.867469879518071707e+01 3.144003517337246034e+00 1.000000000000000056e-01
6.907630522088354041e+01 2.852859529709485198e+00 1.000000000000000056e-01
6.947791164658634955e+01 1.963962025938822853e+00 1.000000000000000056e-01
6.987951807228915868e+01 9.380451200842199189e-01 1.000000000000000056e-01
7.028112449799196781e+01 -9.061099021365502659e-02 1.000000000000000056e-01
7.068273092369477695e+01 -1.379347710583370912e+00 1.000000000000000056e-01
7.108433734939758608e+01 -1.792389225086527427e+00 1.000000000000000056e-01
7.148594377510039521e+01 -1.390162545583579767e+00 1.000000000000000056e-01
7.188755020080321856e+01 -3.844311246561405992e-01 1.000000000000000056e-01
7.228915662650602769e+01 5.837995357842713506e-01 1.000000000000000056e-01
7.269076305220883683e+01 4.987249914640795589e-01 1.000000000000000056e-01
7.309236947791164596e+01 2.478079546426223412e-01 1.000000000000000056e-01
7.349397590361445509e+01 7.252011000257188589e-02 1.000000000000000056e-01
7.389558232931726423e+01 5.374541389783566991e-01 1.000000000000000056e-01
7.429718875502007336e+01 4.392441213373917547e-02 1.000000000000000056e-01
7.469879518072289670e+01 -5.987632404540580433e-01 1.000000000000000056e-01
7.510040160642570584e+01 -1.637898408869954692e-01 1.000000000000000056e-01
7.550200803212851497e+01 7.647839990926047493e-01 1.000000000000000056e-01
7.590361445783132410e+01 1.686533587245993226e+00 1.000000000000000056e-01
7.630522088353413324e+01 1.405088411754376709e+00 1.000000000000000056e-01
7.670682730923694237e+01 4.491200353223786523e-01 1.000000000000000056e-01
7.710843373493975150e+01 1.245706903491634043e-01 1.000000000000000056e-01
7.751004016064257485e+01 -9.496120971609903205e-02 1.000000000000000056e-01
7.791164658634538398e+01 -3.618497886723808649e-02 1.000000000000000056e-01
7.831325301204819311e+01 -3.447207322691914211e-01 1.000000000000000056e-01
7.871485943775100225e+01 -9.945796928850445529e-01 1.000000000000000056e-01
7.911646586345381138e+01 -8.315985254776283586e-01 1.000000000000000056e-01
7.951807228915662051e+01 6.362393392120867242e-02 1.000000000000000056e-01
7.991967871485944386e+01 1.349829206045283669e+00 1.000000000000000056e-01
8.032128514056225299e+01 1.978877910630519654e+00 1.000000000000000056e-01
8.072289156626506212e+01 1.769258602423188442e+00 1.000000000000000056e-01
8.112449799196787126e+01 1.302791644934678583e+00 1.000000000000000056e-01
8.152610441767068039e+01 6.497865785310914521e-01 1.000000000000000056e-01
8.192771084337348952e+01 2.467297959240538630e-01 1.000000000000000056e-01
8.232931726907629866e+01 5.922167422015708338e-01 1.000000000000000056e-01
8.273092369477912200e+01 6.354081457597873239e-01 1.000000000000000056e-01
8.313253012048193114e+01 4.730700008603330176e-01 1.000000000000000056e-01
8.353413654618474027e+01 6.193230221655371404e-02 1.000000000000000056e-01
8.393574297188754940e+01 -5.539765375359713140e-01 1.000000000000000056e-01
8.433734939759035854e+01 -1.282215116976948899e+00 1.000000000000000056e-01
8.473895582329316767e+01 -1.444432804210029397e+00 1.000000000000000056e-01
8.514056224899597680e+01 -1.433542365524712370e+00 1.000000000000000056e-01
8.554216867469880015e+01 -1.520120310082108350e+00 1.000000000000000056e-01
8.594377510040160928e+01 -1.585617971818651162e+00 1.000000000000000056e-01
8.634538152610441841e+01 -1.094036063057628239e+00 1.000000000000000056e-01
8.674698795180722755e+01 1.121580572076497362e-01 1.000000000000000056e-01
8.714859437751003668e+01 1.088919855588392993e+00 1.000000000000000056e-01
8.755020080321284581e+01 8.429858264663837586e-01 1.000000000000000056e-01
8.795180722891566916e+01 -6.823287486318866391e-01 1.000000000000000056e-01
8.835341365461847829e+01 -2.141740106081707840e+00 1.000000000000000056e-01
8.875502008032128742e+01 -2.900947493581071512e+00 1.000000000000000056e-01
8.915662650602409656e+01 -2.039115795752756366e+00 1.000000000000000056e-01
8.955823293172690569e+01 -2.550489324591229678e-01 1.000000000000000056e-01
8.995983935742971482e+01 7.299739813761798590e-01 1.000000000000000056e-01
9.036144578313252396e+01 5.538096908769993831e-01 1.000000000000000056e-01
9.076305220883534730e+01 -9.210539245690740895e-02 1.000000000000000056e-01
9.116465863453815643e+01 -4.817142976810669941e-01 1.000000000000000056e-01
9.156626506024096557e+01 -2.748329872641105398e-01 1.000000000000000056e-01
9.196787148594377470e+01 5.774080402267902645e-01 1.000000000000000056e-01
9.236947791164658383e+01 1.520021972494040696e+00 1.000000000000000056e-01
9.277108433734939297e+01 1.790313254492254424e+00 1.000000000000000056e-01
9.317269076305220210e+01 1.392820009339347020e+00 1.000000000000000056e-01
9.357429718875502545e+01 1.103497257857145364e+00 1.000000000000000056e-01
9.397590361445783458e+01 8.484536694908375587e-01 1.000000000000000056e-01
9.437751004016064371e+01 7.525516644017855583e-01 1.000000000000000056e-01
9.477911646586345285e+01 6.219104655677828442e-01 1.000000000000000056e-01
9.518072289156626198e+01 1.973971383235670340e-01 1.000000000000000056e-01
9.558232931726907111e+01 -5.746391109343098602e-01 1.000000000000000056e-01
9.598393574297188025e+01 -1.097294358059585306e+00 1.000000000000000056e-01
9.638554216867470359e+01 -1.099882894251367427e+00 1.000000000000000056e-01
9.678714859437751272e+01 -9.152850520157617131e-01 1.000000000000000056e-01
9.718875502008032186e+01 -1.134456299840881810e+00 1.000000000000000056e-01
9.759036144578313099e+01 -1.672981882436042289e+00 1.000000000000000056e-01
9.799196787148594012e+01 -1.928660449782125141e+00 1.000000000000000056e-01
9.839357429718874926e+01 -2.125399165334656448e+00 1.000000000000000056e-01
9.879518072289157260e+01 -2.285430623873094369e+00 1.000000000000000056e-01
9.919678714859438173e+01 -2.110561861162222552e+00 1.000000000000000056e-01
9.959839357429719087e+01 -1.888763959855070951e+00 1.000000000000000056e-01
1.000000000000000000e+02 -1.562782824699549211e+00 1.000000000000000056e-01
