0.000000000000000000e+00 1.254009668297836555e+00 1.000000000000000056e-01
4.016064257028112428e-01 1.391788088095370801e+00 1.000000000000000056e-01
8.032128514056224855e-01 1.481552659105539238e+00 1.000000000000000056e-01
1.204819277108433617e+00 1.448845209992345895e+00 1.000000000000000056e-01
1.606425702811244971e+00 1.523783775839415489e+00 1.000000000000000056e-01
2.008032128514056325e+00 1.250614666251686380e+00 1.000000000000000056e-01
2.409638554216867234e+00 1.194854413217020461e+00 1.000000000000000056e-01
2.811244979919678588e+00 1.150506790553118330e+00 1.000000000000000056e-01
3.212851405622489942e+00 4.305028539056562353e-01 1.000000000000000056e-01
3.614457831325301296e+00 2.397836692327939834e-01 1.000000000000000056e-01
4.016064257028112650e+00 -4.560106305511250069e-01 1.000000000000000056e-01
4.417670682730923559e+00 -9.253556079887312880e-01 1.000000000000000056e-01
4.819277108433734469e+00 -1.271813805614206094e+00 1.000000000000000056e-01
5.220883534136546267e+00 -1.332717277978095138e+00 1.000000000000000056e-01
5.622489959839357176e+00 -1.425713568691757915e+00 1.000000000000000056e-01
6.024096385542168974e+00 -1.370005000158136532e+00 1.000000000000000056e-01
6.425702811244979884e+00 -9.031394455073969985e-01 1.000000000000000056e-01
6.827309236947790794e+00 -6.206718878259019911e-01 1.000000000000000056e-01
7.228915662650602592e+00 -6.838940715937694703e-01 1.000000000000000056e-01
7.630522088353413501e+00 -9.192882075464723357e-01 1.000000000000000056e-01
8.032128514056225299e+00 -1.515793808607160065e+00 1.000000000000000056e-01
8.433734939759036209e+00 -2.246333568503040112e+00 1.000000000000000056e-01
8.835341365461847118e+00 -2.435085754234940669e+00 1.000000000000000056e-01
9.236947791164658028e+00 -2.411750060182627386e+00 1.000000000000000056e-01
9.638554216867468938e+00 -1.878133175671923949e+00 1.000000000000000056e-01
1.004016064257028162e+01 -1.057539168890824444e+00 1.000000000000000056e-01
1.044176706827309253e+01 -2.245095792183436356e-01 1.000000000000000056e-01
1.084337349397590344e+01 4.218943528801570308e-01 1.000000000000000056e-01
1.124497991967871435e+01 1.054414622939211732e+00 1.000000000000000056e-01
1.164658634538152526e+01 1.545138764339098802e+00 1.000000000000000056e-01
1.204819277108433795e+01 1.494747619454185106e+00 1.000000000000000056e-01
1.244979919678714886e+01 1.199973550207598549e+00 1.000000000000000056e-01
1.285140562248995977e+01 5.648309385554571849e-01 1.000000000000000056e-01
1.325301204819277068e+01 1.920661977002210419e-01 1.000000000000000056e-01
1.365461847389558159e+01 -2.639268209990704439e-01 1.000000000000000056e-01
1.405622489959839427e+01 -6.771564681154422782e-01 1.000000000000000056e-01
1.445783132530120518e+01 -9.884930056030916123e-01 1.000000000000000056e-01
1.485943775100401609e+01 -9.936300553189411078e-01 1.000000000000000056e-01
1.526104417670682700e+01 -9.358725542757739824e-01 1.000000000000000056e-01
1.566265060240963791e+01 -5.575675710479035541e-01 1.000000000000000056e-01
1.606425702811245060e+01 -4.675461382539309874e-01 1.000000000000000056e-01
1.646586345381525973e+01 1.957540146134344738e-01 1.000000000000000056e-01
1.686746987951807242e+01 7.075184548252109185e-01 1.000000000000000056e-01
1.726907630522088510e+01 9.927801273132947912e-01 1.000000000000000056e-01
1.767068273092369424e+01 1.193894981023738922e+00 1.000000000000000056e-01
1.807228915662650692e+01 1.000291271313556773e+00 1.000000000000000056e-01
1.847389558232931606e+01 6.345798722913702505e-01 1.000000000000000056e-01
1.887550200803212874e+01 4.636710306300916296e-01 1.000000000000000056e-01
1.927710843373493788e+01 2.161993496893715727e-01 1.000000000000000056e-01
1.967871485943775056e+01 7.210685979852457517e-02 1.000000000000000056e-01
2.008032128514056325e+01 -1.033629920583239159e-01 1.000000000000000056e-01
2.048192771084337238e+01 -7.225162853675799746e-02 1.000000000000000056e-01
2.088353413654618507e+01 2.130906911815796945e-01 1.000000000000000056e-01
2.128514056224899420e+01 9.600244689214348925e-01 1.000000000000000056e-01
2.168674698795180689e+01 1.732244354637062056e+00 1.000000000000000056e-01
2.208835341365461957e+01 2.320882971236607251e+00 1.000000000000000056e-01
2.248995983935742871e+01 2.961138349557805860e+00 1.000000000000000056e-01
2.289156626506024139e+01 3.456615964935167540e+00 1.000000000000000056e-01
2.329317269076305053e+01 3.739680560700987755e+00 1.000000000000000056e-01
2.369477911646586321e+01 3.399754224360103549e+00 1.000000000000000056e-01
2.409638554216867590e+01 2.986549079835759013e+00 1.000000000000000056e-01
2.449799196787148503e+01 2.408417692592733417e+00 1.000000000000000056e-01
2.489959839357429772e+01 2.067528938362760194e+00 1.000000000000000056e-01
2.530120481927710685e+01 1.609008080560140774e+00 1.000000000000000056e-01
2.570281124497991954e+01 1.394040260959733768e+00 1.000000000000000056e-01
2.610441767068273222e+01 6.702183325311483753e-01 1.000000000000000056e-01
2.650602409638554136e+01 1.939849425538503480e-01 1.000000000000000056e-01
2.690763052208835404e+01 -2.842503908024024972e-01 1.000000000000000056e-01
2.730923694779116317e+01 -3.658257728404049614e-01 1.000000000000000056e-01
2.771084337349397586e+01 -7.032886908056678044e-01 1.000000000000000056e-01
2.811244979919678855e+01 -1.052784348421654137e+00 1.000000000000000056e-01
2.851405622489959768e+01 -1.685102984760904699e+00 1.000000000000000056e-01
2.891566265060241037e+01 -2.136124762421682366e+00 1.000000000000000056e-01
2.931726907630521950e+01 -2.468934974167665608e+00 1.000000000000000056e-01
2.971887550200803219e+01 -2.162213574525251314e+00 1.000000000000000056e-01
3.012048192771084487e+01 -1.532605372050533710e+00 1.000000000000000056e-01
3.052208835341365400e+01 -1.199590859367206885e+00 1.000000000000000056e-01
3.092369477911646669e+01 -3.139841156971043823e-01 1.000000000000000056e-01
3.132530120481927582e+01 -1.499169717750228614e-01 1.000000000000000056e-01
3.172690763052208851e+01 5.120873039194701049e-02 1.000000000000000056e-01
3.212851405622490120e+01 -2.500344083058168854e-02 1.000000000000000056e-01
3.253012048192771033e+01 -2.381307792052220762e-01 1.000000000000000056e-01
3.293172690763051946e+01 -3.587512026639461116e-01 1.000000000000000056e-01
3.333333333333333570e+01 -8.105977299132762770e-01 1.000000000000000056e-01
3.373493975903614484e+01 -4.706783174115890533e-01 1.000000000000000056e-01
3.413654618473895397e+01 -7.413148775604605500e-02 1.000000000000000056e-01
3.453815261044177021e+01 3.389142152216274018e-01 1.000000000000000056e-01
3.493975903614457934e+01 6.004857134305298105e-01 1.000000000000000056e-01
3.534136546184738847e+01 4.099779139619002533e-01 1.000000000000000056e-01
3.574297188755019761e+01 9.883856304104912671e-02 1.000000000000000056e-01
3.614457831325301385e+01 3.654461769099950907e-02 1.000000000000000056e-01
3.654618473895582298e+01 -3.558450802607685537e-01 1.000000000000000056e-01
3.694779116465863211e+01 -4.796004675218586977e-01 1.000000000000000056e-01
3.734939759036144835e+01 -1.252059984626520128e+00 1.000000000000000056e-01
3.775100401606425748e+01 -1.726491595004856272e+00 1.000000000000000056e-01
3.815261044176706662e+01 -2.280011617732195628e+00 1.000000000000000056e-01
3.855421686746987575e+01 -2.256763898115143885e+00 1.000000000000000056e-01
3.895582329317269199e+01 -1.850125983450551237e+00 1.000000000000000056e-01
3.935742971887550112e+01 -7.868201600937598794e-01 1.000000000000000056e-01
3.975903614457831026e+01 2.877969354691568560e-01 1.000000000000000056e-01
4.016064257028112650e+01 1.368518442953385872e+00 1.000000000000000056e-01
4.056224899598393563e+01 1.801257883775106761e+00 1.000000000000000056e-01
4.096385542168674476e+01 1.866134628076810742e+00 1.000000000000000056e-01
4.136546184738956100e+01 1.579435525369778492e+00 1.000000000000000056e-01
4.176706827309237013e+01 1.881137821322805603e+00 1.000000000000000056e-01
4.216867469879517927e+01 2.022688527381954149e+00 1.000000000000000056e-01
4.257028112449798840e+01 1.861831389669310832e+00 1.000000000000000056e-01
4.297188755020080464e+01 1.630617508182512498e+00 1.000000000000000056e-01
4.337349397590361377e+01 1.410303808572696882e+00 1.000000000000000056e-01
4.377510040160642291e+01 1.167623546634658060e+00 1.000000000000000056e-01
4.417670682730923915e+01 1.383997577965629500e+00 1.000000000000000056e-01
4.457831325301204828e+01 1.653209540967739200e+00 1.000000000000000056e-01
4.497991967871485741e+01 1.930185722816875504e+00 1.000000000000000056e-01
4.538152610441767365e+01 1.808275847773382017e+00 1.000000000000000056e-01
4.578313253012048278e+01 2.028788625984215610e+00 1.000000000000000056e-01
4.618473895582329192e+01 1.899811102325726253e+00 1.000000000000000056e-01
4.658634538152610105e+01 2.081352543866104021e+00 1.000000000000000056e-01
4.698795180722891729e+01 1.929433891885407704e+00 1.000000000000000056e-01
4.738955823293172642e+01 1.453477506033171052e+00 1.000000000000000056e-01
4.779116465863453556e+01 7.306390298474982892e-01 1.000000000000000056e-01
4.819277108433735179e+01 2.880526530685319220e-02 1.000000000000000056e-01
4.859437751004016093e+01 -5.673606859580646589e-01 1.000000000000000056e-01
4.899598393574297006e+01 -1.155278371348472222e+00 1.000000000000000056e-01
4.939759036144578630e+01 -1.647042749248237348e+00 1.000000000000000056e-01
4.979919678714859543e+01 -1.761674986615228589e+00 1.000000000000000056e-01
5.020080321285140457e+01 -1.923408375368744316e+00 1.000000000000000056e-01
5.060240963855421370e+01 -1.794142331768122434e+00 1.000000000000000056e-01
5.100401606425702994e+01 -1.667259601498209065e+00 1.000000000000000056e-01
5.140562248995983907e+01 -1.449178712315572826e+00 1.000000000000000056e-01
5.180722891566264821e+01 -1.059209855783995291e+00 1.000000000000000056e-01
5.220883534136546444e+01 -8.003125283771281850e-01 1.000000000000000056e-01
5.261044176706827358e+01 -5.299970589374575214e-01 1.000000000000000056e-01
5.301204819277108271e+01 -2.952706919772865590e-01 1.000000000000000056e-01
5.341365461847389184e+01 -3.727226308721446335e-01 1.000000000000000056e-01
5.381526104417670808e+01 -4.087004429511803538e-01 1.000000000000000056e-01
5.421686746987951722e+01 -4.341711547617720379e-01 1.000000000000000056e-01
5.461847389558232635e+01 -6.325765897321935505e-01 1.000000000000000056e-01
5.502008032128514259e+01 -3.460498368069424568e-01 1.000000000000000056e-01
5.542168674698795172e+01 -4.297703613835468506e-02 1.000000000000000056e-01
5.582329317269076085e+01 3.974307359849189591e-01 1.000000000000000056e-01
5.622489959839357709e+01 1.005260466968760591e+00 1.000000000000000056e-01
5.662650602409638623e+01 1.984796606021950627e+00 1.000000000000000056e-01
5.702811244979919536e+01 2.363378455336129669e+00 1.000000000000000056e-01
5.742971887550200449e+01 2.613969899494784421e+00 1.000000000000000056e-01
5.783132530120482073e+01 2.306650231488017511e+00 1.000000000000000056e-01
5.823293172690762987e+01 1.639843096957089186e+00 1.000000000000000056e-01
5.863453815261043900e+01 9.335769421105628574e-01 1.000000000000000056e-01
5.903614457831325524e+01 1.840421163367229052e-01 1.000000000000000056e-01
5.943775100401606437e+01 -5.393339015653862006e-02 1.000000000000000056e-01
5.983935742971887350e+01 -5.255774150551845159e-02 1.000000000000000056e-01
6.024096385542168974e+01 2.020542688023188038e-01 1.000000000000000056e-01
6.064257028112449888e+01 5.017108849564912987e-01 1.000000000000000056e-01
6.104417670682730801e+01 1.337473926920478506e+00 1.000000000000000056e-01
6.144578313253011714e+01 1.969889665720305993e+00 1.000000000000000056e-01
6.184738955823293338e+01 2.047964466553853224e+00 1.000000000000000056e-01
6.224899598393574252e+01 2.121757694228860291e+00 1.000000000000000056e-01
6.265060240963855165e+01 1.552682715238262068e+00 1.000000000000000056e-01
6.305220883534136789e+01 1.005369189349419878e+00 1.000000000000000056e-01
6.345381526104417702e+01 4.124223303823756903e-01 1.000000000000000056e-01
6.385542168674698615e+01 -2.503846513034259091e-01 1.000000000000000056e-01
6.425702811244980239e+01 -8.637009890288773750e-01 1.000000000000000056e-01
6.465863453815261153e+01 -1.221361253017660076e+00 1.000000000000000056e-01
6.506024096385542066e+01 -1.454603788642101714e+00 1.000000000000000056e-01
6.546184738955822979e+01 -1.608758558831820062e+00 1.000000000000000056e-01
6.586345381526103893e+01 -1.643903327552469706e+00 1.000000000000000056e-01
6.626506024096384806e+01 -2.186754568828198408e+00 1.000000000000000056e-01
6.666666666666667140e+01 -2.509986286768784325e+00 1.000000000000000056e-01
6.706827309236948054e+01 -3.107867937321816321e+00 1.000000000000000056e-01
6.746987951807228967e+01 -3.313837067055629415e+00 1.000000000000000056e-01
6.787148594377509880e+01 -3.597758961421731350e+00 1.000000000000000056e-01
6.827309236947790794e+01 -3.751571693840586974e+00 1.000000000000000056e-01
6.867469879518071707e+01 -4.095083327018323338e+00 1.000000000000000056e-01
6.907630522088354041e+01 -4.247659458105013108e+00 1.000000000000000056e-01
6.947791164658634955e+01 -4.162593038600629569e+00 1.000000000000000056e-01
6.987951807228915868e+01 -3.926566477625041074e+00 1.000000000000000056e-01
7.028112449799196781e+01 -3.237368264552960895e+00 1.000000000000000056e-01
7.068273092369477695e+01 -2.324342937957651234e+00 1.000000000000000056e-01
7.108433734939758608e+01 -1.751135208683348488e+00 1.000000000000000056e-01
7.148594377510039521e+01 -9.595003367111458736e-01 1.000000000000000056e-01
7.188755020080321856e+01 -4.522276258077734257e-01 1.000000000000000056e-01
7.228915662650602769e+01 -4.616489861229194913e-01 1.000000000000000056e-01
7.269076305220883683e+01 -3.055223018689849357e-01 1.000000000000000056e-01
7.309236947791164596e+01 7.175590810489282378e-02 1.000000000000000056e-01
7.349397590361445509e+01 1.431778294074562696e-01 1.000000000000000056e-01
7.389558232931726423e+01 2.032880616149174147e-01 1.000000000000000056e-01
7.429718875502007336e+01 -5.497079072940497246e-01 1.000000000000000056e-01
7.469879518072289670e+01 -1.141630753143297206e+00 1.000000000000000056e-01
7.510040160642570584e+01 -1.427211425619877572e+00 1.000000000000000056e-01
7.550200803212851497e+01 -1.063170846606559694e+00 1.000000000000000056e-01
7.590361445783132410e+01 -7.017861531891070870e-01 1.000000000000000056e-01
7.630522088353413324e+01 -4.136829503827400001e-01 1.000000000000000056e-01
7.670682730923694237e+01 -1.430035131746229538e-01 1.000000000000000056e-01
7.710843373493975150e+01 4.206117543929460689e-02 1.000000000000000056e-01
7.751004016064257485e+01 5.110654443188363816e-01 1.000000000000000056e-01
7.791164658634538398e+01 9.788975453165668084e-01 1.000000000000000056e-01
7.831325301204819311e+01 1.223787054457883938e+00 1.000000000000000056e-01
7.871485943775100225e+01 1.640237723019900562e+00 1.000000000000000056e-01
7.911646586345381138e+01 1.594863010421188720e+00 1.000000000000000056e-01
7.951807228915662051e+01 1.353551423489098626e+00 1.000000000000000056e-01
7.991967871485944386e+01 7.344494425135279503e-01 1.000000000000000056e-01
8.032128514056225299e+01 5.894713334639472002e-01 1.000000000000000056e-01
8.072289156626506212e+01 5.556155257909448641e-01 1.000000000000000056e-01
8.112449799196787126e+01 5.168839567142772262e-01 1.000000000000000056e-01
8.152610441767068039e+01 4.289887272224469639e-01 1.000000000000000056e-01
8.192771084337348952e+01 3.777994490818524231e-01 1.000000000000000056e-01
8.232931726907629866e+01 -2.843440009618133923e-01 1.000000000000000056e-01
8.273092369477912200e+01 -9.669904570551066669e-01 1.000000000000000056e-01
8.313253012048193114e+01 -1.542928581774857477e+00 1.000000000000000056e-01
8.353413654618474027e+01 -2.073809530210382501e+00 1.000000000000000056e-01
8.393574297188754940e+01 -2.120390182562397197e+00 1.000000000000000056e-01
8.433734939759035854e+01 -1.917743117775439377e+00 1.000000000000000056e-01
8.473895582329316767e+01 -1.239527769798919765e+00 1.000000000000000056e-01
8.514056224899597680e+01 -5.389434959953742776e-01 1.000000000000000056e-01
8.554216867469880015e+01 -5.097200483846729691e-03 1.000000000000000056e-01
8.594377510040160928e+01 3.699194497268349924e-01 1.000000000000000056e-01
8.634538152610441841e+01 5.915853654112258608e-01 1.000000000000000056e-01
8.674698795180722755e+01 1.093389157268411349e+00 1.000000000000000056e-01
8.714859437751003668e+01 1.128582893907311480e+00 1.000000000000000056e-01
8.755020080321284581e+01 1.905354784176310767e+00 1.000000000000000056e-01
8.795180722891566916e+01 1.933560073508631794e+00 1.000000000000000056e-01
8.835341365461847829e+01 1.641559887735685841e+00 1.000000000000000056e-01
8.875502008032128742e+01 1.313628441561472515e+00 1.000000000000000056e-01
8.915662650602409656e+01 6.501316253311522075e-01 1.000000000000000056e-01
8.955823293172690569e+01 5.936850112197367135e-02 1.000000000000000056e-01
8.995983935742971482e+01 -3.124349016946534885e-01 1.000000000000000056e-01
9.036144578313252396e+01 -6.356144713495757159e-01 1.000000000000000056e-01
9.076305220883534730e+01 -6.599719290629318946e-01 1.000000000000000056e-01
9.116465863453815643e+01 -6.341645188938866973e-01 1.000000000000000056e-01
9.156626506024096557e+01 -5.841387285184309608e-01 1.000000000000000056e-01
9.196787148594377470e+01 -8.553794914696338791e-02 1.000000000000000056e-01
9.236947791164658383e+01 -8.209276890276719085e-02 1.000000000000000056e-01
9.277108433734939297e+01 7.637992166600195143e-03 1.000000000000000056e-01
9.317269076305220210e+01 3.432355395416297195e-01 1.000000000000000056e-01
9.357429718875502545e+01 5.575133661322946299e-01 1.000000000000000056e-01
9.397590361445783458e+01 1.002191466255167196e+00 1.000000000000000056e-01
9.437751004016064371e+01 8.590445347326080006e-01 1.000000000000000056e-01
9.477911646586345285e+01 9.381813484397465430e-01 1.000000000000000056e-01
9.518072289156626198e+01 4.414810556382589013e-01 1.000000000000000056e-01
9.558232931726907111e+01 9.300882581262792659e-02 1.000000000000000056e-01
9.598393574297188025e+01 -1.479183952040601380e-01 1.000000000000000056e-01
9.638554216867470359e+01 -4.798470211589664358e-02 1.000000000000000056e-01
9.678714859437751272e+01 -2.183706163937157441e-02 1.000000000000000056e-01
9.718875502008032186e+01 -3.776773114492494310e-01 1.000000000000000056e-01
9.759036144578313099e+01 -6.702070704188420880e-01 1.000000000000000056e-01
9.799196787148594012e+01 -6.361705928253521547e-01 1.000000000000000056e-01
9.839357429718874926e+01 -7.530449076368208594e-01 1.000000000000000056e-01
9.879518072289157260e+01 -6.503025867140066474e-01 1.000000000000000056e-01
9.919678714859438173e+01 -4.672861506453998004e-01 1.000000000000000056e-01
9.959839357429719087e+01 2.476728199560266352e-01 1.000000000000000056e-01
1.000000000000000000e+02 8.067038141397031570e-01 1.000000000000000056e-01
