0.000000000000000000e+00 3.944235148291286297e-01 1.000000000000000056e-01
4.016064257028112428e-01 7.200496659054276272e-01 1.000000000000000056e-01
8.032128514056224855e-01 8.098393550719408251e-01 1.000000000000000056e-01
1.204819277108433617e+00 7.459829895690418544e-01 1.000000000000000056e-01
1.606425702811244971e+00 4.845160112370738847e-01 1.000000000000000056e-01
2.008032128514056325e+00 9.223248952592874583e-02 1.000000000000000056e-01
2.409638554216867234e+00 -3.210234143694953302e-01 1.000000000000000056e-01
2.811244979919678588e+00 -8.473701850925093870e-01 1.000000000000000056e-01
3.212851405622489942e+00 -1.082802767449992043e+00 1.000000000000000056e-01
3.614457831325301296e+00 -1.054809362646129900e+00 1.000000000000000056e-01
4.016064257028112650e+00 -9.819284048712604296e-01 1.000000000000000056e-01
4.417670682730923559e+00 -1.007179965841286329e+00 1.000000000000000056e-01
4.819277108433734469e+00 -1.192921586175022863e+00 1.000000000000000056e-01
5.220883534136546267e+00 -1.333698761914555941e+00 1.000000000000000056e-01
5.622489959839357176e+00 -1.196826900290606233e+00 1.000000000000000056e-01
6.024096385542168974e+00 -1.284948924807461923e+00 1.000000000000000056e-01
6.425702811244979884e+00 -1.233155608786471458e+00 1.000000000000000056e-01
6.827309236947790794e+00 -1.256354466094698363e+00 1.000000000000000056e-01
7.228915662650602592e+00 -1.291198767940759939e+00 1.000000000000000056e-01
7.630522088353413501e+00 -1.362423199998165746e+00 1.000000000000000056e-01
8.032128514056225299e+00 -1.223114289862388349e+00 1.000000000000000056e-01
8.433734939759036209e+00 -1.124390797766167127e+00 1.000000000000000056e-01
8.835341365461847118e+00 -9.575661784189655190e-01 1.000000000000000056e-01
9.236947791164658028e+00 -8.479686543477292782e-01 1.000000000000000056e-01
9.638554216867468938e+00 -8.346707125525398840e-01 1.000000000000000056e-01
1.004016064257028162e+01 -1.068577692077381236e-01 1.000000000000000056e-01
1.044176706827309253e+01 1.893331404377263105e-02 1.000000000000000056e-01
1.084337349397590344e+01 3.878883313096335717e-01 1.000000000000000056e-01
1.124497991967871435e+01 6.332934242043388728e-01 1.000000000000000056e-01
1.164658634538152526e+01 3.950865971491376860e-02 1.000000000000000056e-01
1.204819277108433795e+01 -7.135386685536493356e-01 1.000000000000000056e-01
1.244979919678714886e+01 -1.066570164638010354e+00 1.000000000000000056e-01
1.285140562248995977e+01 -1.123183019820930717e+00 1.000000000000000056e-01
1.325301204819277068e+01 -1.041566159217081511e+00 1.000000000000000056e-01
1.365461847389558159e+01 -8.421633064796607560e-01 1.000000000000000056e-01
1.405622489959839427e+01 -3.540147993047894071e-01 1.000000000000000056e-01
1.445783132530120518e+01 9.328478819610463990e-04 1.000000000000000056e-01
1.485943775100401609e+01 2.491343609747432852e-01 1.000000000000000056e-01
1.526104417670682700e+01 7.118223814305899566e-01 1.000000000000000056e-01
1.566265060240963791e+01 9.240444108492268382e-01 1.000000000000000056e-01
1.606425702811245060e+01 1.043389188453916816e+00 1.000000000000000056e-01
1.646586345381525973e+01 1.208468473645549102e+00 1.000000000000000056e-01
1.686746987951807242e+01 1.155671165431601422e+00 1.000000000000000056e-01
1.726907630522088510e+01 1.313955207445249185e+00 1.000000000000000056e-01
1.767068273092369424e+01 1.016370169518379107e+00 1.000000000000000056e-01
1.807228915662650692e+01 8.142620599277817783e-01 1.000000000000000056e-01
1.847389558232931606e+01 8.798829177767855114e-01 1.000000000000000056e-01
1.887550200803212874e+01 8.484144100165402769e-01 1.000000000000000056e-01
1.927710843373493788e+01 6.479939646335843850e-01 1.000000000000000056e-01
1.967871485943775056e+01 7.382168050062952736e-01 1.000000000000000056e-01
2.008032128514056325e+01 6.981243506709673419e-01 1.000000000000000056e-01
2.048192771084337238e+01 9.308875930834150658e-01 1.000000000000000056e-01
2.088353413654618507e+01 5.115803904695809257e-01 1.000000000000000056e-01
2.128514056224899420e+01 4.570563051114920894e-01 1.000000000000000056e-01
2.168674698795180689e+01 1.775177490081216725e-01 1.000000000000000056e-01
2.208835341365461957e+01 1.411517678051673053e-01 1.000000000000000056e-01
2.248995983935742871e+01 -3.135355642516293173e-01 1.000000000000000056e-01
2.289156626506024139e+01 2.333753010238870385e-02 1.000000000000000056e-01
2.329317269076305053e+01 3.467641084446916322e-01 1.000000000000000056e-01
2.369477911646586321e+01 8.015654244426836383e-01 1.000000000000000056e-01
2.409638554216867590e+01 1.165854626330949495e+00 1.000000000000000056e-01
2.449799196787148503e+01 1.608923258847806181e+00 1.000000000000000056e-01
2.489959839357429772e+01 1.588008676860971802e+00 1.000000000000000056e-01
2.530120481927710685e+01 1.714574795322674872e+00 1.000000000000000056e-01
2.570281124497991954e+01 1.441289679246348321e+00 1.000000000000000056e-01
2.610441767068273222e+01 1.332631236898019544e+00 1.000000000000000056e-01
2.650602409638554136e+01 1.246139325154228983e+00 1.000000000000000056e-01
2.690763052208835404e+01 6.676408755112259730e-01 1.000000000000000056e-01
2.730923694779116317e+01 1.113794725771910521e-01 1.000000000000000056e-01
2.771084337349397586e+01 1.737215369324535130e-02 1.000000000000000056e-01
2.811244979919678855e+01 -3.791275917585862909e-01 1.000000000000000056e-01
2.851405622489959768e+01 -4.823281924901042794e-01 1.000000000000000056e-01
2.891566265060241037e+01 -7.596080407882719321e-01 1.000000000000000056e-01
2.931726907630521950e+01 -9.808206534590075965e-01 1.000000000000000056e-01
2.971887550200803219e+01 -1.252713429015547941e+00 1.000000000000000056e-01
3.012048192771084487e+01 -1.758975115495714059e+00 1.000000000000000056e-01
3.052208835341365400e+01 -1.619403984309299549e+00 1.000000000000000056e-01
3.092369477911646669e+01 -1.851174362403237517e+00 1.000000000000000056e-01
3.132530120481927582e+01 -2.014483517338679253e+00 1.000000000000000056e-01
3.172690763052208851e+01 -2.005146544889898852e+00 1.000000000000000056e-01
3.212851405622490120e+01 -1.840892073374711613e+00 1.000000000000000056e-01
3.253012048192771033e+01 -1.612248745815728412e+00 1.000000000000000056e-01
3.293172690763051946e+01 -1.238773951421903385e+00 1.000000000000000056e-01
3.333333333333333570e+01 -8.698816841592075244e-01 1.000000000000000056e-01
3.373493975903614484e+01 -4.457675841816813311e-01 1.000000000000000056e-01
3.413654618473895397e+01 1.073185456033490248e-01 1.000000000000000056e-01
3.453815261044177021e+01 2.624196701452989333e-01 1.000000000000000056e-01
3.493975903614457934e+01 4.183949761842420956e-01 1.000000000000000056e-01
3.534136546184738847e+01 2.968880089790803534e-01 1.000000000000000056e-01
3.574297188755019761e+01 2.969882417618685544e-01 1.000000000000000056e-01
3.614457831325301385e+01 9.182980912504365434e-02 1.000000000000000056e-01
3.654618473895582298e+01 -5.326968461316801406e-02 1.000000000000000056e-01
3.694779116465863211e+01 -4.189343898342500205e-01 1.000000000000000056e-01
3.734939759036144835e+01 -6.169250327634863140e-01 1.000000000000000056e-01
3.775100401606425748e+01 -1.174309619311273201e+00 1.000000000000000056e-01
3.815261044176706662e+01 -1.667243897943124775e+00 1.000000000000000056e-01
3.855421686746987575e+01 -1.629785679037709212e+00 1.000000000000000056e-01
3.895582329317269199e+01 -1.969195045649475118e+00 1.000000000000000056e-01
3.935742971887550112e+01 -2.117718482921198131e+00 1.000000000000000056e-01
3.975903614457831026e+01 -2.405832733831727133e+00 1.000000000000000056e-01
4.016064257028112650e+01 -3.036599866147662308e+00 1.000000000000000056e-01
4.056224899598393563e+01 -3.452656923451276505e+00 1.000000000000000056e-01
4.096385542168674476e+01 -3.362155956119236233e+00 1.000000000000000056e-01
4.136546184738956100e+01 -3.265718262911990522e+00 1.000000000000000056e-01
4.176706827309237013e+01 -3.090794332659084098e+00 1.000000000000000056e-01
4.216867469879517927e+01 -2.749489720331252940e+00 1.000000000000000056e-01
4.257028112449798840e+01 -2.407918093428889073e+00 1.000000000000000056e-01
4.297188755020080464e+01 -2.170055838113174485e+00 1.000000000000000056e-01
4.337349397590361377e+01 -1.557048254838381940e+00 1.000000000000000056e-01
4.377510040160642291e+01 -1.381092233625298427e+00 1.000000000000000056e-01
4.417670682730923915e+01 -8.770634461180619734e-01 1.000000000000000056e-01
4.457831325301204828e+01 -5.602918126889083750e-01 1.000000000000000056e-01
4.497991967871485741e+01 3.991785379785320331e-02 1.000000000000000056e-01
4.538152610441767365e+01 4.545494651992016966e-01 1.000000000000000056e-01
4.578313253012048278e+01 5.996574936288101565e-01 1.000000000000000056e-01
4.618473895582329192e+01 1.235607705779174115e+00 1.000000000000000056e-01
4.658634538152610105e+01 1.335885642092083270e+00 1.000000000000000056e-01
4.698795180722891729e+01 1.415019281184455746e+00 1.000000000000000056e-01
4.738955823293172642e+01 1.433568710323091855e+00 1.000000000000000056e-01
4.779116465863453556e+01 9.812251865155963149e-01 1.000000000000000056e-01
4.819277108433735179e+01 4.741721253799527913e-01 1.000000000000000056e-01
4.859437751004016093e+01 1.671577785731204191e-01 1.000000000000000056e-01
4.899598393574297006e+01 -2.042627432816717381e-01 1.000000000000000056e-01
4.939759036144578630e+01 -5.913555618302415162e-01 1.000000000000000056e-01
4.979919678714859543e+01 -1.070434543706669350e+00 1.000000000000000056e-01
5.020080321285140457e+01 -1.079394528485944971e+00 1.000000000000000056e-01
5.060240963855421370e+01 -1.355939880665889774e+00 1.000000000000000056e-01
5.100401606425702994e+01 -1.679146311202342368e+00 1.000000000000000056e-01
5.140562248995983907e+01 -1.286980712594706144e+00 1.000000000000000056e-01
5.180722891566264821e+01 -1.209604297567741016e+00 1.000000000000000056e-01
5.220883534136546444e+01 -1.018558594538862216e+00 1.000000000000000056e-01
5.261044176706827358e+01 -7.106072408297428034e-01 1.000000000000000056e-01
5.301204819277108271e+01 -4.888525758768880181e-01 1.000000000000000056e-01
5.341365461847389184e+01 -5.218823562458104748e-01 1.000000000000000056e-01
5.381526104417670808e+01 -1.499288923765932369e-01 1.000000000000000056e-01
5.421686746987951722e+01 -1.779989784090520166e-02 1.000000000000000056e-01
5.461847389558232635e+01 7.769192997467345985e-02 1.000000000000000056e-01
5.502008032128514259e+01 3.343263301335811510e-01 1.000000000000000056e-01
5.542168674698795172e+01 6.939151881218698081e-01 1.000000000000000056e-01
5.582329317269076085e+01 1.132784976061114168e+00 1.000000000000000056e-01
5.622489959839357709e+01 1.239566339632241609e+00 1.000000000000000056e-01
5.662650602409638623e+01 1.308598735050261919e+00 1.000000000000000056e-01
5.702811244979919536e+01 1.089376724641427874e+00 1.000000000000000056e-01
5.742971887550200449e+01 7.911476397627117407e-01 1.000000000000000056e-01
5.783132530120482073e+01 4.829288351800054557e-01 1.000000000000000056e-01
5.823293172690762987e+01 2.821148697174146180e-01 1.000000000000000056e-01
5.863453815261043900e+01 -5.302435407805312917e-02 1.000000000000000056e-01
5.903614457831325524e+01 -1.166088281846634767e-01 1.000000000000000056e-01
5.943775100401606437e+01 1.190287127080889851e-02 1.000000000000000056e-01
5.983935742971887350e+01 -1.612897569331169789e-01 1.000000000000000056e-01
6.024096385542168974e+01 2.169964362303798411e-01 1.000000000000000056e-01
6.064257028112449888e+01 1.602302413517460167e-01 1.000000000000000056e-01
6.104417670682730801e+01 6.208494772757094937e-01 1.000000000000000056e-01
6.144578313253011714e+01 8.431368860814780763e-01 1.000000000000000056e-01
6.184738955823293338e+01 9.636252699800431643e-01 1.000000000000000056e-01
6.224899598393574252e+01 1.224035666595026051e+00 1.000000000000000056e-01
6.265060240963855165e+01 8.612782811834005514e-01 1.000000000000000056e-01
6.305220883534136789e+01 1.003464320923050712e+00 1.000000000000000056e-01
6.345381526104417702e+01 4.653659878755470602e-01 1.000000000000000056e-01
6.385542168674698615e+01 2.661785391520845589e-01 1.000000000000000056e-01
6.425702811244980239e+01 2.775757735185754305e-01 1.000000000000000056e-01
6.465863453815261153e+01 2.737695172672403032e-01 1.000000000000000056e-01
6.506024096385542066e+01 6.296110217416384103e-01 1.000000000000000056e-01
6.546184738955822979e+01 6.965567268990165983e-01 1.000000000000000056e-01
6.586345381526103893e+01 7.021730096429790180e-01 1.000000000000000056e-01
6.626506024096384806e+01 9.263815428415351771e-01 1.000000000000000056e-01
6.666666666666667140e+01 7.555123269572152633e-01 1.000000000000000056e-01
6.706827309236948054e+01 7.059686436436179990e-01 1.000000000000000056e-01
6.746987951807228967e+01 6.219497097927975116e-01 1.000000000000000056e-01
6.787148594377509880e+01 6.414093340217578154e-01 1.000000000000000056e-01
6.827309236947790794e+01 4.706332197519415006e-01 1.000000000000000056e-01
6.867469879518071707e+01 5.825107039920128793e-01 1.000000000000000056e-01
6.907630522088354041e+01 8.810863853583754679e-01 1.000000000000000056e-01
6.947791164658634955e+01 1.239217356915115698e+00 1.000000000000000056e-01
6.987951807228915868e+01 1.226838621514411809e+00 1.000000000000000056e-01
7.028112449799196781e+01 1.688399656129053517e+00 1.000000000000000056e-01
7.068273092369477695e+01 1.966184078270817981e+00 1.000000000000000056e-01
7.108433734939758608e+01 2.176085945444636849e+00 1.000000000000000056e-01
7.148594377510039521e+01 2.182650481348928917e+00 1.000000000000000056e-01
7.188755020080321856e+01 1.957550490161853229e+00 1.000000000000000056e-01
7.228915662650602769e+01 1.930906915415740777e+00 1.000000000000000056e-01
7.269076305220883683e+01 1.454714967929915614e+00 1.000000000000000056e-01
7.309236947791164596e+01 1.293056807138303288e+00 1.000000000000000056e-01
7.349397590361445509e+01 1.134967645069660636e+00 1.000000000000000056e-01
7.389558232931726423e+01 1.029309965953122852e+00 1.000000000000000056e-01
7.429718875502007336e+01 1.018178296592404219e+00 1.000000000000000056e-01
7.469879518072289670e+01 1.073436643005439173e+00 1.000000000000000056e-01
7.510040160642570584e+01 1.202306367218231475e+00 1.000000000000000056e-01
7.550200803212851497e+01 1.390781871630660804e+00 1.000000000000000056e-01
7.590361445783132410e+01 1.745247088849358530e+00 1.000000000000000056e-01
7.630522088353413324e+01 2.218818658197421634e+00 1.000000000000000056e-01
7.670682730923694237e+01 2.295666285475356450e+00 1.000000000000000056e-01
7.710843373493975150e+01 2.502559862301590332e+00 1.000000000000000056e-01
7.751004016064257485e+01 2.492281639019232387e+00 1.000000000000000056e-01
7.791164658634538398e+01 2.267755887069004661e+00 1.000000000000000056e-01
7.831325301204819311e+01 1.936228911083552440e+00 1.000000000000000056e-01
7.871485943775100225e+01 2.023918857496331825e+00 1.000000000000000056e-01
7.911646586345381138e+01 1.619875651548282169e+00 1.000000000000000056e-01
7.951807228915662051e+01 1.700297845374667771e+00 1.000000000000000056e-01
7.991967871485944386e+01 1.691310682186929704e+00 1.000000000000000056e-01
8.032128514056225299e+01 1.733191835825362848e+00 1.000000000000000056e-01
8.072289156626506212e+01 1.737583992779751174e+00 1.000000000000000056e-01
8.112449799196787126e+01 1.617181045115009042e+00 1.000000000000000056e-01
8.152610441767068039e+01 1.103067986029510728e+00 1.000000000000000056e-01
8.192771084337348952e+01 1.022538381984060107e+00 1.000000000000000056e-01
8.232931726907629866e+01 7.313964639848656857e-01 1.000000000000000056e-01
8.273092369477912200e+01 3.633564508764851042e-01 1.000000000000000056e-01
8.313253012048193114e+01 6.232324991242489676e-02 1.000000000000000056e-01
8.353413654618474027e+01 1.042398309270526902e-01 1.000000000000000056e-01
8.393574297188754940e+01 -8.860787969946677667e-02 1.000000000000000056e-01
8.433734939759035854e+01 6.945216191211044110e-02 1.000000000000000056e-01
8.473895582329316767e+01 -1.310712487370130352e-02 1.000000000000000056e-01
8.514056224899597680e+01 5.154406358875258665e-01 1.000000000000000056e-01
8.554216867469880015e+01 7.372325981891239000e-01 1.000000000000000056e-01
8.594377510040160928e+01 1.223105668807159541e+00 1.000000000000000056e-01
8.634538152610441841e+01 1.301335745641011510e+00 1.000000000000000056e-01
8.674698795180722755e+01 1.211896885564206272e+00 1.000000000000000056e-01
8.714859437751003668e+01 1.276359120950216308e+00 1.000000000000000056e-01
8.755020080321284581e+01 7.066076135379237844e-01 1.000000000000000056e-01
8.795180722891566916e+01 4.589950060611437954e-01 1.000000000000000056e-01
8.835341365461847829e+01 1.079395785225852611e-01 1.000000000000000056e-01
8.875502008032128742e+01 -8.896021878450562081e-02 1.000000000000000056e-01
8.915662650602409656e+01 -1.437210202185147667e-02 1.000000000000000056e-01
8.955823293172690569e+01 4.909472179236742950e-02 1.000000000000000056e-01
8.995983935742971482e+01 1.702875542953318222e-01 1.000000000000000056e-01
9.036144578313252396e+01 3.013044436905959467e-01 1.000000000000000056e-01
9.076305220883534730e+01 4.637500573587501895e-01 1.000000000000000056e-01
9.116465863453815643e+01 2.515633098654931343e-01 1.000000000000000056e-01
9.156626506024096557e+01 1.661431975122919791e-01 1.000000000000000056e-01
9.196787148594377470e+01 -3.827507918585227320e-01 1.000000000000000056e-01
9.236947791164658383e+01 -7.922006153864332711e-01 1.000000000000000056e-01
9.277108433734939297e+01 -9.145039622497670440e-01 1.000000000000000056e-01
9.317269076305220210e+01 -1.278179192615227500e+00 1.000000000000000056e-01
9.357429718875502545e+01 -1.540247020794592192e+00 1.000000000000000056e-01
9.397590361445783458e+01 -1.610161692195058780e+00 1.000000000000000056e-01
9.437751004016064371e+01 -1.616030717593795352e+00 1.000000000000000056e-01
9.477911646586345285e+01 -1.284628673915616304e+00 1.000000000000000056e-01
9.518072289156626198e+01 -8.716622220053372727e-01 1.000000000000000056e-01
9.558232931726907111e+01 -5.144575395074431068e-01 1.000000000000000056e-01
9.598393574297188025e+01 -1.007517316571172744e-01 1.000000000000000056e-01
9.638554216867470359e+01 -2.739878855818246584e-02 1.000000000000000056e-01
9.678714859437751272e+01 2.287263104637261013e-01 1.000000000000000056e-01
9.718875502008032186e+01 2.848243332095466984e-01 1.000000000000000056e-01
9.759036144578313099e+01 2.289577873116794282e-01 1.000000000000000056e-01
9.799196787148594012e+01 5.130122446698041072e-01 1.000000000000000056e-01
9.839357429718874926e+01 6.518837206787652105e-01 1.000000000000000056e-01
9.879518072289157260e+01 8.665727181200965079e-01 1.000000000000000056e-01
9.919678714859438173e+01 1.329047546935457902e+00 1.000000000000000056e-01
9.959839357429719087e+01 1.363263495667159653e+00 1.000000000000000056e-01
1.000000000000000000e+02 1.633902310681041747e+00 1.000000000000000056e-01
