0.000000000000000000e+00 3.097871213482586428e-01 1.000000000000000056e-01
4.016064257028112428e-01 9.784784425672848895e-02 1.000000000000000056e-01
8.032128514056224855e-01 -1.588829396977336494e-01 1.000000000000000056e-01
1.204819277108433617e+00 -2.730269698308054327e-01 1.000000000000000056e-01
1.606425702811244971e+00 -9.742556621372053804e-01 1.000000000000000056e-01
2.008032128514056325e+00 -1.158895075436185085e+00 1.000000000000000056e-01
2.409638554216867234e+00 -1.581001235488779022e+00 1.000000000000000056e-01
2.811244979919678588e+00 -1.686104656644631383e+00 1.000000000000000056e-01
3.212851405622489942e+00 -1.698965485862365066e+00 1.000000000000000056e-01
3.614457831325301296e+00 -1.038296833960719923e+00 1.000000000000000056e-01
4.016064257028112650e+00 -8.456457394763390312e-01 1.000000000000000056e-01
4.417670682730923559e+00 -6.174540421885892361e-01 1.000000000000000056e-01
4.819277108433734469e+00 -8.116673539508268975e-01 1.000000000000000056e-01
5.220883534136546267e+00 -1.123253255679163454e+00 1.000000000000000056e-01
5.622489959839357176e+00 -1.657027993430625790e+00 1.000000000000000056e-01
6.024096385542168974e+00 -2.048816153315752508e+00 1.000000000000000056e-01
6.425702811244979884e+00 -2.290988887334645341e+00 1.000000000000000056e-01
6.827309236947790794e+00 -2.296608373249876767e+00 1.000000000000000056e-01
7.228915662650602592e+00 -2.157247214372493893e+00 1.000000000000000056e-01
7.630522088353413501e+00 -1.864146207306635716e+00 1.000000000000000056e-01
8.032128514056225299e+00 -1.254198450757672223e+00 1.000000000000000056e-01
8.433734939759036209e+00 -6.686288181247905804e-01 1.000000000000000056e-01
8.835341365461847118e+00 -3.202490248562749331e-01 1.000000000000000056e-01
9.236947791164658028e+00 -3.115628057357870406e-01 1.000000000000000056e-01
9.638554216867468938e+00 -1.744525580443617718e-01 1.000000000000000056e-01
1.004016064257028162e+01 -6.766384878447295748e-02 1.000000000000000056e-01
1.044176706827309253e+01 -1.562771021576111474e-01 1.000000000000000056e-01
1.084337349397590344e+01 7.707930042978644591e-02 1.000000000000000056e-01
1.124497991967871435e+01 -1.551574377713735853e-01 1.000000000000000056e-01
1.164658634538152526e+01 -4.082617337787337042e-01 1.000000000000000056e-01
1.204819277108433795e+01 -9.427474885893425416e-01 1.000000000000000056e-01
1.244979919678714886e+01 -1.376006807953277900e+00 1.000000000000000056e-01
1.285140562248995977e+01 -1.578210613335728763e+00 1.000000000000000056e-01
1.325301204819277068e+01 -1.941185478210249338e+00 1.000000000000000056e-01
1.365461847389558159e+01 -1.859991726937223699e+00 1.000000000000000056e-01
1.405622489959839427e+01 -1.586119191433245978e+00 1.000000000000000056e-01
1.445783132530120518e+01 -1.264872382050233668e+00 1.000000000000000056e-01
1.485943775100401609e+01 -4.111909809205391286e-01 1.000000000000000056e-01
1.526104417670682700e+01 4.166173579041785313e-01 1.000000000000000056e-01
1.566265060240963791e+01 9.400882967329418083e-01 1.000000000000000056e-01
1.606425702811245060e+01 1.301569147768236734e+00 1.000000000000000056e-01
1.646586345381525973e+01 1.206596121769228036e+00 1.000000000000000056e-01
1.686746987951807242e+01 1.020188139268143779e+00 1.000000000000000056e-01
1.726907630522088510e+01 6.892640641392644429e-01 1.000000000000000056e-01
1.767068273092369424e+01 2.762566826151333643e-01 1.000000000000000056e-01
1.807228915662650692e+01 -2.042709210109958651e-01 1.000000000000000056e-01
1.847389558232931606e+01 -5.083902859231403948e-01 1.000000000000000056e-01
1.887550200803212874e+01 -7.739316713887165466e-01 1.000000000000000056e-01
1.927710843373493788e+01 -9.089858936821963997e-01 1.000000000000000056e-01
1.967871485943775056e+01 -1.003931014256398857e+00 1.000000000000000056e-01
2.008032128514056325e+01 -9.669222600176555771e-01 1.000000000000000056e-01
2.048192771084337238e+01 -8.009340830081239648e-01 1.000000000000000056e-01
2.088353413654618507e+01 -5.729742061081981586e-01 1.000000000000000056e-01
2.128514056224899420e+01 -4.269013870185611181e-01 1.000000000000000056e-01
2.168674698795180689e+01 -4.113899312415675302e-01 1.000000000000000056e-01
2.208835341365461957e+01 -8.959475649723708246e-01 1.000000000000000056e-01
2.248995983935742871e+01 -8.962260757948272705e-01 1.000000000000000056e-01
2.289156626506024139e+01 -5.413053238208286322e-01 1.000000000000000056e-01
2.329317269076305053e+01 -7.332506654469113372e-02 1.000000000000000056e-01
2.369477911646586321e+01 1.038049379573813685e-01 1.000000000000000056e-01
2.409638554216867590e+01 2.498725247257665982e-03 1.000000000000000056e-01
2.449799196787148503e+01 -7.275265455442186946e-02 1.000000000000000056e-01
2.489959839357429772e+01 -4.681966971736530314e-01 1.000000000000000056e-01
2.530120481927710685e+01 -5.055311555663395406e-01 1.000000000000000056e-01
2.570281124497991954e+01 -2.723122529936688463e-01 1.000000000000000056e-01
2.610441767068273222e+01 7.863271343218719567e-02 1.000000000000000056e-01
2.650602409638554136e+01 1.248454980111593088e-01 1.000000000000000056e-01
2.690763052208835404e+01 4.851775713696906411e-01 1.000000000000000056e-01
2.730923694779116317e+01 4.617389611617584988e-01 1.000000000000000056e-01
2.771084337349397586e+01 7.793471463742236705e-02 1.000000000000000056e-01
2.811244979919678855e+01 -1.419850065863838828e-01 1.000000000000000056e-01
2.851405622489959768e+01 -8.490700042340060261e-01 1.000000000000000056e-01
2.891566265060241037e+01 -1.029372367648292874e+00 1.000000000000000056e-01
2.931726907630521950e+01 -7.896348575332949871e-01 1.000000000000000056e-01
2.971887550200803219e+01 -8.036858596300564539e-01 1.000000000000000056e-01
3.012048192771084487e+01 -9.656873217726711367e-01 1.000000000000000056e-01
3.052208835341365400e+01 -8.760217502462677164e-01 1.000000000000000056e-01
3.092369477911646669e+01 -9.824186576321758402e-01 1.000000000000000056e-01
3.132530120481927582e+01 -1.183364138026314683e+00 1.000000000000000056e-01
3.172690763052208851e+01 -1.193848822183148695e+00 1.000000000000000056e-01
3.212851405622490120e+01 -1.092987106546479570e+00 1.000000000000000056e-01
3.253012048192771033e+01 -1.105982634027725453e+00 1.000000000000000056e-01
3.293172690763051946e+01 -7.924852395733953392e-01 1.000000000000000056e-01
3.333333333333333570e+01 -1.052798389364780540e+00 1.000000000000000056e-01
3.373493975903614484e+01 -1.010011816188916001e+00 1.000000000000000056e-01
3.413654618473895397e+01 -1.248251208405851020e+00 1.000000000000000056e-01
3.453815261044177021e+01 -1.494435746709130264e+00 1.000000000000000056e-01
3.493975903614457934e+01 -1.802682718038332244e+00 1.000000000000000056e-01
3.534136546184738847e+01 -1.931929019007005754e+00 1.000000000000000056e-01
3.574297188755019761e+01 -2.153175538628095520e+00 1.000000000000000056e-01
3.614457831325301385e+01 -2.164629369767060663e+00 1.000000000000000056e-01
3.654618473895582298e+01 -2.145358095858661773e+00 1.000000000000000056e-01
3.694779116465863211e+01 -2.014665359961375302e+00 1.000000000000000056e-01
3.734939759036144835e+01 -1.448488993851247075e+00 1.000000000000000056e-01
3.775100401606425748e+01 -1.325801657583052018e+00 1.000000000000000056e-01
3.815261044176706662e+01 -1.167849339507737616e+00 1.000000000000000056e-01
3.855421686746987575e+01 -1.062671755619704728e+00 1.000000000000000056e-01
3.895582329317269199e+01 -1.067299195387901856e+00 1.000000000000000056e-01
3.935742971887550112e+01 -9.300676355095477410e-01 1.000000000000000056e-01
3.975903614457831026e+01 -8.559498305533326246e-01 1.000000000000000056e-01
4.016064257028112650e+01 -7.969593628942583940e-01 1.000000000000000056e-01
4.056224899598393563e+01 -1.140928405034705717e+00 1.000000000000000056e-01
4.096385542168674476e+01 -1.357111015945144938e+00 1.000000000000000056e-01
4.136546184738956100e+01 -1.710753605870547922e+00 1.000000000000000056e-01
4.176706827309237013e+01 -1.835119345826333515e+00 1.000000000000000056e-01
4.216867469879517927e+01 -1.701465930738362831e+00 1.000000000000000056e-01
4.257028112449798840e+01 -1.251459834733093635e+00 1.000000000000000056e-01
4.297188755020080464e+01 -7.026637518901294177e-01 1.000000000000000056e-01
4.337349397590361377e+01 1.389406010596869190e-01 1.000000000000000056e-01
4.377510040160642291e+01 6.820927389486055592e-01 1.000000000000000056e-01
4.417670682730923915e+01 5.436698373695709741e-01 1.000000000000000056e-01
4.457831325301204828e+01 3.362854225882819237e-01 1.000000000000000056e-01
4.497991967871485741e+01 6.514577172479403266e-01 1.000000000000000056e-01
4.538152610441767365e+01 7.404776684004102938e-01 1.000000000000000056e-01
4.578313253012048278e+01 9.373179460843944488e-01 1.000000000000000056e-01
4.618473895582329192e+01 7.629815992678830039e-01 1.000000000000000056e-01
4.658634538152610105e+01 5.540832819593586311e-01 1.000000000000000056e-01
4.698795180722891729e+01 5.896664056914674434e-01 1.000000000000000056e-01
4.738955823293172642e+01 1.046337086353319457e-01 1.000000000000000056e-01
4.779116465863453556e+01 -2.634785307780495578e-01 1.000000000000000056e-01
4.819277108433735179e+01 -7.049610639637670095e-01 1.000000000000000056e-01
4.859437751004016093e+01 -1.241855113321812532e+00 1.000000000000000056e-01
4.899598393574297006e+01 -1.312995895776650990e+00 1.000000000000000056e-01
4.939759036144578630e+01 -1.217857008587112100e+00 1.000000000000000056e-01
4.979919678714859543e+01 -7.933573807786580279e-01 1.000000000000000056e-01
5.020080321285140457e+01 -6.061878103986373389e-01 1.000000000000000056e-01
5.060240963855421370e+01 -4.558352687552907900e-01 1.000000000000000056e-01
5.100401606425702994e+01 -5.045074522522937643e-01 1.000000000000000056e-01
5.140562248995983907e+01 -2.929753465105873755e-01 1.000000000000000056e-01
5.180722891566264821e+01 -2.552905616909788566e-01 1.000000000000000056e-01
5.220883534136546444e+01 -1.282685698677676345e-01 1.000000000000000056e-01
5.261044176706827358e+01 -2.338322959717900607e-02 1.000000000000000056e-01
5.301204819277108271e+01 3.012467897276782658e-02 1.000000000000000056e-01
5.341365461847389184e+01 -4.271826254559707436e-01 1.000000000000000056e-01
5.381526104417670808e+01 -6.939813510379796435e-01 1.000000000000000056e-01
5.421686746987951722e+01 -8.461146908128729383e-01 1.000000000000000056e-01
5.461847389558232635e+01 -7.384811454352753213e-01 1.000000000000000056e-01
5.502008032128514259e+01 -8.434311415054868144e-01 1.000000000000000056e-01
5.542168674698795172e+01 -1.016030276666970433e+00 1.000000000000000056e-01
5.582329317269076085e+01 -8.676697159130515313e-01 1.000000000000000056e-01
5.622489959839357709e+01 -4.723603232528162943e-01 1.000000000000000056e-01
5.662650602409638623e+01 -4.160147721576567537e-01 1.000000000000000056e-01
5.702811244979919536e+01 -4.657108412525043373e-02 1.000000000000000056e-01
5.742971887550200449e+01 -3.193118395744702909e-01 1.000000000000000056e-01
5.783132530120482073e+01 -4.518014712179583281e-01 1.000000000000000056e-01
5.823293172690762987e+01 -9.013501308933589140e-01 1.000000000000000056e-01
5.863453815261043900e+01 -6.697823959148242468e-01 1.000000000000000056e-01
5.903614457831325524e+01 -3.377123450642339209e-01 1.000000000000000056e-01
5.943775100401606437e+01 3.739139172893652940e-01 1.000000000000000056e-01
5.983935742971887350e+01 7.880762375997514280e-01 1.000000000000000056e-01
6.024096385542168974e+01 1.158096122931056460e+00 1.000000000000000056e-01
6.064257028112449888e+01 1.218353660387908821e+00 1.000000000000000056e-01
6.104417670682730801e+01 1.077116994916426762e+00 1.000000000000000056e-01
6.144578313253011714e+01 5.381458492052919595e-01 1.000000000000000056e-01
6.184738955823293338e+01 -3.203722524655634452e-01 1.000000000000000056e-01
6.224899598393574252e+01 -7.530351849882258586e-01 1.000000000000000056e-01
6.265060240963855165e+01 -1.114596768816314531e+00 1.000000000000000056e-01
6.305220883534136789e+01 -1.118392702463672395e+00 1.000000000000000056e-01
6.345381526104417702e+01 -9.915326168431660703e-01 1.000000000000000056e-01
6.385542168674698615e+01 -8.540096075410492649e-01 1.000000000000000056e-01
6.425702811244980239e+01 -1.066478289914471356e+00 1.000000000000000056e-01
6.465863453815261153e+01 -1.312332260422860442e+00 1.000000000000000056e-01
6.506024096385542066e+01 -1.827148448085323063e+00 1.000000000000000056e-01
6.546184738955822979e+01 -2.079170788223922095e+00 1.000000000000000056e-01
6.586345381526103893e+01 -2.093720062015546279e+00 1.000000000000000056e-01
6.626506024096384806e+01 -1.853341857454325448e+00 1.000000000000000056e-01
6.666666666666667140e+01 -9.348173216147398490e-01 1.000000000000000056e-01
6.706827309236948054e+01 -4.251597284891307782e-02 1.000000000000000056e-01
6.746987951807228967e+01 6.462909318445531071e-01 1.000000000000000056e-01
6.787148594377509880e+01 1.086798626719647443e+00 1.000000000000000056e-01
6.827309236947790794e+01 1.098406489402103947e+00 1.000000000000000056e-01
6.867469879518071707e+01 8.454189597525557653e-01 1.000000000000000056e-01
6.907630522088354041e+01 8.385960869394870620e-01 1.000000000000000056e-01
6.947791164658634955e+01 9.770043163731529923e-01 1.000000000000000056e-01
6.987951807228915868e+01 1.142437504660045677e+00 1.000000000000000056e-01
7.028112449799196781e+01 1.149178570425263723e+00 1.000000000000000056e-01
7.068273092369477695e+01 1.115776032240224813e+00 1.000000000000000056e-01
7.108433734939758608e+01 5.098560107985723455e-01 1.000000000000000056e-01
7.148594377510039521e+01 -1.470128967711169243e-02 1.000000000000000056e-01
7.188755020080321856e+01 -3.960601544716162437e-01 1.000000000000000056e-01
7.228915662650602769e+01 -1.506647941639176480e-01 1.000000000000000056e-01
7.269076305220883683e+01 4.917778076820422672e-03 1.000000000000000056e-01
7.309236947791164596e+01 1.817258214045933684e-01 1.000000000000000056e-01
7.349397590361445509e+01 2.187006070008509773e-01 1.000000000000000056e-01
7.389558232931726423e+01 1.901837389110407617e-01 1.000000000000000056e-01
7.429718875502007336e+01 -1.190765932798908133e-01 1.000000000000000056e-01
7.469879518072289670e+01 -4.748401200045444526e-01 1.000000000000000056e-01
7.510040160642570584e+01 -4.685025696765412473e-01 1.000000000000000056e-01
7.550200803212851497e+01 -8.927739180887170889e-01 1.000000000000000056e-01
7.590361445783132410e+01 -1.338007279525080362e+00 1.000000000000000056e-01
7.630522088353413324e+01 -1.768002075895342307e+00 1.000000000000000056e-01
7.670682730923694237e+01 -1.990020928287629776e+00 1.000000000000000056e-01
7.710843373493975150e+01 -2.085192828264876397e+00 1.000000000000000056e-01
7.751004016064257485e+01 -1.981367271964007637e+00 1.000000000000000056e-01
7.791164658634538398e+01 -2.053759029846021544e+00 1.000000000000000056e-01
7.831325301204819311e+01 -2.277411960144600123e+00 1.000000000000000056e-01
7.871485943775100225e+01 -2.022862658605887098e+00 1.000000000000000056e-01
7.911646586345381138e+01 -2.375229197388295965e+00 1.000000000000000056e-01
7.951807228915662051e+01 -2.164161455679765034e+00 1.000000000000000056e-01
7.991967871485944386e+01 -2.030079164392598834e+00 1.000000000000000056e-01
8.032128514056225299e+01 -1.740134773700903859e+00 1.000000000000000056e-01
8.072289156626506212e+01 -1.459819434723611087e+00 1.000000000000000056e-01
8.112449799196787126e+01 -1.162735542922241905e+00 1.000000000000000056e-01
8.152610441767068039e+01 -7.224029766702124711e-01 1.000000000000000056e-01
8.192771084337348952e+01 -2.086785429230474387e-01 1.000000000000000056e-01
8.232931726907629866e+01 -7.010099433630972987e-02 1.000000000000000056e-01
8.273092369477912200e+01 -1.823803531482606766e-03 1.000000000000000056e-01
8.313253012048193114e+01 -5.459255025811208251e-01 1.000000000000000056e-01
8.353413654618474027e+01 -8.703897081089159160e-01 1.000000000000000056e-01
8.393574297188754940e+01 -1.254659701412633499e+00 1.000000000000000056e-01
8.433734939759035854e+01 -1.360449362520203875e+00 1.000000000000000056e-01
8.473895582329316767e+01 -1.328918427972259453e+00 1.000000000000000056e-01
8.514056224899597680e+01 -7.445821675972053022e-01 1.000000000000000056e-01
8.554216867469880015e+01 -6.294269458341984480e-01 1.000000000000000056e-01
8.594377510040160928e+01 -5.588097212069893516e-01 1.000000000000000056e-01
8.634538152610441841e+01 -5.490889381823300663e-01 1.000000000000000056e-01
8.674698795180722755e+01 -7.276477530878067146e-01 1.000000000000000056e-01
8.714859437751003668e+01 -8.908092706123884597e-01 1.000000000000000056e-01
8.755020080321284581e+01 -8.456491169485863546e-01 1.000000000000000056e-01
8.795180722891566916e+01 -6.141934592260229753e-01 1.000000000000000056e-01
8.835341365461847829e+01 -2.637365111295721931e-01 1.000000000000000056e-01
8.875502008032128742e+01 2.812884164765682704e-01 1.000000000000000056e-01
8.915662650602409656e+01 1.225289062589462186e-01 1.000000000000000056e-01
8.955823293172690569e+01 -2.918748884342968752e-01 1.000000000000000056e-01
8.995983935742971482e+01 -1.147550694270591753e+00 1.000000000000000056e-01
9.036144578313252396e+01 -1.444652993652708828e+00 1.000000000000000056e-01
9.076305220883534730e+01 -1.813342705718280268e+00 1.000000000000000056e-01
9.116465863453815643e+01 -1.846639782290156573e+00 1.000000000000000056e-01
9.156626506024096557e+01 -1.550830588360661455e+00 1.000000000000000056e-01
9.196787148594377470e+01 -1.030346175581384527e+00 1.000000000000000056e-01
9.236947791164658383e+01 -5.962351443780546933e-01 1.000000000000000056e-01
9.277108433734939297e+01 -3.057290308806214219e-01 1.000000000000000056e-01
9.317269076305220210e+01 8.827181772324343978e-02 1.000000000000000056e-01
9.357429718875502545e+01 -1.782218739937562468e-01 1.000000000000000056e-01
9.397590361445783458e+01 -1.011795594958307953e-01 1.000000000000000056e-01
9.437751004016064371e+01 4.093452432542663555e-01 1.000000000000000056e-01
9.477911646586345285e+01 7.337912541962070545e-01 1.000000000000000056e-01
9.518072289156626198e+01 1.170765437507031548e+00 1.000000000000000056e-01
9.558232931726907111e+01 1.075333384249297142e+00 1.000000000000000056e-01
9.598393574297188025e+01 8.395464448628278120e-01 1.000000000000000056e-01
9.638554216867470359e+01 5.193665510542687380e-02 1.000000000000000056e-01
9.678714859437751272e+01 -6.560692978875923842e-01 1.000000000000000056e-01
9.718875502008032186e+01 -1.231790340337274303e+00 1.000000000000000056e-01
9.759036144578313099e+01 -1.500943389320930077e+00 1.000000000000000056e-01
9.799196787148594012e+01 -1.724667941782152658e+00 1.000000000000000056e-01
9.839357429718874926e+01 -1.796085694245956876e+00 1.000000000000000056e-01
9.879518072289157260e+01 -2.177803759254986371e+00 1.000000000000000056e-01
9.919678714859438173e+01 -2.032785048347447887e+00 1.000000000000000056e-01
9.959839357429719087e+01 -2.104885643057262889e+00 1.000000000000000056e-01
1.000000000000000000e+02 -1.744059703147873064e+00 1.000000000000000056e-01
