0.000000000000000000e+00 4.276635675802851200e-01 1.000000000000000056e-01
4.016064257028112428e-01 1.575490335868704184e-01 1.000000000000000056e-01
8.032128514056224855e-01 -1.004647373370788799e+00 1.000000000000000056e-01
1.204819277108433617e+00 -1.995072261531250835e+00 1.000000000000000056e-01
1.606425702811244971e+00 -2.478011536091262013e+00 1.000000000000000056e-01
2.008032128514056325e+00 -1.898396732960310640e+00 1.000000000000000056e-01
2.409638554216867234e+00 -8.852396715397977678e-01 1.000000000000000056e-01
2.811244979919678588e+00 -1.823811003008043996e-01 1.000000000000000056e-01
3.212851405622489942e+00 3.828518327714428016e-01 1.000000000000000056e-01
3.614457831325301296e+00 5.972215999397295638e-01 1.000000000000000056e-01
4.016064257028112650e+00 5.284222962177833605e-01 1.000000000000000056e-01
4.417670682730923559e+00 5.557582126464066796e-01 1.000000000000000056e-01
4.819277108433734469e+00 -7.988624816362926984e-01 1.000000000000000056e-01
5.220883534136546267e+00 -1.530850833837286151e+00 1.000000000000000056e-01
5.622489959839357176e+00 -5.764975818266928620e-01 1.000000000000000056e-01
6.024096385542168974e+00 -2.148874289916413993e-01 1.000000000000000056e-01
6.425702811244979884e+00 -1.321268449035319703e+00 1.000000000000000056e-01
6.827309236947790794e+00 -2.593470662447645569e+00 1.000000000000000056e-01
7.228915662650602592e+00 -2.276803900471670694e+00 1.000000000000000056e-01
7.630522088353413501e+00 -8.946937739245712784e-01 1.000000000000000056e-01
8.032128514056225299e+00 3.935091748164584735e-01 1.000000000000000056e-01
8.433734939759036209e+00 1.493625500387966376e+00 1.000000000000000056e-01
8.835341365461847118e+00 1.266054307414306024e+00 1.000000000000000056e-01
9.236947791164658028e+00 8.663494129727453696e-01 1.000000000000000056e-01
9.638554216867468938e+00 1.430915288584669320e-01 1.000000000000000056e-01
1.004016064257028162e+01 -8.926923633929046975e-01 1.000000000000000056e-01
1.044176706827309253e+01 -2.577393142091378930e+00 1.000000000000000056e-01
1.084337349397590344e+01 -3.771067740528860401e+00 1.000000000000000056e-01
1.124497991967871435e+01 -3.801977575863252135e+00 1.000000000000000056e-01
1.164658634538152526e+01 -2.898215846934914186e+00 1.000000000000000056e-01
1.204819277108433795e+01 -1.053368592509277057e+00 1.000000000000000056e-01
1.244979919678714886e+01 4.364280521087140485e-01 1.000000000000000056e-01
1.285140562248995977e+01 5.244885312103640951e-01 1.000000000000000056e-01
1.325301204819277068e+01 4.043557534357290484e-01 1.000000000000000056e-01
1.365461847389558159e+01 -6.988355555900038762e-02 1.000000000000000056e-01
1.405622489959839427e+01 -1.217219551972270164e+00 1.000000000000000056e-01
1.445783132530120518e+01 -2.544387510936382046e+00 1.000000000000000056e-01
1.485943775100401609e+01 -2.642472917366967433e+00 1.000000000000000056e-01
1.526104417670682700e+01 -2.432452528717233164e+00 1.000000000000000056e-01
1.566265060240963791e+01 -2.417132979421328987e+00 1.000000000000000056e-01
1.606425702811245060e+01 -2.839706766844658947e+00 1.000000000000000056e-01
1.646586345381525973e+01 -2.130910358437236862e+00 1.000000000000000056e-01
1.686746987951807242e+01 -7.811624834047914412e-01 1.000000000000000056e-01
1.726907630522088510e+01 -4.994428966889297161e-01 1.000000000000000056e-01
1.767068273092369424e+01 -1.350020707697320077e+00 1.000000000000000056e-01
1.807228915662650692e+01 -1.975994439591118867e+00 1.000000000000000056e-01
1.847389558232931606e+01 -1.786378615128365377e+00 1.000000000000000056e-01
1.887550200803212874e+01 -1.138487589579426862e+00 1.000000000000000056e-01
1.927710843373493788e+01 -1.207182850944782393e+00 1.000000000000000056e-01
1.967871485943775056e+01 -1.642890728707924630e+00 1.000000000000000056e-01
2.008032128514056325e+01 -7.087047550790480654e-01 1.000000000000000056e-01
2.048192771084337238e+01 1.099090938139321572e-01 1.000000000000000056e-01
2.088353413654618507e+01 -6.249888148735524007e-01 1.000000000000000056e-01
2.128514056224899420e+01 -1.946529923548912411e+00 1.000000000000000056e-01
2.168674698795180689e+01 -3.225170378504809143e+00 1.000000000000000056e-01
2.208835341365461957e+01 -3.167608583928669397e+00 1.000000000000000056e-01
2.248995983935742871e+01 -2.296514580639479330e+00 1.000000000000000056e-01
2.289156626506024139e+01 -1.590677330056082583e+00 1.000000000000000056e-01
2.329317269076305053e+01 -4.989440337388041380e-01 1.000000000000000056e-01
2.369477911646586321e+01 1.178904157121282603e+00 1.000000000000000056e-01
2.409638554216867590e+01 2.178623569060547549e+00 1.000000000000000056e-01
2.449799196787148503e+01 2.191002533321325441e+00 1.000000000000000056e-01
2.489959839357429772e+01 1.212402181075673768e+00 1.000000000000000056e-01
2.530120481927710685e+01 -4.237792547332581705e-01 1.000000000000000056e-01
2.570281124497991954e+01 -1.347964593159634905e+00 1.000000000000000056e-01
2.610441767068273222e+01 -8.172601367296888908e-01 1.000000000000000056e-01
2.650602409638554136e+01 4.837523118291698898e-01 1.000000000000000056e-01
2.690763052208835404e+01 3.651222177944832836e-01 1.000000000000000056e-01
2.730923694779116317e+01 -1.655091283095824761e-01 1.000000000000000056e-01
2.771084337349397586e+01 -7.699348979814368832e-01 1.000000000000000056e-01
2.811244979919678855e+01 -8.469442053527580505e-01 1.000000000000000056e-01
2.851405622489959768e+01 -1.907918511007007101e-01 1.000000000000000056e-01
2.891566265060241037e+01 5.262000906032550385e-02 1.000000000000000056e-01
2.931726907630521950e+01 -3.482323808098264917e-01 1.000000000000000056e-01
2.971887550200803219e+01 2.451721473884163616e-01 1.000000000000000056e-01
3.012048192771084487e+01 1.359961293650749692e+00 1.000000000000000056e-01
3.052208835341365400e+01 1.244280593425358239e+00 1.000000000000000056e-01
3.092369477911646669e+01 3.574438726353659224e-01 1.000000000000000056e-01
3.132530120481927582e+01 -6.903424845272444488e-01 1.000000000000000056e-01
3.172690763052208851e+01 -9.195105056914191222e-01 1.000000000000000056e-01
3.212851405622490120e+01 -3.601482915131769547e-01 1.000000000000000056e-01
3.253012048192771033e+01 -1.181706463063470769e-01 1.000000000000000056e-01
3.293172690763051946e+01 5.331901123888858063e-01 1.000000000000000056e-01
3.333333333333333570e+01 5.918565896959878669e-01 1.000000000000000056e-01
3.373493975903614484e+01 7.214127463628636772e-01 1.000000000000000056e-01
3.413654618473895397e+01 -1.034199836782901949e-01 1.000000000000000056e-01
3.453815261044177021e+01 -1.213398665717468239e+00 1.000000000000000056e-01
3.493975903614457934e+01 -2.148900976484473091e+00 1.000000000000000056e-01
3.534136546184738847e+01 -2.480360437565886311e+00 1.000000000000000056e-01
3.574297188755019761e+01 -2.652554397963958532e+00 1.000000000000000056e-01
3.614457831325301385e+01 -1.437217341924044378e+00 1.000000000000000056e-01
3.654618473895582298e+01 9.055373325497573234e-01 1.000000000000000056e-01
3.694779116465863211e+01 2.020017102978076906e+00 1.000000000000000056e-01
3.734939759036144835e+01 2.017076840247318259e+00 1.000000000000000056e-01
3.775100401606425748e+01 1.595751981925709551e+00 1.000000000000000056e-01
3.815261044176706662e+01 6.968687790221377298e-01 1.000000000000000056e-01
3.855421686746987575e+01 -7.614175051623297552e-01 1.000000000000000056e-01
3.895582329317269199e+01 -1.344262559628794707e+00 1.000000000000000056e-01
3.935742971887550112e+01 -9.686283425627846277e-01 1.000000000000000056e-01
3.975903614457831026e+01 -2.878106225785730388e-01 1.000000000000000056e-01
4.016064257028112650e+01 8.755970650867188620e-01 1.000000000000000056e-01
4.056224899598393563e+01 1.358503112391223011e+00 1.000000000000000056e-01
4.096385542168674476e+01 1.615028755803503913e+00 1.000000000000000056e-01
4.136546184738956100e+01 1.470119625248776707e+00 1.000000000000000056e-01
4.176706827309237013e+01 1.176588807653712321e+00 1.000000000000000056e-01
4.216867469879517927e+01 1.352546722602356422e+00 1.000000000000000056e-01
4.257028112449798840e+01 -3.724562175710094403e-02 1.000000000000000056e-01
4.297188755020080464e+01 -1.835941382750739370e+00 1.000000000000000056e-01
4.337349397590361377e+01 -2.565612447454167278e+00 1.000000000000000056e-01
4.377510040160642291e+01 -2.408941393114655938e+00 1.000000000000000056e-01
4.417670682730923915e+01 -2.277954506911350929e+00 1.000000000000000056e-01
4.457831325301204828e+01 -1.938558618341259088e+00 1.000000000000000056e-01
4.497991967871485741e+01 -1.780529018155088794e+00 1.000000000000000056e-01
4.538152610441767365e+01 -1.238217595364236701e+00 1.000000000000000056e-01
4.578313253012048278e+01 -5.818188647620052834e-01 1.000000000000000056e-01
4.618473895582329192e+01 1.762488226832972238e-01 1.000000000000000056e-01
4.658634538152610105e+01 9.943067890369430284e-01 1.000000000000000056e-01
4.698795180722891729e+01 1.300260411072369671e+00 1.000000000000000056e-01
4.738955823293172642e+01 9.000878307779475174e-01 1.000000000000000056e-01
4.779116465863453556e+01 8.455732903144583812e-01 1.000000000000000056e-01
4.819277108433735179e+01 1.631326855195725845e+00 1.000000000000000056e-01
4.859437751004016093e+01 2.218784918844031395e+00 1.000000000000000056e-01
4.899598393574297006e+01 2.608516832899763660e+00 1.000000000000000056e-01
4.939759036144578630e+01 1.724552657142913059e+00 1.000000000000000056e-01
4.979919678714859543e+01 -1.799023913466098190e-01 1.000000000000000056e-01
5.020080321285140457e+01 -1.569804607134948737e+00 1.000000000000000056e-01
5.060240963855421370e+01 -2.635077028375552022e+00 1.000000000000000056e-01
5.100401606425702994e+01 -3.377463088262135482e+00 1.000000000000000056e-01
5.140562248995983907e+01 -3.298771270688693136e+00 1.000000000000000056e-01
5.180722891566264821e+01 -2.511725470444442276e+00 1.000000000000000056e-01
5.220883534136546444e+01 -1.131870398008702816e+00 1.000000000000000056e-01
5.261044176706827358e+01 2.877789978455827513e-01 1.000000000000000056e-01
5.301204819277108271e+01 6.732085108560958986e-01 1.000000000000000056e-01
5.341365461847389184e+01 4.900522019802739937e-01 1.000000000000000056e-01
5.381526104417670808e+01 3.512993453103915864e-01 1.000000000000000056e-01
5.421686746987951722e+01 3.996610889755060625e-01 1.000000000000000056e-01
5.461847389558232635e+01 5.572068067924428325e-01 1.000000000000000056e-01
5.502008032128514259e+01 5.988422911943094284e-01 1.000000000000000056e-01
5.542168674698795172e+01 -2.439946184687737107e-02 1.000000000000000056e-01
5.582329317269076085e+01 -6.514972752148213697e-01 1.000000000000000056e-01
5.622489959839357709e+01 -8.602899846936671313e-01 1.000000000000000056e-01
5.662650602409638623e+01 -1.083990134899650570e+00 1.000000000000000056e-01
5.702811244979919536e+01 -4.997375806407070575e-01 1.000000000000000056e-01
5.742971887550200449e+01 9.088862631857121954e-01 1.000000000000000056e-01
5.783132530120482073e+01 1.396469658290234284e+00 1.000000000000000056e-01
5.823293172690762987e+01 6.066617776855053323e-01 1.000000000000000056e-01
5.863453815261043900e+01 -4.287684574291324990e-01 1.000000000000000056e-01
5.903614457831325524e+01 -4.523502480433069795e-02 1.000000000000000056e-01
5.943775100401606437e+01 8.781481759469459414e-01 1.000000000000000056e-01
5.983935742971887350e+01 1.301586584183610951e+00 1.000000000000000056e-01
6.024096385542168974e+01 1.569368431877202985e+00 1.000000000000000056e-01
6.064257028112449888e+01 1.725221886822712491e+00 1.000000000000000056e-01
6.104417670682730801e+01 1.846286687610048993e+00 1.000000000000000056e-01
6.144578313253011714e+01 1.141799018758550055e+00 1.000000000000000056e-01
6.184738955823293338e+01 -9.451095343682572314e-02 1.000000000000000056e-01
6.224899598393574252e+01 -1.653644999930407700e+00 1.000000000000000056e-01
6.265060240963855165e+01 -2.766623580202486110e+00 1.000000000000000056e-01
6.305220883534136789e+01 -2.752995988199361310e+00 1.000000000000000056e-01
6.345381526104417702e+01 -1.709805909256332912e+00 1.000000000000000056e-01
6.385542168674698615e+01 -6.756476126333589294e-01 1.000000000000000056e-01
6.425702811244980239e+01 5.916609912309459679e-02 1.000000000000000056e-01
6.465863453815261153e+01 6.184472004128527267e-01 1.000000000000000056e-01
6.506024096385542066e+01 1.649282028847521175e+00 1.000000000000000056e-01
6.546184738955822979e+01 2.199206951022744772e+00 1.000000000000000056e-01
6.586345381526103893e+01 2.308406560852112044e+00 1.000000000000000056e-01
6.626506024096384806e+01 2.040479377144204243e+00 1.000000000000000056e-01
6.666666666666667140e+01 2.693968037049821351e+00 1.000000000000000056e-01
6.706827309236948054e+01 3.336083452910947322e+00 1.000000000000000056e-01
6.746987951807228967e+01 2.765955125649266488e+00 1.000000000000000056e-01
6.787148594377509880e+01 1.812040130784126735e+00 1.000000000000000056e-01
6.827309236947790794e+01 9.634508323808832486e-01 1.000000000000000056e-01
6.867469879518071707e+01 9.119177824846509406e-01 1.000000000000000056e-01
6.907630522088354041e+01 4.959475544203445496e-01 1.000000000000000056e-01
6.947791164658634955e+01 -1.681850425361737789e-01 1.000000000000000056e-01
6.987951807228915868e+01 -8.100184005241536367e-01 1.000000000000000056e-01
7.028112449799196781e+01 -1.179098633709257937e+00 1.000000000000000056e-01
7.068273092369477695e+01 -1.072763423853007714e+00 1.000000000000000056e-01
7.108433734939758608e+01 -2.882697305301595292e-01 1.000000000000000056e-01
7.148594377510039521e+01 -4.801102002489623932e-02 1.000000000000000056e-01
7.188755020080321856e+01 -1.154997081818608384e-01 1.000000000000000056e-01
7.228915662650602769e+01 -8.839163570812725856e-01 1.000000000000000056e-01
7.269076305220883683e+01 -1.486734688184833786e+00 1.000000000000000056e-01
7.309236947791164596e+01 -1.529006490956431819e+00 1.000000000000000056e-01
7.349397590361445509e+01 -1.310334920082074861e+00 1.000000000000000056e-01
7.389558232931726423e+01 -1.258693577849599787e+00 1.000000000000000056e-01
7.429718875502007336e+01 -1.365167928725731450e+00 1.000000000000000056e-01
7.469879518072289670e+01 -8.489311959246140793e-01 1.000000000000000056e-01
7.510040160642570584e+01 -4.062054173440683424e-01 1.000000000000000056e-01
7.550200803212851497e+01 -2.424619380407458391e-01 1.000000000000000056e-01
7.590361445783132410e+01 -6.758115937344367774e-01 1.000000000000000056e-01
7.630522088353413324e+01 -8.914006014703668157e-01 1.000000000000000056e-01
7.670682730923694237e+01 -9.463660149989058246e-01 1.000000000000000056e-01
7.710843373493975150e+01 -1.460155726116521002e+00 1.000000000000000056e-01
7.751004016064257485e+01 -1.240163143162473780e+00 1.000000000000000056e-01
7.791164658634538398e+01 -8.216105102360784507e-01 1.000000000000000056e-01
7.831325301204819311e+01 1.365122005228828206e-01 1.000000000000000056e-01
7.871485943775100225e+01 1.353715781943543917e+00 1.000000000000000056e-01
7.911646586345381138e+01 1.939940285715866519e+00 1.000000000000000056e-01
7.951807228915662051e+01 1.753949520907766235e+00 1.000000000000000056e-01
7.991967871485944386e+01 5.921421834053680611e-01 1.000000000000000056e-01
8.032128514056225299e+01 2.869334166013448595e-02 1.000000000000000056e-01
8.072289156626506212e+01 7.842922722649439127e-01 1.000000000000000056e-01
8.112449799196787126e+01 1.459702203698261869e+00 1.000000000000000056e-01
8.152610441767068039e+01 1.119138273406624196e+00 1.000000000000000056e-01
8.192771084337348952e+01 4.872279050257621313e-01 1.000000000000000056e-01
8.232931726907629866e+01 1.241611201710352969e-01 1.000000000000000056e-01
8.273092369477912200e+01 -2.093890270999421155e-02 1.000000000000000056e-01
8.313253012048193114e+01 2.966662313377143034e-01 1.000000000000000056e-01
8.353413654618474027e+01 -3.468892884419142453e-01 1.000000000000000056e-01
8.393574297188754940e+01 -6.504170875751295045e-01 1.000000000000000056e-01
8.433734939759035854e+01 -1.215876016839601226e+00 1.000000000000000056e-01
8.473895582329316767e+01 -1.249419826737240280e+00 1.000000000000000056e-01
8.514056224899597680e+01 -6.231709094181300257e-01 1.000000000000000056e-01
8.554216867469880015e+01 3.640698592251063181e-01 1.000000000000000056e-01
8.594377510040160928e+01 3.775611599599588142e-01 1.000000000000000056e-01
8.634538152610441841e+01 -3.572262693683423418e-01 1.000000000000000056e-01
8.674698795180722755e+01 -1.089539004642980480e+00 1.000000000000000056e-01
8.714859437751003668e+01 -1.519013028848937186e+00 1.000000000000000056e-01
8.755020080321284581e+01 -1.065856733623436803e+00 1.000000000000000056e-01
8.795180722891566916e+01 -2.793203200667862540e-02 1.000000000000000056e-01
8.835341365461847829e+01 5.983739541949043561e-01 1.000000000000000056e-01
8.875502008032128742e+01 4.523607300840856715e-01 1.000000000000000056e-01
8.915662650602409656e+01 4.571278694872456527e-01 1.000000000000000056e-01
8.955823293172690569e+01 -6.098538460588436017e-02 1.000000000000000056e-01
8.995983935742971482e+01 -2.723010685031043709e-01 1.000000000000000056e-01
9.036144578313252396e+01 -1.927022475448078587e-01 1.000000000000000056e-01
9.076305220883534730e+01 2.510055186786455117e-01 1.000000000000000056e-01
9.116465863453815643e+01 5.758087431161247327e-01 1.000000000000000056e-01
9.156626506024096557e+01 1.114145998434601603e+00 1.000000000000000056e-01
9.196787148594377470e+01 1.292917318353381084e+00 1.000000000000000056e-01
9.236947791164658383e+01 1.641744674603986320e+00 1.000000000000000056e-01
9.277108433734939297e+01 1.447137371665756067e+00 1.000000000000000056e-01
9.317269076305220210e+01 2.062186377385030855e+00 1.000000000000000056e-01
9.357429718875502545e+01 2.587437819974372832e+00 1.000000000000000056e-01
9.397590361445783458e+01 2.438834465445015809e+00 1.000000000000000056e-01
9.437751004016064371e+01 1.247114485143332452e+00 1.000000000000000056e-01
9.477911646586345285e+01 -7.864248788748509078e-01 1.000000000000000056e-01
9.518072289156626198e+01 -2.664865244399666988e+00 1.000000000000000056e-01
9.558232931726907111e+01 -3.274470141383995170e+00 1.000000000000000056e-01
9.598393574297188025e+01 -2.406175531180000160e+00 1.000000000000000056e-01
9.638554216867470359e+01 -6.525923218905085310e-01 1.000000000000000056e-01
9.678714859437751272e+01 3.256760809960359548e-01 1.000000000000000056e-01
9.718875502008032186e+01 5.737480881162242419e-01 1.000000000000000056e-01
9.759036144578313099e+01 8.943650845035333585e-01 1.000000000000000056e-01
9.799196787148594012e+01 1.294848948458569016e+00 1.000000000000000056e-01
9.839357429718874926e+01 1.388773296027012050e+00 1.000000000000000056e-01
9.879518072289157260e+01 8.449734942783073688e-01 1.000000000000000056e-01
9.919678714859438173e+01 -4.404902718352328439e-02 1.000000000000000056e-01
9.959839357429719087e+01 -4.453501565604152668e-01 1.000000000000000056e-01
1.000000000000000000e+02 -8.036403786431771668e-01 1.000000000000000056e-01
