0.000000000000000000e+00 -2.102048660211108810e-02 1.000000000000000056e-01
4.016064257028112428e-01 1.906240552577649905e-01 1.000000000000000056e-01
8.032128514056224855e-01 1.686252478412671452e-01 1.000000000000000056e-01
1.204819277108433617e+00 1.211787604092730286e-01 1.000000000000000056e-01
1.606425702811244971e+00 4.941631529967527303e-02 1.000000000000000056e-01
2.008032128514056325e+00 -5.802438543777765911e-02 1.000000000000000056e-01
2.409638554216867234e+00 1.748712117989184023e-01 1.000000000000000056e-01
2.811244979919678588e+00 2.229136256016844841e-01 1.000000000000000056e-01
3.212851405622489942e+00 3.210157628128147422e-01 1.000000000000000056e-01
3.614457831325301296e+00 3.410107273404089367e-01 1.000000000000000056e-01
4.016064257028112650e+00 5.776023110418508910e-01 1.000000000000000056e-01
4.417670682730923559e+00 1.076492479563873284e+00 1.000000000000000056e-01
4.819277108433734469e+00 1.643611809158390447e+00 1.000000000000000056e-01
5.220883534136546267e+00 1.995361009765865168e+00 1.000000000000000056e-01
5.622489959839357176e+00 1.997695172173408862e+00 1.000000000000000056e-01
6.024096385542168974e+00 1.548737488938812579e+00 1.000000000000000056e-01
6.425702811244979884e+00 8.999453851427381412e-01 1.000000000000000056e-01
6.827309236947790794e+00 2.821022058425965984e-01 1.000000000000000056e-01
7.228915662650602592e+00 -6.187337662278784567e-01 1.000000000000000056e-01
7.630522088353413501e+00 -1.009313859903834265e+00 1.000000000000000056e-01
8.032128514056225299e+00 -1.145838097004119760e+00 1.000000000000000056e-01
8.433734939759036209e+00 -1.045048117061011306e+00 1.000000000000000056e-01
8.835341365461847118e+00 -1.110134514347781431e+00 1.000000000000000056e-01
9.236947791164658028e+00 -7.838840698560349818e-01 1.000000000000000056e-01
9.638554216867468938e+00 -8.810118722241679912e-01 1.000000000000000056e-01
1.004016064257028162e+01 -1.022398815912252568e+00 1.000000000000000056e-01
1.044176706827309253e+01 -1.607207592310911037e+00 1.000000000000000056e-01
1.084337349397590344e+01 -2.219417131535560195e+00 1.000000000000000056e-01
1.124497991967871435e+01 -2.564080163719741012e+00 1.000000000000000056e-01
1.164658634538152526e+01 -2.374472445265615850e+00 1.000000000000000056e-01
1.204819277108433795e+01 -1.480955806944136643e+00 1.000000000000000056e-01
1.244979919678714886e+01 -7.196665147763386949e-01 1.000000000000000056e-01
1.285140562248995977e+01 2.761411882043935950e-01 1.000000000000000056e-01
1.325301204819277068e+01 1.482907710353537745e+00 1.000000000000000056e-01
1.365461847389558159e+01 1.541091389445007342e+00 1.000000000000000056e-01
1.405622489959839427e+01 1.243282275199649956e+00 1.000000000000000056e-01
1.445783132530120518e+01 1.053025186668584912e+00 1.000000000000000056e-01
1.485943775100401609e+01 3.627774451524602428e-01 1.000000000000000056e-01
1.526104417670682700e+01 -3.399220617559952640e-01 1.000000000000000056e-01
1.566265060240963791e+01 -9.328684338712444069e-01 1.000000000000000056e-01
1.606425702811245060e+01 -1.382713805215236347e+00 1.000000000000000056e-01
1.646586345381525973e+01 -1.683785794193460639e+00 1.000000000000000056e-01
1.686746987951807242e+01 -2.102343881949612747e+00 1.000000000000000056e-01
1.726907630522088510e+01 -2.084254825409429301e+00 1.000000000000000056e-01
1.767068273092369424e+01 -1.585723891035700328e+00 1.000000000000000056e-01
1.807228915662650692e+01 -5.822925602375610410e-01 1.000000000000000056e-01
1.847389558232931606e+01 1.925354695975030339e-01 1.000000000000000056e-01
1.887550200803212874e+01 1.164502866691953464e+00 1.000000000000000056e-01
1.927710843373493788e+01 1.136830234013519680e+00 1.000000000000000056e-01
1.967871485943775056e+01 1.323280873150128212e+00 1.000000000000000056e-01
2.008032128514056325e+01 1.167136903724343755e+00 1.000000000000000056e-01
2.048192771084337238e+01 5.102786193811887916e-01 1.000000000000000056e-01
2.088353413654618507e+01 -5.485114329067127814e-01 1.000000000000000056e-01
2.128514056224899420e+01 -1.677927681685036587e+00 1.000000000000000056e-01
2.168674698795180689e+01 -2.676101458967073743e+00 1.000000000000000056e-01
2.208835341365461957e+01 -3.669923777033738954e+00 1.000000000000000056e-01
2.248995983935742871e+01 -3.888902465927773999e+00 1.000000000000000056e-01
2.289156626506024139e+01 -4.120850173767303559e+00 1.000000000000000056e-01
2.329317269076305053e+01 -3.983886971077393646e+00 1.000000000000000056e-01
2.369477911646586321e+01 -3.862532955537122170e+00 1.000000000000000056e-01
2.409638554216867590e+01 -3.501339527419582875e+00 1.000000000000000056e-01
2.449799196787148503e+01 -3.317104035065988388e+00 1.000000000000000056e-01
2.489959839357429772e+01 -2.288761166684773141e+00 1.000000000000000056e-01
2.530120481927710685e+01 -1.226605611379812277e+00 1.000000000000000056e-01
2.570281124497991954e+01 2.222144507681517167e-02 1.000000000000000056e-01
2.610441767068273222e+01 1.249560869558226317e+00 1.000000000000000056e-01
2.650602409638554136e+01 1.828347422492813790e+00 1.000000000000000056e-01
2.690763052208835404e+01 2.068566891900700089e+00 1.000000000000000056e-01
2.730923694779116317e+01 1.423037637088494511e+00 1.000000000000000056e-01
2.771084337349397586e+01 5.138906469756595596e-01 1.000000000000000056e-01
2.811244979919678855e+01 -1.109976753872691235e+00 1.000000000000000056e-01
2.851405622489959768e+01 -1.716648972368708392e+00 1.000000000000000056e-01
2.891566265060241037e+01 -2.177558691521000789e+00 1.000000000000000056e-01
2.931726907630521950e+01 -2.284054205130523485e+00 1.000000000000000056e-01
2.971887550200803219e+01 -1.961221434032388133e+00 1.000000000000000056e-01
3.012048192771084487e+01 -1.292295657365862827e+00 1.000000000000000056e-01
3.052208835341365400e+01 -1.189306800971172473e+00 1.000000000000000056e-01
3.092369477911646669e+01 -1.254167698755104920e+00 1.000000000000000056e-01
3.132530120481927582e+01 -1.332921303047785111e+00 1.000000000000000056e-01
3.172690763052208851e+01 -1.276650934734736564e+00 1.000000000000000056e-01
3.212851405622490120e+01 -9.488539294147579906e-01 1.000000000000000056e-01
3.253012048192771033e+01 -1.044133847477225263e+00 1.000000000000000056e-01
3.293172690763051946e+01 -5.363345220422740534e-01 1.000000000000000056e-01
3.333333333333333570e+01 -5.440435571734214548e-01 1.000000000000000056e-01
3.373493975903614484e+01 -2.476650568387269713e-01 1.000000000000000056e-01
3.413654618473895397e+01 7.863012416770372159e-02 1.000000000000000056e-01
3.453815261044177021e+01 5.668474603609487961e-01 1.000000000000000056e-01
3.493975903614457934e+01 9.502189076582622240e-01 1.000000000000000056e-01
3.534136546184738847e+01 1.676191229901950797e+00 1.000000000000000056e-01
3.574297188755019761e+01 2.241193749540812519e+00 1.000000000000000056e-01
3.614457831325301385e+01 2.562246363161531537e+00 1.000000000000000056e-01
3.654618473895582298e+01 2.614750898053275652e+00 1.000000000000000056e-01
3.694779116465863211e+01 2.465154207084725435e+00 1.000000000000000056e-01
3.734939759036144835e+01 2.037827278693446154e+00 1.000000000000000056e-01
3.775100401606425748e+01 1.349687453188874731e+00 1.000000000000000056e-01
3.815261044176706662e+01 1.076057101142502193e+00 1.000000000000000056e-01
3.855421686746987575e+01 6.689339024275243739e-01 1.000000000000000056e-01
3.895582329317269199e+01 2.732265093776477527e-01 1.000000000000000056e-01
3.935742971887550112e+01 1.615292026172571727e-01 1.000000000000000056e-01
3.975903614457831026e+01 2.529334273043200576e-01 1.000000000000000056e-01
4.016064257028112650e+01 2.607441406795636407e-01 1.000000000000000056e-01
4.056224899598393563e+01 8.467385732069956372e-01 1.000000000000000056e-01
4.096385542168674476e+01 1.702386765983498362e+00 1.000000000000000056e-01
4.136546184738956100e+01 2.122961790979795982e+00 1.000000000000000056e-01
4.176706827309237013e+01 2.588016304393255140e+00 1.000000000000000056e-01
4.216867469879517927e+01 2.953622594572317350e+00 1.000000000000000056e-01
4.257028112449798840e+01 3.083216430603501923e+00 1.000000000000000056e-01
4.297188755020080464e+01 2.655369958335312308e+00 1.000000000000000056e-01
4.337349397590361377e+01 2.422134744002672591e+00 1.000000000000000056e-01
4.377510040160642291e+01 1.648302935618985998e+00 1.000000000000000056e-01
4.417670682730923915e+01 7.281942812129222897e-01 1.000000000000000056e-01
4.457831325301204828e+01 -1.209849822843220707e-01 1.000000000000000056e-01
4.497991967871485741e+01 -7.467934021503593867e-01 1.000000000000000056e-01
4.538152610441767365e+01 -1.032368006532711657e+00 1.000000000000000056e-01
4.578313253012048278e+01 -9.953817745340465262e-01 1.000000000000000056e-01
4.618473895582329192e+01 -1.053402006262066370e+00 1.000000000000000056e-01
4.658634538152610105e+01 -1.116254727694860449e+00 1.000000000000000056e-01
4.698795180722891729e+01 -1.139537547193025580e+00 1.000000000000000056e-01
4.738955823293172642e+01 -1.656568308056600269e+00 1.000000000000000056e-01
4.779116465863453556e+01 -1.561049974375212424e+00 1.000000000000000056e-01
4.819277108433735179e+01 -9.757240417821563261e-01 1.000000000000000056e-01
4.859437751004016093e+01 -2.050763347367136891e-01 1.000000000000000056e-01
4.899598393574297006e+01 7.849230264844447857e-01 1.000000000000000056e-01
4.939759036144578630e+01 1.725551509477989853e+00 1.000000000000000056e-01
4.979919678714859543e+01 2.544206060136186665e+00 1.000000000000000056e-01
5.020080321285140457e+01 2.896845085764444772e+00 1.000000000000000056e-01
5.060240963855421370e+01 2.719105845079133221e+00 1.000000000000000056e-01
5.100401606425702994e+01 2.432324980718965968e+00 1.000000000000000056e-01
5.140562248995983907e+01 1.905583421437439418e+00 1.000000000000000056e-01
5.180722891566264821e+01 1.207208928088805422e+00 1.000000000000000056e-01
5.220883534136546444e+01 9.436939659568575056e-01 1.000000000000000056e-01
5.261044176706827358e+01 7.479697782824046293e-01 1.000000000000000056e-01
5.301204819277108271e+01 6.610788927172359664e-01 1.000000000000000056e-01
5.341365461847389184e+01 1.005774561216304708e+00 1.000000000000000056e-01
5.381526104417670808e+01 6.836980320649305165e-01 1.000000000000000056e-01
5.421686746987951722e+01 6.061881122999884797e-01 1.000000000000000056e-01
5.461847389558232635e+01 8.752182659315843605e-02 1.000000000000000056e-01
5.502008032128514259e+01 -2.478317945677397660e-01 1.000000000000000056e-01
5.542168674698795172e+01 -5.336832227248284877e-01 1.000000000000000056e-01
5.582329317269076085e+01 -7.848573278236646855e-01 1.000000000000000056e-01
5.622489959839357709e+01 -9.178130818129738300e-01 1.000000000000000056e-01
5.662650602409638623e+01 -1.020534952119494188e+00 1.000000000000000056e-01
5.702811244979919536e+01 -9.830433540039998919e-01 1.000000000000000056e-01
5.742971887550200449e+01 -7.538850233040031990e-01 1.000000000000000056e-01
5.783132530120482073e+01 -5.034502200654018544e-01 1.000000000000000056e-01
5.823293172690762987e+01 -2.140123330105042077e-01 1.000000000000000056e-01
5.863453815261043900e+01 5.477460126215926151e-01 1.000000000000000056e-01
5.903614457831325524e+01 1.126846787110050929e+00 1.000000000000000056e-01
5.943775100401606437e+01 1.900050759299606762e+00 1.000000000000000056e-01
5.983935742971887350e+01 1.884332474989663053e+00 1.000000000000000056e-01
6.024096385542168974e+01 2.381387989175041575e+00 1.000000000000000056e-01
6.064257028112449888e+01 2.558829907822339322e+00 1.000000000000000056e-01
6.104417670682730801e+01 2.403649202765322901e+00 1.000000000000000056e-01
6.144578313253011714e+01 2.610478707645052410e+00 1.000000000000000056e-01
6.184738955823293338e+01 3.061725307851772104e+00 1.000000000000000056e-01
6.224899598393574252e+01 2.962104876994730240e+00 1.000000000000000056e-01
6.265060240963855165e+01 2.946928144346183664e+00 1.000000000000000056e-01
6.305220883534136789e+01 2.568787586967914649e+00 1.000000000000000056e-01
6.345381526104417702e+01 2.310921794706230603e+00 1.000000000000000056e-01
6.385542168674698615e+01 2.126706539816293429e+00 1.000000000000000056e-01
6.425702811244980239e+01 2.097871826574479570e+00 1.000000000000000056e-01
6.465863453815261153e+01 1.779047068782336094e+00 1.000000000000000056e-01
6.506024096385542066e+01 1.958730455519283042e+00 1.000000000000000056e-01
6.546184738955822979e+01 2.367618235913399705e+00 1.000000000000000056e-01
6.586345381526103893e+01 2.525511627567203821e+00 1.000000000000000056e-01
6.626506024096384806e+01 2.804859953396594108e+00 1.000000000000000056e-01
6.666666666666667140e+01 2.530917572378912794e+00 1.000000000000000056e-01
6.706827309236948054e+01 2.009137482402926889e+00 1.000000000000000056e-01
6.746987951807228967e+01 1.945547401169964719e+00 1.000000000000000056e-01
6.787148594377509880e+01 1.400709188533980187e+00 1.000000000000000056e-01
6.827309236947790794e+01 9.415875458175931856e-01 1.000000000000000056e-01
6.867469879518071707e+01 8.412821033234908485e-01 1.000000000000000056e-01
6.907630522088354041e+01 6.680701043356247482e-01 1.000000000000000056e-01
6.947791164658634955e+01 6.930687995484678954e-01 1.000000000000000056e-01
6.987951807228915868e+01 9.815303469472304032e-01 1.000000000000000056e-01
7.028112449799196781e+01 1.171125192476705879e+00 1.000000000000000056e-01
7.068273092369477695e+01 1.280129947111156463e+00 1.000000000000000056e-01
7.108433734939758608e+01 1.462003370628961907e+00 1.000000000000000056e-01
7.148594377510039521e+01 1.712354993825375482e+00 1.000000000000000056e-01
7.188755020080321856e+01 1.620660863836770771e+00 1.000000000000000056e-01
7.228915662650602769e+01 1.516835076120329306e+00 1.000000000000000056e-01
7.269076305220883683e+01 1.590847973977729479e+00 1.000000000000000056e-01
7.309236947791164596e+01 1.222700486200311687e+00 1.000000000000000056e-01
7.349397590361445509e+01 1.386945021848542403e+00 1.000000000000000056e-01
7.389558232931726423e+01 1.193949395858960205e+00 1.000000000000000056e-01
7.429718875502007336e+01 1.298886370341742369e+00 1.000000000000000056e-01
7.469879518072289670e+01 1.192667656616480443e+00 1.000000000000000056e-01
7.510040160642570584e+01 1.035610822654152940e+00 1.000000000000000056e-01
7.550200803212851497e+01 8.928112318779006795e-01 1.000000000000000056e-01
7.590361445783132410e+01 1.265070892155284010e+00 1.000000000000000056e-01
7.630522088353413324e+01 1.193547910740922147e+00 1.000000000000000056e-01
7.670682730923694237e+01 1.309077089422818307e+00 1.000000000000000056e-01
7.710843373493975150e+01 1.075484542937783283e+00 1.000000000000000056e-01
7.751004016064257485e+01 8.651967406165577135e-01 1.000000000000000056e-01
7.791164658634538398e+01 7.458582341112256486e-01 1.000000000000000056e-01
7.831325301204819311e+01 6.243450552026064138e-01 1.000000000000000056e-01
7.871485943775100225e+01 2.357907726491518530e-01 1.000000000000000056e-01
7.911646586345381138e+01 -4.633932761795189759e-03 1.000000000000000056e-01
7.951807228915662051e+01 -1.518256769362108516e-01 1.000000000000000056e-01
7.991967871485944386e+01 -5.023638951868335534e-01 1.000000000000000056e-01
8.032128514056225299e+01 -6.825252562446858517e-01 1.000000000000000056e-01
8.072289156626506212e+01 -6.048631064181375638e-01 1.000000000000000056e-01
8.112449799196787126e+01 -1.804637228776448665e-01 1.000000000000000056e-01
8.152610441767068039e+01 3.181416101880885638e-01 1.000000000000000056e-01
8.192771084337348952e+01 6.348583797887287217e-01 1.000000000000000056e-01
8.232931726907629866e+01 1.019154698325041686e+00 1.000000000000000056e-01
8.273092369477912200e+01 7.477099519692511631e-01 1.000000000000000056e-01
8.313253012048193114e+01 5.917515424656167866e-01 1.000000000000000056e-01
8.353413654618474027e+01 -1.762005193053339802e-01 1.000000000000000056e-01
8.393574297188754940e+01 -6.891632004028727110e-01 1.000000000000000056e-01
8.433734939759035854e+01 -1.418606528372136966e+00 1.000000000000000056e-01
8.473895582329316767e+01 -1.943829378109445338e+00 1.000000000000000056e-01
8.514056224899597680e+01 -2.328464961452882065e+00 1.000000000000000056e-01
8.554216867469880015e+01 -2.074094568659629267e+00 1.000000000000000056e-01
8.594377510040160928e+01 -2.295467339010893060e+00 1.000000000000000056e-01
8.634538152610441841e+01 -2.105237405354424052e+00 1.000000000000000056e-01
8.674698795180722755e+01 -1.906137639012362994e+00 1.000000000000000056e-01
8.714859437751003668e+01 -1.441976041210560222e+00 1.000000000000000056e-01
8.755020080321284581e+01 -9.961518291169404460e-01 1.000000000000000056e-01
8.795180722891566916e+01 -5.654550700600748936e-01 1.000000000000000056e-01
8.835341365461847829e+01 -1.738043509548469201e-01 1.000000000000000056e-01
8.875502008032128742e+01 -1.244271328291425560e-01 1.000000000000000056e-01
8.915662650602409656e+01 -3.039295195402738625e-01 1.000000000000000056e-01
8.955823293172690569e+01 -3.500054608466355854e-01 1.000000000000000056e-01
8.995983935742971482e+01 -3.818626715109004754e-01 1.000000000000000056e-01
9.036144578313252396e+01 -3.927009462456543809e-01 1.000000000000000056e-01
9.076305220883534730e+01 -5.463237984230399080e-01 1.000000000000000056e-01
9.116465863453815643e+01 -4.064539546498507905e-01 1.000000000000000056e-01
9.156626506024096557e+01 -3.482542666806854315e-01 1.000000000000000056e-01
9.196787148594377470e+01 -2.923812188144904733e-01 1.000000000000000056e-01
9.236947791164658383e+01 -1.700918833431566690e-01 1.000000000000000056e-01
9.277108433734939297e+01 -1.863074652112793606e-03 1.000000000000000056e-01
9.317269076305220210e+01 5.016845624816017590e-01 1.000000000000000056e-01
9.357429718875502545e+01 7.327234486913736244e-01 1.000000000000000056e-01
9.397590361445783458e+01 1.142527570711608487e+00 1.000000000000000056e-01
9.437751004016064371e+01 8.913285504666204062e-01 1.000000000000000056e-01
9.477911646586345285e+01 4.886168155753316533e-01 1.000000000000000056e-01
9.518072289156626198e+01 -8.264420533658865808e-02 1.000000000000000056e-01
9.558232931726907111e+01 -7.415808703340950325e-01 1.000000000000000056e-01
9.598393574297188025e+01 -8.145364500084391057e-01 1.000000000000000056e-01
9.638554216867470359e+01 -5.739903338440448533e-01 1.000000000000000056e-01
9.678714859437751272e+01 -3.791444848043429849e-01 1.000000000000000056e-01
9.718875502008032186e+01 2.168250655750710854e-01 1.000000000000000056e-01
9.759036144578313099e+01 3.962615947769710933e-01 1.000000000000000056e-01
9.799196787148594012e+01 7.425179392641192422e-01 1.000000000000000056e-01
9.839357429718874926e+01 1.211023600029538461e+00 1.000000000000000056e-01
9.879518072289157260e+01 1.715971779590924839e+00 1.000000000000000056e-01
9.919678714859438173e+01 2.016250173274899637e+00 1.000000000000000056e-01
9.959839357429719087e+01 2.526295455734868689e+00 1.000000000000000056e-01
1.000000000000000000e+02 2.176257698157171294e+00 1.000000000000000056e-01
