0.000000000000000000e+00 1.915129697223528216e-01 1.000000000000000056e-01
4.016064257028112428e-01 4.645631073166939240e-01 1.000000000000000056e-01
8.032128514056224855e-01 5.546469958283540835e-01 1.000000000000000056e-01
1.204819277108433617e+00 7.221713674069181188e-01 1.000000000000000056e-01
1.606425702811244971e+00 9.170585554730603661e-01 1.000000000000000056e-01
2.008032128514056325e+00 7.934156038748756412e-01 1.000000000000000056e-01
2.409638554216867234e+00 8.074140993804288513e-01 1.000000000000000056e-01
2.811244979919678588e+00 6.110529892029858967e-01 1.000000000000000056e-01
3.212851405622489942e+00 1.929256725795514271e-01 1.000000000000000056e-01
3.614457831325301296e+00 -1.401306146085478654e-01 1.000000000000000056e-01
4.016064257028112650e+00 -7.406447837415957025e-01 1.000000000000000056e-01
4.417670682730923559e+00 -1.197448909514735815e+00 1.000000000000000056e-01
4.819277108433734469e+00 -1.538699515850286303e+00 1.000000000000000056e-01
5.220883534136546267e+00 -1.524942851875669136e+00 1.000000000000000056e-01
5.622489959839357176e+00 -1.430836235511855126e+00 1.000000000000000056e-01
6.024096385542168974e+00 -1.223745665898614554e+00 1.000000000000000056e-01
6.425702811244979884e+00 -1.133951500831624104e+00 1.000000000000000056e-01
6.827309236947790794e+00 -1.072998644054857564e+00 1.000000000000000056e-01
7.228915662650602592e+00 -1.214261091945931126e+00 1.000000000000000056e-01
7.630522088353413501e+00 -1.606487056883020736e+00 1.000000000000000056e-01
8.032128514056225299e+00 -2.278576376762725619e+00 1.000000000000000056e-01
8.433734939759036209e+00 -2.749806908507011816e+00 1.000000000000000056e-01
8.835341365461847118e+00 -3.534581166745340397e+00 1.000000000000000056e-01
9.236947791164658028e+00 -3.681325640829386181e+00 1.000000000000000056e-01
9.638554216867468938e+00 -3.528700088216236264e+00 1.000000000000000056e-01
1.004016064257028162e+01 -2.917008501047293478e+00 1.000000000000000056e-01
1.044176706827309253e+01 -2.397230309009026783e+00 1.000000000000000056e-01
1.084337349397590344e+01 -1.894338118468417598e+00 1.000000000000000056e-01
1.124497991967871435e+01 -1.386570825332001489e+00 1.000000000000000056e-01
1.164658634538152526e+01 -9.739269099121171669e-01 1.000000000000000056e-01
1.204819277108433795e+01 -5.306560784185891944e-01 1.000000000000000056e-01
1.244979919678714886e+01 -2.028397422607299827e-01 1.000000000000000056e-01
1.285140562248995977e+01 -1.020443323029539551e-01 1.000000000000000056e-01
1.325301204819277068e+01 3.613248010330361026e-01 1.000000000000000056e-01
1.365461847389558159e+01 5.516889496518858627e-01 1.000000000000000056e-01
1.405622489959839427e+01 7.567804568674280086e-01 1.000000000000000056e-01
1.445783132530120518e+01 7.915425977164991522e-01 1.000000000000000056e-01
1.485943775100401609e+01 6.913159786364692083e-01 1.000000000000000056e-01
1.526104417670682700e+01 4.059389851383684578e-01 1.000000000000000056e-01
1.566265060240963791e+01 -2.447810495830775313e-01 1.000000000000000056e-01
1.606425702811245060e+01 -7.558401425304139831e-01 1.000000000000000056e-01
1.646586345381525973e+01 -1.186117946975353998e+00 1.000000000000000056e-01
1.686746987951807242e+01 -1.308219754035203408e+00 1.000000000000000056e-01
1.726907630522088510e+01 -9.721354076636796737e-01 1.000000000000000056e-01
1.767068273092369424e+01 -6.715276347185191730e-01 1.000000000000000056e-01
1.807228915662650692e+01 -2.438582784671495807e-01 1.000000000000000056e-01
1.847389558232931606e+01 2.949791134379894930e-02 1.000000000000000056e-01
1.887550200803212874e+01 1.823954511045414451e-01 1.000000000000000056e-01
1.927710843373493788e+01 1.091409504659213575e-01 1.000000000000000056e-01
1.967871485943775056e+01 -3.562829110224752932e-02 1.000000000000000056e-01
2.008032128514056325e+01 -1.762624670302715135e-01 1.000000000000000056e-01
2.048192771084337238e+01 -3.764918317767178002e-01 1.000000000000000056e-01
2.088353413654618507e+01 -6.313744134388997731e-01 1.000000000000000056e-01
2.128514056224899420e+01 -7.046226197700640181e-01 1.000000000000000056e-01
2.168674698795180689e+01 -4.316262111450158701e-01 1.000000000000000056e-01
2.208835341365461957e+01 -1.727302663292100138e-01 1.000000000000000056e-01
2.248995983935742871e+01 5.881034719906653718e-01 1.000000000000000056e-01
2.289156626506024139e+01 1.251147064350332849e+00 1.000000000000000056e-01
2.329317269076305053e+01 1.804473666580757696e+00 1.000000000000000056e-01
2.369477911646586321e+01 2.094248095873248783e+00 1.000000000000000056e-01
2.409638554216867590e+01 1.620837521122934888e+00 1.000000000000000056e-01
2.449799196787148503e+01 1.134267277933503459e+00 1.000000000000000056e-01
2.489959839357429772e+01 5.803786109279862604e-01 1.000000000000000056e-01
2.530120481927710685e+01 -5.421340880562672271e-02 1.000000000000000056e-01
2.570281124497991954e+01 -1.040995528541132226e-01 1.000000000000000056e-01
2.610441767068273222e+01 -3.357857409344429112e-01 1.000000000000000056e-01
2.650602409638554136e+01 -4.050525893262719168e-01 1.000000000000000056e-01
2.690763052208835404e+01 -2.711188249902858338e-01 1.000000000000000056e-01
2.730923694779116317e+01 -5.301927031029737281e-01 1.000000000000000056e-01
2.771084337349397586e+01 -7.695926418851266604e-01 1.000000000000000056e-01
2.811244979919678855e+01 -7.252797968787818572e-01 1.000000000000000056e-01
2.851405622489959768e+01 -1.072453539908143183e+00 1.000000000000000056e-01
2.891566265060241037e+01 -1.237926198492875995e+00 1.000000000000000056e-01
2.931726907630521950e+01 -1.285760003445698851e+00 1.000000000000000056e-01
2.971887550200803219e+01 -1.174405590182470815e+00 1.000000000000000056e-01
3.012048192771084487e+01 -8.625964706242564839e-01 1.000000000000000056e-01
3.052208835341365400e+01 -2.857972957538745251e-01 1.000000000000000056e-01
3.092369477911646669e+01 4.322263046975686751e-01 1.000000000000000056e-01
3.132530120481927582e+01 1.332910958561478898e+00 1.000000000000000056e-01
3.172690763052208851e+01 2.030005504211469081e+00 1.000000000000000056e-01
3.212851405622490120e+01 2.608530325337778066e+00 1.000000000000000056e-01
3.253012048192771033e+01 2.973161168201497340e+00 1.000000000000000056e-01
3.293172690763051946e+01 2.909185077081520632e+00 1.000000000000000056e-01
3.333333333333333570e+01 2.430147564941090188e+00 1.000000000000000056e-01
3.373493975903614484e+01 1.904549993515322059e+00 1.000000000000000056e-01
3.413654618473895397e+01 9.140941242891927887e-01 1.000000000000000056e-01
3.453815261044177021e+01 1.114395919207283592e-01 1.000000000000000056e-01
3.493975903614457934e+01 -7.076336931706475042e-01 1.000000000000000056e-01
3.534136546184738847e+01 -1.093741455386401995e+00 1.000000000000000056e-01
3.574297188755019761e+01 -8.908974686644689500e-01 1.000000000000000056e-01
3.614457831325301385e+01 -5.414751118282152831e-01 1.000000000000000056e-01
3.654618473895582298e+01 -3.316684500770699512e-02 1.000000000000000056e-01
3.694779116465863211e+01 4.982847778951186024e-01 1.000000000000000056e-01
3.734939759036144835e+01 8.403257689110392725e-01 1.000000000000000056e-01
3.775100401606425748e+01 1.084639984089669440e+00 1.000000000000000056e-01
3.815261044176706662e+01 1.195735875024471095e+00 1.000000000000000056e-01
3.855421686746987575e+01 1.109296859508322131e+00 1.000000000000000056e-01
3.895582329317269199e+01 1.028355916682725191e+00 1.000000000000000056e-01
3.935742971887550112e+01 8.633697650060022655e-01 1.000000000000000056e-01
3.975903614457831026e+01 5.162382482875160772e-01 1.000000000000000056e-01
4.016064257028112650e+01 3.370428933356826862e-02 1.000000000000000056e-01
4.056224899598393563e+01 -1.955888224676134712e-01 1.000000000000000056e-01
4.096385542168674476e+01 -4.708377770935450179e-01 1.000000000000000056e-01
4.136546184738956100e+01 -2.976673516806691011e-01 1.000000000000000056e-01
4.176706827309237013e+01 -3.381152197615721611e-01 1.000000000000000056e-01
4.216867469879517927e+01 -2.016373324647893206e-01 1.000000000000000056e-01
4.257028112449798840e+01 -1.168269775439719632e-01 1.000000000000000056e-01
4.297188755020080464e+01 3.885864108933727579e-01 1.000000000000000056e-01
4.337349397590361377e+01 -6.312276643090056205e-02 1.000000000000000056e-01
4.377510040160642291e+01 -5.201576775636039540e-02 1.000000000000000056e-01
4.417670682730923915e+01 -3.041291174141425718e-02 1.000000000000000056e-01
4.457831325301204828e+01 -3.687717663397547252e-01 1.000000000000000056e-01
4.497991967871485741e+01 -5.183551727987439905e-01 1.000000000000000056e-01
4.538152610441767365e+01 -3.841583226396596551e-01 1.000000000000000056e-01
4.578313253012048278e+01 -2.786000234373205986e-01 1.000000000000000056e-01
4.618473895582329192e+01 8.353019491656672735e-02 1.000000000000000056e-01
4.658634538152610105e+01 3.358435276550579829e-01 1.000000000000000056e-01
4.698795180722891729e+01 3.485865385701582553e-01 1.000000000000000056e-01
4.738955823293172642e+01 1.087914296217757926e-01 1.000000000000000056e-01
4.779116465863453556e+01 1.594561427602597115e-01 1.000000000000000056e-01
4.819277108433735179e+01 3.288534033163804660e-01 1.000000000000000056e-01
4.859437751004016093e+01 5.781087317643779366e-01 1.000000000000000056e-01
4.899598393574297006e+01 7.386574733078237198e-01 1.000000000000000056e-01
4.939759036144578630e+01 7.890222723689057638e-01 1.000000000000000056e-01
4.979919678714859543e+01 3.325248524386535953e-01 1.000000000000000056e-01
5.020080321285140457e+01 -2.749971347025088608e-01 1.000000000000000056e-01
5.060240963855421370e+01 -6.720802769547018496e-01 1.000000000000000056e-01
5.100401606425702994e+01 -1.093712942347454087e+00 1.000000000000000056e-01
5.140562248995983907e+01 -1.294435632112508561e+00 1.000000000000000056e-01
5.180722891566264821e+01 -9.779266800282381267e-01 1.000000000000000056e-01
5.220883534136546444e+01 -4.773475689386376120e-01 1.000000000000000056e-01
5.261044176706827358e+01 -3.340236105316993775e-01 1.000000000000000056e-01
5.301204819277108271e+01 -1.156212618263583736e-01 1.000000000000000056e-01
5.341365461847389184e+01 8.007511505976427912e-02 1.000000000000000056e-01
5.381526104417670808e+01 2.934885342566825872e-01 1.000000000000000056e-01
5.421686746987951722e+01 2.834059903073113951e-01 1.000000000000000056e-01
5.461847389558232635e+01 7.762514244448209810e-02 1.000000000000000056e-01
5.502008032128514259e+01 9.438736228508068371e-02 1.000000000000000056e-01
5.542168674698795172e+01 -4.486254162023557979e-01 1.000000000000000056e-01
5.582329317269076085e+01 -8.438457218736756804e-01 1.000000000000000056e-01
5.622489959839357709e+01 -1.548243908572179084e+00 1.000000000000000056e-01
5.662650602409638623e+01 -2.033533384669132804e+00 1.000000000000000056e-01
5.702811244979919536e+01 -2.380531806205965939e+00 1.000000000000000056e-01
5.742971887550200449e+01 -2.617528937503566855e+00 1.000000000000000056e-01
5.783132530120482073e+01 -2.157773146927606245e+00 1.000000000000000056e-01
5.823293172690762987e+01 -1.729349257375614624e+00 1.000000000000000056e-01
5.863453815261043900e+01 -1.299346768314402878e+00 1.000000000000000056e-01
5.903614457831325524e+01 -9.169736185706133247e-01 1.000000000000000056e-01
5.943775100401606437e+01 -5.231196108924244248e-01 1.000000000000000056e-01
5.983935742971887350e+01 -4.499663223164866999e-01 1.000000000000000056e-01
6.024096385542168974e+01 -2.675068831408888848e-01 1.000000000000000056e-01
6.064257028112449888e+01 -1.706653960316344421e-01 1.000000000000000056e-01
6.104417670682730801e+01 9.376476026118654716e-02 1.000000000000000056e-01
6.144578313253011714e+01 -2.497972474806950394e-01 1.000000000000000056e-01
6.184738955823293338e+01 -7.234493711912142189e-01 1.000000000000000056e-01
6.224899598393574252e+01 -1.222316552573384341e+00 1.000000000000000056e-01
6.265060240963855165e+01 -1.796523501896809982e+00 1.000000000000000056e-01
6.305220883534136789e+01 -2.170500485296715354e+00 1.000000000000000056e-01
6.345381526104417702e+01 -2.253875444204271439e+00 1.000000000000000056e-01
6.385542168674698615e+01 -1.794421320910332796e+00 1.000000000000000056e-01
6.425702811244980239e+01 -1.000492524968329855e+00 1.000000000000000056e-01
6.465863453815261153e+01 -1.203927590663550484e-01 1.000000000000000056e-01
6.506024096385542066e+01 7.208583186784967012e-01 1.000000000000000056e-01
6.546184738955822979e+01 1.155392218805493920e+00 1.000000000000000056e-01
6.586345381526103893e+01 1.041787708725907757e+00 1.000000000000000056e-01
6.626506024096384806e+01 9.749021208197209409e-01 1.000000000000000056e-01
6.666666666666667140e+01 1.157145169594991918e-01 1.000000000000000056e-01
6.706827309236948054e+01 -4.610487026804457877e-01 1.000000000000000056e-01
6.746987951807228967e+01 -1.084086991172165115e+00 1.000000000000000056e-01
6.787148594377509880e+01 -1.156836485316249608e+00 1.000000000000000056e-01
6.827309236947790794e+01 -1.066519296320610266e+00 1.000000000000000056e-01
6.867469879518071707e+01 -7.928237248955775085e-01 1.000000000000000056e-01
6.907630522088354041e+01 -3.148596131165946055e-01 1.000000000000000056e-01
6.947791164658634955e+01 -3.663396961976097543e-01 1.000000000000000056e-01
6.987951807228915868e+01 3.190834769540773497e-02 1.000000000000000056e-01
7.028112449799196781e+01 3.504004915541285015e-01 1.000000000000000056e-01
7.068273092369477695e+01 5.019888210698276731e-01 1.000000000000000056e-01
7.108433734939758608e+01 1.016694371818584353e+00 1.000000000000000056e-01
7.148594377510039521e+01 1.380237831137546500e+00 1.000000000000000056e-01
7.188755020080321856e+01 1.707471175379812411e+00 1.000000000000000056e-01
7.228915662650602769e+01 2.115992234266042882e+00 1.000000000000000056e-01
7.269076305220883683e+01 2.727546772099946004e+00 1.000000000000000056e-01
7.309236947791164596e+01 3.162875383928061446e+00 1.000000000000000056e-01
7.349397590361445509e+01 3.180500059245046973e+00 1.000000000000000056e-01
7.389558232931726423e+01 2.888027504207600238e+00 1.000000000000000056e-01
7.429718875502007336e+01 2.797087540645796011e+00 1.000000000000000056e-01
7.469879518072289670e+01 2.335976614907341098e+00 1.000000000000000056e-01
7.510040160642570584e+01 1.864416923737521881e+00 1.000000000000000056e-01
7.550200803212851497e+01 1.083479870469557405e+00 1.000000000000000056e-01
7.590361445783132410e+01 3.571800547111013691e-01 1.000000000000000056e-01
7.630522088353413324e+01 -9.765399585320273801e-02 1.000000000000000056e-01
7.670682730923694237e+01 -6.808855337991576162e-01 1.000000000000000056e-01
7.710843373493975150e+01 -1.151928869251921617e+00 1.000000000000000056e-01
7.751004016064257485e+01 -1.193592370719301021e+00 1.000000000000000056e-01
7.791164658634538398e+01 -1.231319080300196989e+00 1.000000000000000056e-01
7.831325301204819311e+01 -9.852904827829430667e-01 1.000000000000000056e-01
7.871485943775100225e+01 -8.472024230608701245e-01 1.000000000000000056e-01
7.911646586345381138e+01 -4.412590085263625728e-01 1.000000000000000056e-01
7.951807228915662051e+01 -2.756928800071672958e-02 1.000000000000000056e-01
7.991967871485944386e+01 6.238055696101826308e-01 1.000000000000000056e-01
8.032128514056225299e+01 1.405886917459788332e+00 1.000000000000000056e-01
8.072289156626506212e+01 2.130471069620683000e+00 1.000000000000000056e-01
8.112449799196787126e+01 2.772807100677799230e+00 1.000000000000000056e-01
8.152610441767068039e+01 3.097621994030994141e+00 1.000000000000000056e-01
8.192771084337348952e+01 3.422433501566418901e+00 1.000000000000000056e-01
8.232931726907629866e+01 3.613132607541997388e+00 1.000000000000000056e-01
8.273092369477912200e+01 3.502479871655349353e+00 1.000000000000000056e-01
8.313253012048193114e+01 2.969539505797659906e+00 1.000000000000000056e-01
8.353413654618474027e+01 2.545044109429004386e+00 1.000000000000000056e-01
8.393574297188754940e+01 2.548865455710870087e+00 1.000000000000000056e-01
8.433734939759035854e+01 2.786679198132079094e+00 1.000000000000000056e-01
8.473895582329316767e+01 2.694452891840411812e+00 1.000000000000000056e-01
8.514056224899597680e+01 3.064008827719920891e+00 1.000000000000000056e-01
8.554216867469880015e+01 2.725983108874602934e+00 1.000000000000000056e-01
8.594377510040160928e+01 2.693335124661548008e+00 1.000000000000000056e-01
8.634538152610441841e+01 2.415952821664186789e+00 1.000000000000000056e-01
8.674698795180722755e+01 2.514592559103183689e+00 1.000000000000000056e-01
8.714859437751003668e+01 2.598223922967040078e+00 1.000000000000000056e-01
8.755020080321284581e+01 2.935179868328107400e+00 1.000000000000000056e-01
8.795180722891566916e+01 3.080463763110675046e+00 1.000000000000000056e-01
8.835341365461847829e+01 3.263163358997117847e+00 1.000000000000000056e-01
8.875502008032128742e+01 3.124339396015010983e+00 1.000000000000000056e-01
8.915662650602409656e+01 2.770099452232948511e+00 1.000000000000000056e-01
8.955823293172690569e+01 2.448667034382087326e+00 1.000000000000000056e-01
8.995983935742971482e+01 1.880437432231000461e+00 1.000000000000000056e-01
9.036144578313252396e+01 1.560377606421705643e+00 1.000000000000000056e-01
9.076305220883534730e+01 1.203922200791494701e+00 1.000000000000000056e-01
9.116465863453815643e+01 7.339785999647618908e-01 1.000000000000000056e-01
9.156626506024096557e+01 4.973492086433228265e-01 1.000000000000000056e-01
9.196787148594377470e+01 5.423546662043503552e-01 1.000000000000000056e-01
9.236947791164658383e+01 7.001530536254300108e-01 1.000000000000000056e-01
9.277108433734939297e+01 7.000561737224751946e-01 1.000000000000000056e-01
9.317269076305220210e+01 6.266099662400167469e-01 1.000000000000000056e-01
9.357429718875502545e+01 6.257928830226551220e-01 1.000000000000000056e-01
9.397590361445783458e+01 9.637616496657034348e-01 1.000000000000000056e-01
9.437751004016064371e+01 1.363147931738148966e+00 1.000000000000000056e-01
9.477911646586345285e+01 2.278893608215190714e+00 1.000000000000000056e-01
9.518072289156626198e+01 2.591148262714663808e+00 1.000000000000000056e-01
9.558232931726907111e+01 2.984664036860630087e+00 1.000000000000000056e-01
9.598393574297188025e+01 2.666405956681266343e+00 1.000000000000000056e-01
9.638554216867470359e+01 2.193359860721831200e+00 1.000000000000000056e-01
9.678714859437751272e+01 1.430579505723478251e+00 1.000000000000000056e-01
9.718875502008032186e+01 6.900211707751447987e-01 1.000000000000000056e-01
9.759036144578313099e+01 3.342273541480859089e-01 1.000000000000000056e-01
9.799196787148594012e+01 4.686750726284436008e-01 1.000000000000000056e-01
9.839357429718874926e+01 3.035292856556540686e-01 1.000000000000000056e-01
9.879518072289157260e+01 6.911306579132319161e-01 1.000000000000000056e-01
9.919678714859438173e+01 5.243670886425269018e-01 1.000000000000000056e-01
9.959839357429719087e+01 7.809000445496685483e-01 1.000000000000000056e-01
1.000000000000000000e+02 7.880935745083995636e-01 1.000000000000000056e-01
