0.000000000000000000e+00 2.075078210493916053e+00 1.000000000000000056e-01
4.016064257028112428e-01 2.301552562259870705e+00 1.000000000000000056e-01
8.032128514056224855e-01 1.857456311381727065e+00 1.000000000000000056e-01
1.204819277108433617e+00 1.381979420406765913e+00 1.000000000000000056e-01
1.606425702811244971e+00 1.241297470093134958e+00 1.000000000000000056e-01
2.008032128514056325e+00 9.784558527978962639e-01 1.000000000000000056e-01
2.409638554216867234e+00 7.546503908830959340e-01 1.000000000000000056e-01
2.811244979919678588e+00 3.780929155652987816e-01 1.000000000000000056e-01
3.212851405622489942e+00 2.284096498281999732e-02 1.000000000000000056e-01
3.614457831325301296e+00 -2.912503891611780138e-01 1.000000000000000056e-01
4.016064257028112650e+00 -6.619423467952622042e-01 1.000000000000000056e-01
4.417670682730923559e+00 -1.248553344004620591e+00 1.000000000000000056e-01
4.819277108433734469e+00 -1.109883358099245321e+00 1.000000000000000056e-01
5.220883534136546267e+00 -1.084797934699982092e+00 1.000000000000000056e-01
5.622489959839357176e+00 -4.148091682807932834e-01 1.000000000000000056e-01
6.024096385542168974e+00 2.618865532429995313e-01 1.000000000000000056e-01
6.425702811244979884e+00 8.587535882545724863e-01 1.000000000000000056e-01
6.827309236947790794e+00 1.240105071872168674e+00 1.000000000000000056e-01
7.228915662650602592e+00 1.207800263281854525e+00 1.000000000000000056e-01
7.630522088353413501e+00 9.536247572169134212e-01 1.000000000000000056e-01
8.032128514056225299e+00 8.694744001976031367e-01 1.000000000000000056e-01
8.433734939759036209e+00 8.826453100813762553e-01 1.000000000000000056e-01
8.835341365461847118e+00 8.915589369796168562e-01 1.000000000000000056e-01
9.236947791164658028e+00 1.002773292646209402e+00 1.000000000000000056e-01
9.638554216867468938e+00 7.944775564404478185e-01 1.000000000000000056e-01
1.004016064257028162e+01 3.972714576665254405e-01 1.000000000000000056e-01
1.044176706827309253e+01 -1.674064838296039637e-01 1.000000000000000056e-01
1.084337349397590344e+01 -5.029702965395257408e-01 1.000000000000000056e-01
1.124497991967871435e+01 -5.406344449832677368e-01 1.000000000000000056e-01
1.164658634538152526e+01 -1.901540487429967952e-01 1.000000000000000056e-01
1.204819277108433795e+01 4.957169809500786006e-01 1.000000000000000056e-01
1.244979919678714886e+01 1.450291483955457261e+00 1.000000000000000056e-01
1.285140562248995977e+01 2.559974679412904131e+00 1.000000000000000056e-01
1.325301204819277068e+01 3.410461703471517225e+00 1.000000000000000056e-01
1.365461847389558159e+01 3.084502759840389796e+00 1.000000000000000056e-01
1.405622489959839427e+01 2.339933116966708582e+00 1.000000000000000056e-01
1.445783132530120518e+01 1.491242590575559968e+00 1.000000000000000056e-01
1.485943775100401609e+01 1.277256765433402830e+00 1.000000000000000056e-01
1.526104417670682700e+01 1.194585035089311020e+00 1.000000000000000056e-01
1.566265060240963791e+01 1.682620022222126810e+00 1.000000000000000056e-01
1.606425702811245060e+01 2.263909778966012087e+00 1.000000000000000056e-01
1.646586345381525973e+01 2.904559814263138140e+00 1.000000000000000056e-01
1.686746987951807242e+01 2.467503868547797019e+00 1.000000000000000056e-01
1.726907630522088510e+01 2.056443875775464836e+00 1.000000000000000056e-01
1.767068273092369424e+01 1.305309155428648449e+00 1.000000000000000056e-01
1.807228915662650692e+01 4.429293862060532661e-01 1.000000000000000056e-01
1.847389558232931606e+01 -6.803775990149896202e-01 1.000000000000000056e-01
1.887550200803212874e+01 -2.201077952374547841e+00 1.000000000000000056e-01
1.927710843373493788e+01 -3.865884005768273735e+00 1.000000000000000056e-01
1.967871485943775056e+01 -4.886623868093323608e+00 1.000000000000000056e-01
2.008032128514056325e+01 -5.623145811510982917e+00 1.000000000000000056e-01
2.048192771084337238e+01 -5.520878705069340420e+00 1.000000000000000056e-01
2.088353413654618507e+01 -4.773026559152414805e+00 1.000000000000000056e-01
2.128514056224899420e+01 -3.471391860832145682e+00 1.000000000000000056e-01
2.168674698795180689e+01 -1.956587051203805938e+00 1.000000000000000056e-01
2.208835341365461957e+01 -4.900242902008813406e-01 1.000000000000000056e-01
2.248995983935742871e+01 3.680456503167084947e-01 1.000000000000000056e-01
2.289156626506024139e+01 8.939314384524558177e-01 1.000000000000000056e-01
2.329317269076305053e+01 6.260566332730184147e-01 1.000000000000000056e-01
2.369477911646586321e+01 8.683555940897204339e-02 1.000000000000000056e-01
2.409638554216867590e+01 -3.821493576405218251e-01 1.000000000000000056e-01
2.449799196787148503e+01 -7.560124919913117081e-01 1.000000000000000056e-01
2.489959839357429772e+01 -2.314570065832903811e-01 1.000000000000000056e-01
2.530120481927710685e+01 6.818315263823409023e-01 1.000000000000000056e-01
2.570281124497991954e+01 1.788441781347033466e+00 1.000000000000000056e-01
2.610441767068273222e+01 2.377995256929217316e+00 1.000000000000000056e-01
2.650602409638554136e+01 2.000512003712490827e+00 1.000000000000000056e-01
2.690763052208835404e+01 1.068267514065554646e+00 1.000000000000000056e-01
2.730923694779116317e+01 3.994322858961912304e-01 1.000000000000000056e-01
2.771084337349397586e+01 1.827748743072047100e-01 1.000000000000000056e-01
2.811244979919678855e+01 -3.903731370297506414e-02 1.000000000000000056e-01
2.851405622489959768e+01 -1.320296285132198655e-01 1.000000000000000056e-01
2.891566265060241037e+01 1.556183592382098801e-01 1.000000000000000056e-01
2.931726907630521950e+01 1.978680274007819095e-01 1.000000000000000056e-01
2.971887550200803219e+01 3.581412948484879455e-01 1.000000000000000056e-01
3.012048192771084487e+01 4.508527149172212867e-01 1.000000000000000056e-01
3.052208835341365400e+01 1.955443855522364938e-01 1.000000000000000056e-01
3.092369477911646669e+01 5.457740860822102996e-02 1.000000000000000056e-01
3.132530120481927582e+01 2.619147340705038629e-02 1.000000000000000056e-01
3.172690763052208851e+01 1.049266827401835744e-01 1.000000000000000056e-01
3.212851405622490120e+01 3.063308265889497783e-01 1.000000000000000056e-01
3.253012048192771033e+01 1.287440550382454030e-01 1.000000000000000056e-01
3.293172690763051946e+01 -2.229819584127601395e-01 1.000000000000000056e-01
3.333333333333333570e+01 -6.843354455606516229e-01 1.000000000000000056e-01
3.373493975903614484e+01 -8.721168395139764495e-01 1.000000000000000056e-01
3.413654618473895397e+01 -1.259274042120627435e+00 1.000000000000000056e-01
3.453815261044177021e+01 -1.260373427378373767e+00 1.000000000000000056e-01
3.493975903614457934e+01 -7.323298485572334870e-01 1.000000000000000056e-01
3.534136546184738847e+01 -8.038305647489461803e-02 1.000000000000000056e-01
3.574297188755019761e+01 4.000427676764287677e-01 1.000000000000000056e-01
3.614457831325301385e+01 1.888863043261017616e-01 1.000000000000000056e-01
3.654618473895582298e+01 -1.132748047793547208e+00 1.000000000000000056e-01
3.694779116465863211e+01 -2.455884466256166299e+00 1.000000000000000056e-01
3.734939759036144835e+01 -3.540274361817059567e+00 1.000000000000000056e-01
3.775100401606425748e+01 -3.711689442767367009e+00 1.000000000000000056e-01
3.815261044176706662e+01 -2.711670561198332940e+00 1.000000000000000056e-01
3.855421686746987575e+01 -1.268114806645915804e+00 1.000000000000000056e-01
3.895582329317269199e+01 -2.388749231910420878e-01 1.000000000000000056e-01
3.935742971887550112e+01 5.826789098906662856e-01 1.000000000000000056e-01
3.975903614457831026e+01 5.417937256494137488e-01 1.000000000000000056e-01
4.016064257028112650e+01 2.900078710043965668e-01 1.000000000000000056e-01
4.056224899598393563e+01 9.001551606583339110e-03 1.000000000000000056e-01
4.096385542168674476e+01 -1.460931857028980319e-01 1.000000000000000056e-01
4.136546184738956100e+01 -8.793397372274053270e-03 1.000000000000000056e-01
4.176706827309237013e+01 -5.791081914614622239e-02 1.000000000000000056e-01
4.216867469879517927e+01 9.586556279184325902e-02 1.000000000000000056e-01
4.257028112449798840e+01 3.127051682339775929e-01 1.000000000000000056e-01
4.297188755020080464e+01 2.478897933160668088e-01 1.000000000000000056e-01
4.337349397590361377e+01 -3.846239894300989420e-02 1.000000000000000056e-01
4.377510040160642291e+01 -4.641831450945837489e-01 1.000000000000000056e-01
4.417670682730923915e+01 -7.004558084153607034e-01 1.000000000000000056e-01
4.457831325301204828e+01 -7.404611158482276023e-01 1.000000000000000056e-01
4.497991967871485741e+01 -3.850449528072810712e-01 1.000000000000000056e-01
4.538152610441767365e+01 4.736384617425361959e-02 1.000000000000000056e-01
4.578313253012048278e+01 -5.772650172041161876e-02 1.000000000000000056e-01
4.618473895582329192e+01 -6.518910965670159374e-01 1.000000000000000056e-01
4.658634538152610105e+01 -1.234644175906532748e+00 1.000000000000000056e-01
4.698795180722891729e+01 -1.429190667575476192e+00 1.000000000000000056e-01
4.738955823293172642e+01 -1.602419328092143935e+00 1.000000000000000056e-01
4.779116465863453556e+01 -1.172277190632557975e+00 1.000000000000000056e-01
4.819277108433735179e+01 -1.161849846054226809e+00 1.000000000000000056e-01
4.859437751004016093e+01 -8.654888545944271483e-01 1.000000000000000056e-01
4.899598393574297006e+01 -6.694677153514241308e-01 1.000000000000000056e-01
4.939759036144578630e+01 -3.651410803087830059e-01 1.000000000000000056e-01
4.979919678714859543e+01 1.186218251513355137e-01 1.000000000000000056e-01
5.020080321285140457e+01 4.380830599575623596e-01 1.000000000000000056e-01
5.060240963855421370e+01 8.010812103161625286e-01 1.000000000000000056e-01
5.100401606425702994e+01 6.596713423397295717e-01 1.000000000000000056e-01
5.140562248995983907e+01 8.197798554148862105e-02 1.000000000000000056e-01
5.180722891566264821e+01 -5.206486290895441238e-01 1.000000000000000056e-01
5.220883534136546444e+01 -1.190981720954944700e+00 1.000000000000000056e-01
5.261044176706827358e+01 -1.869297302447420872e+00 1.000000000000000056e-01
5.301204819277108271e+01 -1.981606366893831961e+00 1.000000000000000056e-01
5.341365461847389184e+01 -2.456432283247356185e+00 1.000000000000000056e-01
5.381526104417670808e+01 -2.548911033237608148e+00 1.000000000000000056e-01
5.421686746987951722e+01 -2.572136869642159152e+00 1.000000000000000056e-01
5.461847389558232635e+01 -2.381605420787353378e+00 1.000000000000000056e-01
5.502008032128514259e+01 -1.803807440165340781e+00 1.000000000000000056e-01
5.542168674698795172e+01 -1.240386779004955864e+00 1.000000000000000056e-01
5.582329317269076085e+01 -5.638767172860688071e-01 1.000000000000000056e-01
5.622489959839357709e+01 -2.360711213129534358e-01 1.000000000000000056e-01
5.662650602409638623e+01 -1.105290739176861964e-01 1.000000000000000056e-01
5.702811244979919536e+01 -3.132269590582114627e-01 1.000000000000000056e-01
5.742971887550200449e+01 -4.060740676668402327e-01 1.000000000000000056e-01
5.783132530120482073e+01 -4.009890275766311296e-01 1.000000000000000056e-01
5.823293172690762987e+01 -5.047788104914661123e-01 1.000000000000000056e-01
5.863453815261043900e+01 -6.286972162456526680e-01 1.000000000000000056e-01
5.903614457831325524e+01 -7.384848672964682281e-01 1.000000000000000056e-01
5.943775100401606437e+01 -1.151547051952237277e+00 1.000000000000000056e-01
5.983935742971887350e+01 -1.232919849369002563e+00 1.000000000000000056e-01
6.024096385542168974e+01 -5.923370811914643319e-01 1.000000000000000056e-01
6.064257028112449888e+01 -2.446842500081355676e-01 1.000000000000000056e-01
6.104417670682730801e+01 3.387653822172533302e-01 1.000000000000000056e-01
6.144578313253011714e+01 6.290142811623482544e-01 1.000000000000000056e-01
6.184738955823293338e+01 1.282767664568817967e-01 1.000000000000000056e-01
6.224899598393574252e+01 -6.890499970947427943e-01 1.000000000000000056e-01
6.265060240963855165e+01 -1.849777252745630429e+00 1.000000000000000056e-01
6.305220883534136789e+01 -2.404753425490468999e+00 1.000000000000000056e-01
6.345381526104417702e+01 -2.438106723616756621e+00 1.000000000000000056e-01
6.385542168674698615e+01 -1.806752767997560571e+00 1.000000000000000056e-01
6.425702811244980239e+01 -1.069251167473527442e+00 1.000000000000000056e-01
6.465863453815261153e+01 -6.260368963441461654e-01 1.000000000000000056e-01
6.506024096385542066e+01 -5.622520733453781894e-01 1.000000000000000056e-01
6.546184738955822979e+01 -9.539650411363620464e-02 1.000000000000000056e-01
6.586345381526103893e+01 -4.281820243126210346e-01 1.000000000000000056e-01
6.626506024096384806e+01 -2.059317731549089592e-01 1.000000000000000056e-01
6.666666666666667140e+01 1.280567756154137316e-01 1.000000000000000056e-01
6.706827309236948054e+01 4.310718922267899877e-01 1.000000000000000056e-01
6.746987951807228967e+01 1.030575599711534451e+00 1.000000000000000056e-01
6.787148594377509880e+01 5.051704268181741453e-01 1.000000000000000056e-01
6.827309236947790794e+01 1.883190320373149540e-01 1.000000000000000056e-01
6.867469879518071707e+01 -1.061248094954732324e-01 1.000000000000000056e-01
6.907630522088354041e+01 -2.304910356632085267e-01 1.000000000000000056e-01
6.947791164658634955e+01 -7.103779006506988347e-01 1.000000000000000056e-01
6.987951807228915868e+01 -1.650200322520071206e+00 1.000000000000000056e-01
7.028112449799196781e+01 -2.713731251136158207e+00 1.000000000000000056e-01
7.068273092369477695e+01 -3.193848704125334947e+00 1.000000000000000056e-01
7.108433734939758608e+01 -3.301702133688286356e+00 1.000000000000000056e-01
7.148594377510039521e+01 -2.973206732117594786e+00 1.000000000000000056e-01
7.188755020080321856e+01 -2.575483774752520549e+00 1.000000000000000056e-01
7.228915662650602769e+01 -2.304521225935676654e+00 1.000000000000000056e-01
7.269076305220883683e+01 -1.577879774752285691e+00 1.000000000000000056e-01
7.309236947791164596e+01 -1.251988743824772099e+00 1.000000000000000056e-01
7.349397590361445509e+01 -8.196317169505582534e-01 1.000000000000000056e-01
7.389558232931726423e+01 -5.629669719091889846e-01 1.000000000000000056e-01
7.429718875502007336e+01 -3.940784094216123745e-02 1.000000000000000056e-01
7.469879518072289670e+01 5.607110088851660068e-01 1.000000000000000056e-01
7.510040160642570584e+01 5.021859808681250481e-01 1.000000000000000056e-01
7.550200803212851497e+01 4.603624468261912073e-01 1.000000000000000056e-01
7.590361445783132410e+01 3.630085283756113723e-01 1.000000000000000056e-01
7.630522088353413324e+01 -4.150255660164343940e-02 1.000000000000000056e-01
7.670682730923694237e+01 2.486678883254470618e-01 1.000000000000000056e-01
7.710843373493975150e+01 1.509763850545781660e-01 1.000000000000000056e-01
7.751004016064257485e+01 5.733622647017834195e-01 1.000000000000000056e-01
7.791164658634538398e+01 7.779947917577503258e-01 1.000000000000000056e-01
7.831325301204819311e+01 6.491902581175367226e-01 1.000000000000000056e-01
7.871485943775100225e+01 5.388337687198874182e-01 1.000000000000000056e-01
7.911646586345381138e+01 2.677022514031728306e-01 1.000000000000000056e-01
7.951807228915662051e+01 4.620201023948611319e-02 1.000000000000000056e-01
7.991967871485944386e+01 9.062798060798069044e-02 1.000000000000000056e-01
8.032128514056225299e+01 1.181574626306837739e-01 1.000000000000000056e-01
8.072289156626506212e+01 1.339362739356531051e-01 1.000000000000000056e-01
8.112449799196787126e+01 3.879372527594096565e-01 1.000000000000000056e-01
8.152610441767068039e+01 8.044578725751214132e-02 1.000000000000000056e-01
8.192771084337348952e+01 -8.742701965745836024e-02 1.000000000000000056e-01
8.232931726907629866e+01 -4.952530806861794588e-01 1.000000000000000056e-01
8.273092369477912200e+01 -8.023004793601571372e-01 1.000000000000000056e-01
8.313253012048193114e+01 -1.836340530058922504e-01 1.000000000000000056e-01
8.353413654618474027e+01 3.974356665375328168e-01 1.000000000000000056e-01
8.393574297188754940e+01 9.081118783357761126e-01 1.000000000000000056e-01
8.433734939759035854e+01 1.366687123564879869e+00 1.000000000000000056e-01
8.473895582329316767e+01 1.319927761572259550e+00 1.000000000000000056e-01
8.514056224899597680e+01 1.424599800137781536e+00 1.000000000000000056e-01
8.554216867469880015e+01 1.219556375439421192e+00 1.000000000000000056e-01
8.594377510040160928e+01 1.256897853858772951e+00 1.000000000000000056e-01
8.634538152610441841e+01 1.125792736017515283e+00 1.000000000000000056e-01
8.674698795180722755e+01 1.065783527402672126e+00 1.000000000000000056e-01
8.714859437751003668e+01 1.193252815325501315e+00 1.000000000000000056e-01
8.755020080321284581e+01 6.469973952574697984e-01 1.000000000000000056e-01
8.795180722891566916e+01 4.054824481917382872e-01 1.000000000000000056e-01
8.835341365461847829e+01 1.774792319701999910e-01 1.000000000000000056e-01
8.875502008032128742e+01 1.231472001312649556e-01 1.000000000000000056e-01
8.915662650602409656e+01 4.502272586884296657e-01 1.000000000000000056e-01
8.955823293172690569e+01 7.634206682870595673e-01 1.000000000000000056e-01
8.995983935742971482e+01 4.688930327369286721e-01 1.000000000000000056e-01
9.036144578313252396e+01 -7.581397351277428809e-02 1.000000000000000056e-01
9.076305220883534730e+01 -4.305081797354750606e-01 1.000000000000000056e-01
9.116465863453815643e+01 -8.007069168099228973e-01 1.000000000000000056e-01
9.156626506024096557e+01 -1.064944499915971177e+00 1.000000000000000056e-01
9.196787148594377470e+01 -1.167255474881468968e+00 1.000000000000000056e-01
9.236947791164658383e+01 -1.306083239860733380e+00 1.000000000000000056e-01
9.277108433734939297e+01 -1.313061880626225086e+00 1.000000000000000056e-01
9.317269076305220210e+01 -1.400646381487573366e+00 1.000000000000000056e-01
9.357429718875502545e+01 -1.582821573895619283e+00 1.000000000000000056e-01
9.397590361445783458e+01 -1.342156451242351167e+00 1.000000000000000056e-01
9.437751004016064371e+01 -1.310393238352953516e+00 1.000000000000000056e-01
9.477911646586345285e+01 -1.281219905392794400e+00 1.000000000000000056e-01
9.518072289156626198e+01 -1.081429089878996441e+00 1.000000000000000056e-01
9.558232931726907111e+01 -7.795420924910054783e-01 1.000000000000000056e-01
9.598393574297188025e+01 -1.269565694954616630e-01 1.000000000000000056e-01
9.638554216867470359e+01 2.852560654071964463e-01 1.000000000000000056e-01
9.678714859437751272e+01 7.959332485541963376e-01 1.000000000000000056e-01
9.718875502008032186e+01 1.153906051909751929e+00 1.000000000000000056e-01
9.759036144578313099e+01 8.710768735154524878e-01 1.000000000000000056e-01
9.799196787148594012e+01 7.978392058916323748e-01 1.000000000000000056e-01
9.839357429718874926e+01 9.235847485198113160e-01 1.000000000000000056e-01
9.879518072289157260e+01 9.036080868466485061e-01 1.000000000000000056e-01
9.919678714859438173e+01 5.417562711318705260e-01 1.000000000000000056e-01
9.959839357429719087e+01 -2.474113164902548220e-03 1.000000000000000056e-01
1.000000000000000000e+02 -6.211138967124939514e-01 1.000000000000000056e-01
