0.000000000000000000e+00 -1.131005224236920403e+00 1.000000000000000056e-01
4.016064257028112428e-01 -6.665874657802582925e-01 1.000000000000000056e-01
8.032128514056224855e-01 -4.308386037516132028e-01 1.000000000000000056e-01
1.204819277108433617e+00 4.286815122061581051e-02 1.000000000000000056e-01
1.606425702811244971e+00 1.848985832533408535e-01 1.000000000000000056e-01
2.008032128514056325e+00 5.172763828510783535e-01 1.000000000000000056e-01
2.409638554216867234e+00 3.124437260447305298e-01 1.000000000000000056e-01
2.811244979919678588e+00 -5.516517322162672876e-02 1.000000000000000056e-01
3.212851405622489942e+00 -4.628908793982374759e-01 1.000000000000000056e-01
3.614457831325301296e+00 -8.095716162857997666e-01 1.000000000000000056e-01
4.016064257028112650e+00 -6.638606503751958154e-01 1.000000000000000056e-01
4.417670682730923559e+00 -6.898016982048161827e-01 1.000000000000000056e-01
4.819277108433734469e+00 -6.294869728868978109e-01 1.000000000000000056e-01
5.220883534136546267e+00 -9.258568980092691802e-01 1.000000000000000056e-01
5.622489959839357176e+00 -1.301383953408119076e+00 1.000000000000000056e-01
6.024096385542168974e+00 -1.893731703807395528e+00 1.000000000000000056e-01
6.425702811244979884e+00 -2.760033474658492025e+00 1.000000000000000056e-01
6.827309236947790794e+00 -3.005055916423296836e+00 1.000000000000000056e-01
7.228915662650602592e+00 -3.159821243296232485e+00 1.000000000000000056e-01
7.630522088353413501e+00 -2.985560757654486697e+00 1.000000000000000056e-01
8.032128514056225299e+00 -2.737345482698591237e+00 1.000000000000000056e-01
8.433734939759036209e+00 -2.605251967195613361e+00 1.000000000000000056e-01
8.835341365461847118e+00 -1.982615405146681997e+00 1.000000000000000056e-01
9.236947791164658028e+00 -1.706210072115769361e+00 1.000000000000000056e-01
9.638554216867468938e+00 -1.922871598766803247e+00 1.000000000000000056e-01
1.004016064257028162e+01 -1.470772694730347885e+00 1.000000000000000056e-01
1.044176706827309253e+01 -1.359960867452972622e+00 1.000000000000000056e-01
1.084337349397590344e+01 -1.199496521413875083e+00 1.000000000000000056e-01
1.124497991967871435e+01 -1.155649820688385399e+00 1.000000000000000056e-01
1.164658634538152526e+01 -7.976595712542295935e-01 1.000000000000000056e-01
1.204819277108433795e+01 -5.385138016090439406e-01 1.000000000000000056e-01
1.244979919678714886e+01 -5.786021729834418537e-01 1.000000000000000056e-01
1.285140562248995977e+01 -7.589001578358728350e-02 1.000000000000000056e-01
1.325301204819277068e+01 -1.949403042865693880e-02 1.000000000000000056e-01
1.365461847389558159e+01 2.300138828151951365e-02 1.000000000000000056e-01
1.405622489959839427e+01 9.885431470704530987e-03 1.000000000000000056e-01
1.445783132530120518e+01 1.407880137406953280e-01 1.000000000000000056e-01
1.485943775100401609e+01 -2.354390793384106839e-01 1.000000000000000056e-01
1.526104417670682700e+01 -1.724448386052797322e-01 1.000000000000000056e-01
1.566265060240963791e+01 -4.866079157110573261e-01 1.000000000000000056e-01
1.606425702811245060e+01 -1.002664279296813232e-01 1.000000000000000056e-01
1.646586345381525973e+01 -2.266081097765488273e-01 1.000000000000000056e-01
1.686746987951807242e+01 -3.950121100313894740e-01 1.000000000000000056e-01
1.726907630522088510e+01 -4.011380127327529022e-01 1.000000000000000056e-01
1.767068273092369424e+01 -4.650079481581930185e-01 1.000000000000000056e-01
1.807228915662650692e+01 -4.459385579206713857e-01 1.000000000000000056e-01
1.847389558232931606e+01 -3.926215929163613394e-01 1.000000000000000056e-01
1.887550200803212874e+01 -5.923382156242387175e-01 1.000000000000000056e-01
1.927710843373493788e+01 -3.868107527526924994e-01 1.000000000000000056e-01
1.967871485943775056e+01 -5.892330801227202430e-01 1.000000000000000056e-01
2.008032128514056325e+01 -5.474451078526293424e-01 1.000000000000000056e-01
2.048192771084337238e+01 -5.360651708273611593e-01 1.000000000000000056e-01
2.088353413654618507e+01 -6.623137290878847727e-01 1.000000000000000056e-01
2.128514056224899420e+01 -8.090312912346538932e-01 1.000000000000000056e-01
2.168674698795180689e+01 -5.046101480459855848e-01 1.000000000000000056e-01
2.208835341365461957e+01 -4.056687774668966129e-01 1.000000000000000056e-01
2.248995983935742871e+01 -4.613148449436386134e-01 1.000000000000000056e-01
2.289156626506024139e+01 -2.679096155337939433e-01 1.000000000000000056e-01
2.329317269076305053e+01 -3.758320685665362815e-01 1.000000000000000056e-01
2.369477911646586321e+01 -1.782953188076121243e-01 1.000000000000000056e-01
2.409638554216867590e+01 -2.961839663224438701e-02 1.000000000000000056e-01
2.449799196787148503e+01 -6.625481795671753216e-02 1.000000000000000056e-01
2.489959839357429772e+01 -2.542176443636835481e-01 1.000000000000000056e-01
2.530120481927710685e+01 -1.763787829561241915e-01 1.000000000000000056e-01
2.570281124497991954e+01 -2.402343935181983636e-01 1.000000000000000056e-01
2.610441767068273222e+01 -5.349131939856939244e-01 1.000000000000000056e-01
2.650602409638554136e+01 -9.392116655010416260e-01 1.000000000000000056e-01
2.690763052208835404e+01 -1.391519308546519840e+00 1.000000000000000056e-01
2.730923694779116317e+01 -1.821420666180324721e+00 1.000000000000000056e-01
2.771084337349397586e+01 -2.048434882814723856e+00 1.000000000000000056e-01
2.811244979919678855e+01 -2.529207178378895637e+00 1.000000000000000056e-01
2.851405622489959768e+01 -2.372430927190844585e+00 1.000000000000000056e-01
2.891566265060241037e+01 -1.938772328496482178e+00 1.000000000000000056e-01
2.931726907630521950e+01 -2.011319267426684654e+00 1.000000000000000056e-01
2.971887550200803219e+01 -1.654568519044914865e+00 1.000000000000000056e-01
3.012048192771084487e+01 -1.116199391257770346e+00 1.000000000000000056e-01
3.052208835341365400e+01 -1.016390687749221700e+00 1.000000000000000056e-01
3.092369477911646669e+01 -8.219989903432339817e-01 1.000000000000000056e-01
3.132530120481927582e+01 -8.678733781106729994e-01 1.000000000000000056e-01
3.172690763052208851e+01 -8.118440978347426507e-01 1.000000000000000056e-01
3.212851405622490120e+01 -8.062590002507868947e-01 1.000000000000000056e-01
3.253012048192771033e+01 -7.759203983514759706e-01 1.000000000000000056e-01
3.293172690763051946e+01 -6.790443527421874403e-01 1.000000000000000056e-01
3.333333333333333570e+01 -2.195340265845704686e-01 1.000000000000000056e-01
3.373493975903614484e+01 -3.897660262922852253e-02 1.000000000000000056e-01
3.413654618473895397e+01 3.829466749673046677e-01 1.000000000000000056e-01
3.453815261044177021e+01 6.469202792872026375e-01 1.000000000000000056e-01
3.493975903614457934e+01 7.069680581345902937e-01 1.000000000000000056e-01
3.534136546184738847e+01 1.801627552285074430e-01 1.000000000000000056e-01
3.574297188755019761e+01 -2.388730973226138032e-01 1.000000000000000056e-01
3.614457831325301385e+01 -8.901526156274205404e-01 1.000000000000000056e-01
3.654618473895582298e+01 -1.506964806891428310e+00 1.000000000000000056e-01
3.694779116465863211e+01 -2.065055310164108260e+00 1.000000000000000056e-01
3.734939759036144835e+01 -2.366793103026753275e+00 1.000000000000000056e-01
3.775100401606425748e+01 -1.863755328193876126e+00 1.000000000000000056e-01
3.815261044176706662e+01 -1.916661113176072462e+00 1.000000000000000056e-01
3.855421686746987575e+01 -1.444037268752863756e+00 1.000000000000000056e-01
3.895582329317269199e+01 -1.309728782683473369e+00 1.000000000000000056e-01
3.935742971887550112e+01 -1.074280096843595045e+00 1.000000000000000056e-01
3.975903614457831026e+01 -1.128823798649582155e+00 1.000000000000000056e-01
4.016064257028112650e+01 -1.220449904141773567e+00 1.000000000000000056e-01
4.056224899598393563e+01 -1.328825080055224817e+00 1.000000000000000056e-01
4.096385542168674476e+01 -1.792180302190768293e+00 1.000000000000000056e-01
4.136546184738956100e+01 -2.005782471067119044e+00 1.000000000000000056e-01
4.176706827309237013e+01 -2.145906723198156563e+00 1.000000000000000056e-01
4.216867469879517927e+01 -2.540192206276340681e+00 1.000000000000000056e-01
4.257028112449798840e+01 -2.697558253953043383e+00 1.000000000000000056e-01
4.297188755020080464e+01 -2.448277582403684871e+00 1.000000000000000056e-01
4.337349397590361377e+01 -1.924189367198118727e+00 1.000000000000000056e-01
4.377510040160642291e+01 -1.421173741114987399e+00 1.000000000000000056e-01
4.417670682730923915e+01 -9.459587588912456990e-01 1.000000000000000056e-01
4.457831325301204828e+01 -4.398796976091126076e-01 1.000000000000000056e-01
4.497991967871485741e+01 -6.511569706848990835e-02 1.000000000000000056e-01
4.538152610441767365e+01 -6.998585419642269767e-02 1.000000000000000056e-01
4.578313253012048278e+01 -3.686392555628174583e-01 1.000000000000000056e-01
4.618473895582329192e+01 -4.163658971985101376e-01 1.000000000000000056e-01
4.658634538152610105e+01 -8.041478124653720361e-01 1.000000000000000056e-01
4.698795180722891729e+01 -6.936846963290803636e-01 1.000000000000000056e-01
4.738955823293172642e+01 -4.824707235096963309e-01 1.000000000000000056e-01
4.779116465863453556e+01 -1.992007471079459135e-01 1.000000000000000056e-01
4.819277108433735179e+01 -2.879721619022335144e-03 1.000000000000000056e-01
4.859437751004016093e+01 4.171366942771034259e-01 1.000000000000000056e-01
4.899598393574297006e+01 5.962345176068539754e-01 1.000000000000000056e-01
4.939759036144578630e+01 5.569454815213255028e-01 1.000000000000000056e-01
4.979919678714859543e+01 3.962014595573996045e-01 1.000000000000000056e-01
5.020080321285140457e+01 4.287102271278244725e-01 1.000000000000000056e-01
5.060240963855421370e+01 4.932301928077373887e-01 1.000000000000000056e-01
5.100401606425702994e+01 3.993282865363310674e-01 1.000000000000000056e-01
5.140562248995983907e+01 9.361534097306544178e-01 1.000000000000000056e-01
5.180722891566264821e+01 1.252734085238511375e+00 1.000000000000000056e-01
5.220883534136546444e+01 1.482383316837457388e+00 1.000000000000000056e-01
5.261044176706827358e+01 1.851356568189840068e+00 1.000000000000000056e-01
5.301204819277108271e+01 2.036643562808235774e+00 1.000000000000000056e-01
5.341365461847389184e+01 2.156688208696236231e+00 1.000000000000000056e-01
5.381526104417670808e+01 2.345645800772980127e+00 1.000000000000000056e-01
5.421686746987951722e+01 2.795935605172843452e+00 1.000000000000000056e-01
5.461847389558232635e+01 2.898584368218838136e+00 1.000000000000000056e-01
5.502008032128514259e+01 2.965156478349087799e+00 1.000000000000000056e-01
5.542168674698795172e+01 2.934647891360579131e+00 1.000000000000000056e-01
5.582329317269076085e+01 2.683643320861679005e+00 1.000000000000000056e-01
5.622489959839357709e+01 2.182455516750908320e+00 1.000000000000000056e-01
5.662650602409638623e+01 1.698454671052294085e+00 1.000000000000000056e-01
5.702811244979919536e+01 1.310444264859742969e+00 1.000000000000000056e-01
5.742971887550200449e+01 1.062097079783371978e+00 1.000000000000000056e-01
5.783132530120482073e+01 1.096437824760876589e+00 1.000000000000000056e-01
5.823293172690762987e+01 1.193421469237847532e+00 1.000000000000000056e-01
5.863453815261043900e+01 1.262712266097929970e+00 1.000000000000000056e-01
5.903614457831325524e+01 1.467172062016925072e+00 1.000000000000000056e-01
5.943775100401606437e+01 1.519803209728659343e+00 1.000000000000000056e-01
5.983935742971887350e+01 1.823239656391002494e+00 1.000000000000000056e-01
6.024096385542168974e+01 1.757482409715950933e+00 1.000000000000000056e-01
6.064257028112449888e+01 1.899331212587026974e+00 1.000000000000000056e-01
6.104417670682730801e+01 1.973270222783957806e+00 1.000000000000000056e-01
6.144578313253011714e+01 1.904578505165490432e+00 1.000000000000000056e-01
6.184738955823293338e+01 2.018417888930081894e+00 1.000000000000000056e-01
6.224899598393574252e+01 1.748292923133280441e+00 1.000000000000000056e-01
6.265060240963855165e+01 1.444008341454893207e+00 1.000000000000000056e-01
6.305220883534136789e+01 9.705110285114735280e-01 1.000000000000000056e-01
6.345381526104417702e+01 6.565683370881683079e-01 1.000000000000000056e-01
6.385542168674698615e+01 5.273910619025508062e-01 1.000000000000000056e-01
6.425702811244980239e+01 3.458235284765489581e-01 1.000000000000000056e-01
6.465863453815261153e+01 6.392648674145864907e-02 1.000000000000000056e-01
6.506024096385542066e+01 -2.542132216167738434e-01 1.000000000000000056e-01
6.546184738955822979e+01 -1.077801910012634312e-01 1.000000000000000056e-01
6.586345381526103893e+01 -2.318626979246612985e-01 1.000000000000000056e-01
6.626506024096384806e+01 -2.613376006902877191e-01 1.000000000000000056e-01
6.666666666666667140e+01 -5.775134783636796110e-01 1.000000000000000056e-01
6.706827309236948054e+01 -5.892988794480651382e-01 1.000000000000000056e-01
6.746987951807228967e+01 -1.026599641507093930e+00 1.000000000000000056e-01
6.787148594377509880e+01 -1.116792669561154527e+00 1.000000000000000056e-01
6.827309236947790794e+01 -1.265771350667443951e+00 1.000000000000000056e-01
6.867469879518071707e+01 -1.292130449484766075e+00 1.000000000000000056e-01
6.907630522088354041e+01 -1.090646115654125614e+00 1.000000000000000056e-01
6.947791164658634955e+01 -9.036774310340733862e-01 1.000000000000000056e-01
6.987951807228915868e+01 -3.108938909669605732e-01 1.000000000000000056e-01
7.028112449799196781e+01 -4.944918303702872109e-02 1.000000000000000056e-01
7.068273092369477695e+01 3.816552416905500955e-01 1.000000000000000056e-01
7.108433734939758608e+01 5.642741134133986147e-01 1.000000000000000056e-01
7.148594377510039521e+01 8.775326793543019033e-01 1.000000000000000056e-01
7.188755020080321856e+01 6.135523162139256970e-01 1.000000000000000056e-01
7.228915662650602769e+01 6.333643379792965877e-01 1.000000000000000056e-01
7.269076305220883683e+01 3.264065363811254894e-01 1.000000000000000056e-01
7.309236947791164596e+01 3.383082265799687849e-01 1.000000000000000056e-01
7.349397590361445509e+01 3.670214325374258069e-01 1.000000000000000056e-01
7.389558232931726423e+01 2.859442415343156352e-01 1.000000000000000056e-01
7.429718875502007336e+01 1.625201195785296593e-01 1.000000000000000056e-01
7.469879518072289670e+01 -9.972861102217445151e-02 1.000000000000000056e-01
7.510040160642570584e+01 -1.865708108044609459e-01 1.000000000000000056e-01
7.550200803212851497e+01 -5.736323701864902702e-01 1.000000000000000056e-01
7.590361445783132410e+01 -6.323455323580532417e-01 1.000000000000000056e-01
7.630522088353413324e+01 -1.117865198983513331e+00 1.000000000000000056e-01
7.670682730923694237e+01 -1.168628557632715781e+00 1.000000000000000056e-01
7.710843373493975150e+01 -1.329306349230238382e+00 1.000000000000000056e-01
7.751004016064257485e+01 -1.519523758080224773e+00 1.000000000000000056e-01
7.791164658634538398e+01 -1.680637259117167437e+00 1.000000000000000056e-01
7.831325301204819311e+01 -1.593754379683967493e+00 1.000000000000000056e-01
7.871485943775100225e+01 -1.393005646040456069e+00 1.000000000000000056e-01
7.911646586345381138e+01 -1.183435139502233335e+00 1.000000000000000056e-01
7.951807228915662051e+01 -9.544619404649564709e-01 1.000000000000000056e-01
7.991967871485944386e+01 -4.763958541704290672e-01 1.000000000000000056e-01
8.032128514056225299e+01 -4.684501470037649717e-01 1.000000000000000056e-01
8.072289156626506212e+01 -2.625314883427524726e-01 1.000000000000000056e-01
8.112449799196787126e+01 -3.407398089314166434e-01 1.000000000000000056e-01
8.152610441767068039e+01 -3.793870502798473154e-01 1.000000000000000056e-01
8.192771084337348952e+01 -6.355312666768320184e-01 1.000000000000000056e-01
8.232931726907629866e+01 -6.369021598716350097e-01 1.000000000000000056e-01
8.273092369477912200e+01 -6.070295816598940686e-01 1.000000000000000056e-01
8.313253012048193114e+01 -4.148201292783536553e-01 1.000000000000000056e-01
8.353413654618474027e+01 -4.712931988406198203e-01 1.000000000000000056e-01
8.393574297188754940e+01 -4.076965265691750995e-01 1.000000000000000056e-01
8.433734939759035854e+01 -2.332487892016315567e-01 1.000000000000000056e-01
8.473895582329316767e+01 -3.176157803012975012e-01 1.000000000000000056e-01
8.514056224899597680e+01 1.483103988555578567e-01 1.000000000000000056e-01
8.554216867469880015e+01 8.925603657635571703e-03 1.000000000000000056e-01
8.594377510040160928e+01 2.242395276575074037e-01 1.000000000000000056e-01
8.634538152610441841e+01 5.705219698672014950e-01 1.000000000000000056e-01
8.674698795180722755e+01 5.498122949186886599e-01 1.000000000000000056e-01
8.714859437751003668e+01 9.871770319799332283e-01 1.000000000000000056e-01
8.755020080321284581e+01 1.063614114365952767e+00 1.000000000000000056e-01
8.795180722891566916e+01 1.079073648818455133e+00 1.000000000000000056e-01
8.835341365461847829e+01 1.150210980975183706e+00 1.000000000000000056e-01
8.875502008032128742e+01 1.195707767208932459e+00 1.000000000000000056e-01
8.915662650602409656e+01 8.859219970150137291e-01 1.000000000000000056e-01
8.955823293172690569e+01 6.615156681695293361e-01 1.000000000000000056e-01
8.995983935742971482e+01 3.735993885211697507e-01 1.000000000000000056e-01
9.036144578313252396e+01 -1.732047664004177645e-01 1.000000000000000056e-01
9.076305220883534730e+01 -8.663523435201483380e-01 1.000000000000000056e-01
9.116465863453815643e+01 -1.279805771439749273e+00 1.000000000000000056e-01
9.156626506024096557e+01 -1.886857904422834853e+00 1.000000000000000056e-01
9.196787148594377470e+01 -2.236839107952166117e+00 1.000000000000000056e-01
9.236947791164658383e+01 -2.480675884124467157e+00 1.000000000000000056e-01
9.277108433734939297e+01 -2.545003831898303037e+00 1.000000000000000056e-01
9.317269076305220210e+01 -2.662196166496579863e+00 1.000000000000000056e-01
9.357429718875502545e+01 -2.598285787270420144e+00 1.000000000000000056e-01
9.397590361445783458e+01 -2.299530552635509650e+00 1.000000000000000056e-01
9.437751004016064371e+01 -1.947888333124675686e+00 1.000000000000000056e-01
9.477911646586345285e+01 -1.836498289007421736e+00 1.000000000000000056e-01
9.518072289156626198e+01 -1.455498215569364318e+00 1.000000000000000056e-01
9.558232931726907111e+01 -1.070304033880551176e+00 1.000000000000000056e-01
9.598393574297188025e+01 -7.065665411298993615e-01 1.000000000000000056e-01
9.638554216867470359e+01 -2.466950216326497525e-01 1.000000000000000056e-01
9.678714859437751272e+01 1.596874300709905103e-01 1.000000000000000056e-01
9.718875502008032186e+01 3.391694236312878807e-01 1.000000000000000056e-01
9.759036144578313099e+01 8.241048310208024530e-01 1.000000000000000056e-01
9.799196787148594012e+01 1.048836373213832829e+00 1.000000000000000056e-01
9.839357429718874926e+01 9.631797156224474188e-01 1.000000000000000056e-01
9.879518072289157260e+01 9.958370121357992266e-01 1.000000000000000056e-01
9.919678714859438173e+01 6.348235031107314352e-01 1.000000000000000056e-01
9.959839357429719087e+01 1.977510953005969241e-01 1.000000000000000056e-01
1.000000000000000000e+02 -6.839908430466840050e-01 1.000000000000000056e-01
