0.000000000000000000e+00 -1.009032016910994534e+00 1.000000000000000056e-01
4.016064257028112428e-01 -1.571386321318225088e+00 1.000000000000000056e-01
8.032128514056224855e-01 -1.875837035227954308e+00 1.000000000000000056e-01
1.204819277108433617e+00 -2.202499702371509382e+00 1.000000000000000056e-01
1.606425702811244971e+00 -2.370825117109411018e+00 1.000000000000000056e-01
2.008032128514056325e+00 -2.286487482810095173e+00 1.000000000000000056e-01
2.409638554216867234e+00 -2.246100388545594573e+00 1.000000000000000056e-01
2.811244979919678588e+00 -1.707918182360791182e+00 1.000000000000000056e-01
3.212851405622489942e+00 -1.078471526630853106e+00 1.000000000000000056e-01
3.614457831325301296e+00 -6.887228850585759288e-01 1.000000000000000056e-01
4.016064257028112650e+00 7.986492625273733381e-02 1.000000000000000056e-01
4.417670682730923559e+00 1.333486716279300155e-01 1.000000000000000056e-01
4.819277108433734469e+00 3.219768811347824278e-02 1.000000000000000056e-01
5.220883534136546267e+00 2.313720784506540992e-02 1.000000000000000056e-01
5.622489959839357176e+00 -1.268181863325851810e-01 1.000000000000000056e-01
6.024096385542168974e+00 -3.927518188161808199e-01 1.000000000000000056e-01
6.425702811244979884e+00 -2.174470703139641803e-01 1.000000000000000056e-01
6.827309236947790794e+00 -3.810722679958236103e-01 1.000000000000000056e-01
7.228915662650602592e+00 -3.404479846170863078e-02 1.000000000000000056e-01
7.630522088353413501e+00 1.457095261678188758e-01 1.000000000000000056e-01
8.032128514056225299e+00 4.728587573790851151e-01 1.000000000000000056e-01
8.433734939759036209e+00 8.006994401888857249e-01 1.000000000000000056e-01
8.835341365461847118e+00 1.129393582735703339e+00 1.000000000000000056e-01
9.236947791164658028e+00 9.921569227703707083e-01 1.000000000000000056e-01
9.638554216867468938e+00 8.988608273065622489e-01 1.000000000000000056e-01
1.004016064257028162e+01 4.721134633818935278e-01 1.000000000000000056e-01
1.044176706827309253e+01 9.247389875056286068e-03 1.000000000000000056e-01
1.084337349397590344e+01 4.285989149087560124e-02 1.000000000000000056e-01
1.124497991967871435e+01 -3.632381629663128941e-01 1.000000000000000056e-01
1.164658634538152526e+01 -2.597722767235767782e-01 1.000000000000000056e-01
1.204819277108433795e+01 -4.232003339022691324e-01 1.000000000000000056e-01
1.244979919678714886e+01 -4.188842567202359923e-01 1.000000000000000056e-01
1.285140562248995977e+01 -3.264138768072096797e-01 1.000000000000000056e-01
1.325301204819277068e+01 -4.183295973704480586e-01 1.000000000000000056e-01
1.365461847389558159e+01 -8.561754095690178312e-01 1.000000000000000056e-01
1.405622489959839427e+01 -1.182781145361071040e+00 1.000000000000000056e-01
1.445783132530120518e+01 -1.279960759057069630e+00 1.000000000000000056e-01
1.485943775100401609e+01 -1.257282204242804458e+00 1.000000000000000056e-01
1.526104417670682700e+01 -1.075984647456621035e+00 1.000000000000000056e-01
1.566265060240963791e+01 -5.666473305389900794e-01 1.000000000000000056e-01
1.606425702811245060e+01 -2.400897492865346206e-01 1.000000000000000056e-01
1.646586345381525973e+01 2.591411240573699981e-01 1.000000000000000056e-01
1.686746987951807242e+01 6.289262257516141652e-01 1.000000000000000056e-01
1.726907630522088510e+01 8.948376276481802005e-01 1.000000000000000056e-01
1.767068273092369424e+01 1.044162435310283632e+00 1.000000000000000056e-01
1.807228915662650692e+01 1.269327170327914533e+00 1.000000000000000056e-01
1.847389558232931606e+01 8.528993937226532207e-01 1.000000000000000056e-01
1.887550200803212874e+01 3.538256922352199241e-01 1.000000000000000056e-01
1.927710843373493788e+01 4.294796680523918497e-02 1.000000000000000056e-01
1.967871485943775056e+01 -4.304114506427796361e-01 1.000000000000000056e-01
2.008032128514056325e+01 -3.453128448069246459e-01 1.000000000000000056e-01
2.048192771084337238e+01 -1.256150273234451498e-01 1.000000000000000056e-01
2.088353413654618507e+01 -5.613626184089655358e-02 1.000000000000000056e-01
2.128514056224899420e+01 -2.388964893348532181e-01 1.000000000000000056e-01
2.168674698795180689e+01 -9.373541358062144335e-02 1.000000000000000056e-01
2.208835341365461957e+01 -3.502435967022622942e-01 1.000000000000000056e-01
2.248995983935742871e+01 -4.123128758927246951e-01 1.000000000000000056e-01
2.289156626506024139e+01 -7.996149365740906623e-01 1.000000000000000056e-01
2.329317269076305053e+01 -1.263629000897698029e+00 1.000000000000000056e-01
2.369477911646586321e+01 -1.310632962383821765e+00 1.000000000000000056e-01
2.409638554216867590e+01 -1.532513779919859598e+00 1.000000000000000056e-01
2.449799196787148503e+01 -1.324273595436096240e+00 1.000000000000000056e-01
2.489959839357429772e+01 -7.262022953315139251e-01 1.000000000000000056e-01
2.530120481927710685e+01 -2.039435087034048855e-01 1.000000000000000056e-01
2.570281124497991954e+01 3.931283793421153083e-01 1.000000000000000056e-01
2.610441767068273222e+01 6.894022421054818439e-01 1.000000000000000056e-01
2.650602409638554136e+01 6.865862156294152419e-01 1.000000000000000056e-01
2.690763052208835404e+01 7.313076007024592595e-01 1.000000000000000056e-01
2.730923694779116317e+01 8.719483652348407610e-01 1.000000000000000056e-01
2.771084337349397586e+01 6.339902142789044515e-01 1.000000000000000056e-01
2.811244979919678855e+01 6.449957586470278503e-01 1.000000000000000056e-01
2.851405622489959768e+01 5.005315698753314280e-01 1.000000000000000056e-01
2.891566265060241037e+01 4.558432494521622580e-01 1.000000000000000056e-01
2.931726907630521950e+01 4.150889452989351414e-01 1.000000000000000056e-01
2.971887550200803219e+01 3.641226075356661651e-01 1.000000000000000056e-01
3.012048192771084487e+01 1.979060439282346318e-01 1.000000000000000056e-01
3.052208835341365400e+01 2.171761329380818284e-02 1.000000000000000056e-01
3.092369477911646669e+01 -1.017498761431492038e-01 1.000000000000000056e-01
3.132530120481927582e+01 -1.974242309227146053e-01 1.000000000000000056e-01
3.172690763052208851e+01 -3.487519577101701462e-01 1.000000000000000056e-01
3.212851405622490120e+01 -7.165826438267076659e-01 1.000000000000000056e-01
3.253012048192771033e+01 -7.793415544291467656e-01 1.000000000000000056e-01
3.293172690763051946e+01 -1.102120051922142574e+00 1.000000000000000056e-01
3.333333333333333570e+01 -8.085353372274235451e-01 1.000000000000000056e-01
3.373493975903614484e+01 -5.107125445140057174e-01 1.000000000000000056e-01
3.413654618473895397e+01 3.670895264590874618e-02 1.000000000000000056e-01
3.453815261044177021e+01 5.125922271213633197e-01 1.000000000000000056e-01
3.493975903614457934e+01 9.134509218981290424e-01 1.000000000000000056e-01
3.534136546184738847e+01 1.166001937625247731e+00 1.000000000000000056e-01
3.574297188755019761e+01 1.214877171889719998e+00 1.000000000000000056e-01
3.614457831325301385e+01 1.070936722663838658e+00 1.000000000000000056e-01
3.654618473895582298e+01 1.167381970689178594e+00 1.000000000000000056e-01
3.694779116465863211e+01 1.122751760010620270e+00 1.000000000000000056e-01
3.734939759036144835e+01 1.063338049706166633e+00 1.000000000000000056e-01
3.775100401606425748e+01 9.684780420504087717e-01 1.000000000000000056e-01
3.815261044176706662e+01 8.535699078117726657e-01 1.000000000000000056e-01
3.855421686746987575e+01 8.164876375007681375e-01 1.000000000000000056e-01
3.895582329317269199e+01 1.055638613726235464e+00 1.000000000000000056e-01
3.935742971887550112e+01 1.150703490075967173e+00 1.000000000000000056e-01
3.975903614457831026e+01 1.634585961633554074e+00 1.000000000000000056e-01
4.016064257028112650e+01 2.100616112997583773e+00 1.000000000000000056e-01
4.056224899598393563e+01 2.826072857118023585e+00 1.000000000000000056e-01
4.096385542168674476e+01 3.397605468993769140e+00 1.000000000000000056e-01
4.136546184738956100e+01 4.088699530107247959e+00 1.000000000000000056e-01
4.176706827309237013e+01 4.104342442471573094e+00 1.000000000000000056e-01
4.216867469879517927e+01 3.990209015064891673e+00 1.000000000000000056e-01
4.257028112449798840e+01 3.642147110735330706e+00 1.000000000000000056e-01
4.297188755020080464e+01 2.974096068699704443e+00 1.000000000000000056e-01
4.337349397590361377e+01 2.325963077908187682e+00 1.000000000000000056e-01
4.377510040160642291e+01 1.939880018777670800e+00 1.000000000000000056e-01
4.417670682730923915e+01 1.418254461317295823e+00 1.000000000000000056e-01
4.457831325301204828e+01 7.704939574734017693e-01 1.000000000000000056e-01
4.497991967871485741e+01 1.918733896556918395e-01 1.000000000000000056e-01
4.538152610441767365e+01 -4.776435363884546925e-01 1.000000000000000056e-01
4.578313253012048278e+01 -1.277798857359880413e+00 1.000000000000000056e-01
4.618473895582329192e+01 -1.466936646930369958e+00 1.000000000000000056e-01
4.658634538152610105e+01 -1.850313156547461535e+00 1.000000000000000056e-01
4.698795180722891729e+01 -2.224067893406210583e+00 1.000000000000000056e-01
4.738955823293172642e+01 -2.191410052123434760e+00 1.000000000000000056e-01
4.779116465863453556e+01 -2.194954968396295669e+00 1.000000000000000056e-01
4.819277108433735179e+01 -2.173124282404597096e+00 1.000000000000000056e-01
4.859437751004016093e+01 -2.113589452832313587e+00 1.000000000000000056e-01
4.899598393574297006e+01 -1.871224848755562054e+00 1.000000000000000056e-01
4.939759036144578630e+01 -1.278744714487384471e+00 1.000000000000000056e-01
4.979919678714859543e+01 -1.042209596927612836e+00 1.000000000000000056e-01
5.020080321285140457e+01 -4.569278119954626738e-01 1.000000000000000056e-01
5.060240963855421370e+01 -3.741201149165071516e-01 1.000000000000000056e-01
5.100401606425702994e+01 -3.022813888686439743e-01 1.000000000000000056e-01
5.140562248995983907e+01 -7.652113197123123767e-01 1.000000000000000056e-01
5.180722891566264821e+01 -8.539216784882340816e-01 1.000000000000000056e-01
5.220883534136546444e+01 -1.073962317297425972e+00 1.000000000000000056e-01
5.261044176706827358e+01 -1.045773543753667045e+00 1.000000000000000056e-01
5.301204819277108271e+01 -8.605752781699608223e-01 1.000000000000000056e-01
5.341365461847389184e+01 -3.497229254991981451e-01 1.000000000000000056e-01
5.381526104417670808e+01 1.185295174308278465e-01 1.000000000000000056e-01
5.421686746987951722e+01 4.143258559696931242e-01 1.000000000000000056e-01
5.461847389558232635e+01 1.967344923527356571e-01 1.000000000000000056e-01
5.502008032128514259e+01 -3.731393100999009366e-02 1.000000000000000056e-01
5.542168674698795172e+01 -4.430334906911544413e-01 1.000000000000000056e-01
5.582329317269076085e+01 -9.011185090092624916e-01 1.000000000000000056e-01
5.622489959839357709e+01 -1.151851739448954692e+00 1.000000000000000056e-01
5.662650602409638623e+01 -1.156915180755150763e+00 1.000000000000000056e-01
5.702811244979919536e+01 -1.450077950245495240e+00 1.000000000000000056e-01
5.742971887550200449e+01 -1.445037259533262120e+00 1.000000000000000056e-01
5.783132530120482073e+01 -1.434249368903360189e+00 1.000000000000000056e-01
5.823293172690762987e+01 -1.666960119903091897e+00 1.000000000000000056e-01
5.863453815261043900e+01 -1.607167511719722164e+00 1.000000000000000056e-01
5.903614457831325524e+01 -1.347483417224877744e+00 1.000000000000000056e-01
5.943775100401606437e+01 -1.212480499925309596e+00 1.000000000000000056e-01
5.983935742971887350e+01 -1.176343671949895198e+00 1.000000000000000056e-01
6.024096385542168974e+01 -7.372611659154060249e-01 1.000000000000000056e-01
6.064257028112449888e+01 -2.125937314723841676e-01 1.000000000000000056e-01
6.104417670682730801e+01 2.835512276854015856e-02 1.000000000000000056e-01
6.144578313253011714e+01 9.393352995762535573e-02 1.000000000000000056e-01
6.184738955823293338e+01 2.089614116278701861e-01 1.000000000000000056e-01
6.224899598393574252e+01 -5.265238689644334558e-02 1.000000000000000056e-01
6.265060240963855165e+01 -2.134446321574555716e-01 1.000000000000000056e-01
6.305220883534136789e+01 -5.424414643642564426e-01 1.000000000000000056e-01
6.345381526104417702e+01 -8.767627136391661358e-01 1.000000000000000056e-01
6.385542168674698615e+01 -1.401164650858236937e+00 1.000000000000000056e-01
6.425702811244980239e+01 -1.535829834076049671e+00 1.000000000000000056e-01
6.465863453815261153e+01 -1.951404750974774727e+00 1.000000000000000056e-01
6.506024096385542066e+01 -1.908950651497540063e+00 1.000000000000000056e-01
6.546184738955822979e+01 -1.557708232133927506e+00 1.000000000000000056e-01
6.586345381526103893e+01 -1.129105331823727854e+00 1.000000000000000056e-01
6.626506024096384806e+01 -2.020792741687177929e-01 1.000000000000000056e-01
6.666666666666667140e+01 6.053943619574445600e-01 1.000000000000000056e-01
6.706827309236948054e+01 1.239809305672357143e+00 1.000000000000000056e-01
6.746987951807228967e+01 1.988032812315040809e+00 1.000000000000000056e-01
6.787148594377509880e+01 2.308287141243755780e+00 1.000000000000000056e-01
6.827309236947790794e+01 2.356371588379395643e+00 1.000000000000000056e-01
6.867469879518071707e+01 2.117721455363292815e+00 1.000000000000000056e-01
6.907630522088354041e+01 1.255236389614865500e+00 1.000000000000000056e-01
6.947791164658634955e+01 5.606671069248601036e-01 1.000000000000000056e-01
6.987951807228915868e+01 1.581674310334188482e-01 1.000000000000000056e-01
7.028112449799196781e+01 -5.254790986232426020e-01 1.000000000000000056e-01
7.068273092369477695e+01 -2.221375796288420912e-01 1.000000000000000056e-01
7.108433734939758608e+01 -3.108515052050288274e-02 1.000000000000000056e-01
7.148594377510039521e+01 -1.010237118676155788e-01 1.000000000000000056e-01
7.188755020080321856e+01 -2.025305512043863443e-01 1.000000000000000056e-01
7.228915662650602769e+01 -2.891998290674947514e-01 1.000000000000000056e-01
7.269076305220883683e+01 -4.424799943213397202e-01 1.000000000000000056e-01
7.309236947791164596e+01 -3.245413032083889759e-01 1.000000000000000056e-01
7.349397590361445509e+01 2.527767900460093919e-01 1.000000000000000056e-01
7.389558232931726423e+01 5.030802301936252441e-01 1.000000000000000056e-01
7.429718875502007336e+01 7.779559269294087365e-01 1.000000000000000056e-01
7.469879518072289670e+01 1.131838959719952520e+00 1.000000000000000056e-01
7.510040160642570584e+01 1.230826584300337645e+00 1.000000000000000056e-01
7.550200803212851497e+01 7.588486178257222159e-01 1.000000000000000056e-01
7.590361445783132410e+01 5.643457300618306416e-01 1.000000000000000056e-01
7.630522088353413324e+01 5.013060988100376258e-01 1.000000000000000056e-01
7.670682730923694237e+01 4.441561260240978748e-01 1.000000000000000056e-01
7.710843373493975150e+01 6.198796530381396330e-01 1.000000000000000056e-01
7.751004016064257485e+01 5.715368279116496142e-01 1.000000000000000056e-01
7.791164658634538398e+01 7.754870915169627121e-01 1.000000000000000056e-01
7.831325301204819311e+01 7.244274552960342506e-01 1.000000000000000056e-01
7.871485943775100225e+01 9.682843074295838237e-01 1.000000000000000056e-01
7.911646586345381138e+01 9.167002947539431013e-01 1.000000000000000056e-01
7.951807228915662051e+01 9.180723974063126347e-01 1.000000000000000056e-01
7.991967871485944386e+01 8.056598205547357283e-01 1.000000000000000056e-01
8.032128514056225299e+01 3.071140748380468133e-01 1.000000000000000056e-01
8.072289156626506212e+01 -6.359179306734921711e-03 1.000000000000000056e-01
8.112449799196787126e+01 -2.853359172184617987e-01 1.000000000000000056e-01
8.152610441767068039e+01 -6.599359273591579589e-01 1.000000000000000056e-01
8.192771084337348952e+01 -9.573486234441420661e-01 1.000000000000000056e-01
8.232931726907629866e+01 -7.389570023506989438e-01 1.000000000000000056e-01
8.273092369477912200e+01 -4.941260445827256320e-01 1.000000000000000056e-01
8.313253012048193114e+01 -3.724111636328569785e-01 1.000000000000000056e-01
8.353413654618474027e+01 -3.113727361044363873e-01 1.000000000000000056e-01
8.393574297188754940e+01 -8.943281164802302508e-01 1.000000000000000056e-01
8.433734939759035854e+01 -1.357680339796540681e+00 1.000000000000000056e-01
8.473895582329316767e+01 -1.820456811260690699e+00 1.000000000000000056e-01
8.514056224899597680e+01 -2.422712341807998992e+00 1.000000000000000056e-01
8.554216867469880015e+01 -2.482946216213861135e+00 1.000000000000000056e-01
8.594377510040160928e+01 -2.682682776757987053e+00 1.000000000000000056e-01
8.634538152610441841e+01 -2.525995001059153644e+00 1.000000000000000056e-01
8.674698795180722755e+01 -2.306460388265958450e+00 1.000000000000000056e-01
8.714859437751003668e+01 -2.420719088139489994e+00 1.000000000000000056e-01
8.755020080321284581e+01 -1.970262090439522273e+00 1.000000000000000056e-01
8.795180722891566916e+01 -1.611693066983462375e+00 1.000000000000000056e-01
8.835341365461847829e+01 -1.513208784844072508e+00 1.000000000000000056e-01
8.875502008032128742e+01 -1.523911043020188760e+00 1.000000000000000056e-01
8.915662650602409656e+01 -1.456658481390905591e+00 1.000000000000000056e-01
8.955823293172690569e+01 -1.887736773561984993e+00 1.000000000000000056e-01
8.995983935742971482e+01 -1.962869268623181007e+00 1.000000000000000056e-01
9.036144578313252396e+01 -2.108118982348249570e+00 1.000000000000000056e-01
9.076305220883534730e+01 -2.253698055176004633e+00 1.000000000000000056e-01
9.116465863453815643e+01 -1.924968903298718281e+00 1.000000000000000056e-01
9.156626506024096557e+01 -1.660030432582580096e+00 1.000000000000000056e-01
9.196787148594377470e+01 -1.026703492984839761e+00 1.000000000000000056e-01
9.236947791164658383e+01 -7.473140617040915368e-01 1.000000000000000056e-01
9.277108433734939297e+01 -2.866218542676859382e-01 1.000000000000000056e-01
9.317269076305220210e+01 -2.879843516153828276e-01 1.000000000000000056e-01
9.357429718875502545e+01 -3.999473393506924879e-03 1.000000000000000056e-01
9.397590361445783458e+01 -3.013306205310653518e-01 1.000000000000000056e-01
9.437751004016064371e+01 -3.244157188225310628e-01 1.000000000000000056e-01
9.477911646586345285e+01 -5.960948118274364549e-02 1.000000000000000056e-01
9.518072289156626198e+01 -2.048817018478962804e-01 1.000000000000000056e-01
9.558232931726907111e+01 -8.220087019386530525e-01 1.000000000000000056e-01
9.598393574297188025e+01 -9.562637282091056568e-01 1.000000000000000056e-01
9.638554216867470359e+01 -1.607989902429804774e+00 1.000000000000000056e-01
9.678714859437751272e+01 -1.946495931093447762e+00 1.000000000000000056e-01
9.718875502008032186e+01 -2.120051476128371970e+00 1.000000000000000056e-01
9.759036144578313099e+01 -2.044780517575254475e+00 1.000000000000000056e-01
9.799196787148594012e+01 -1.825622005743264165e+00 1.000000000000000056e-01
9.839357429718874926e+01 -1.569210843160358859e+00 1.000000000000000056e-01
9.879518072289157260e+01 -1.211956554377217943e+00 1.000000000000000056e-01
9.919678714859438173e+01 -1.296024970583551150e+00 1.000000000000000056e-01
9.959839357429719087e+01 -1.359107422692371836e+00 1.000000000000000056e-01
1.000000000000000000e+02 -1.324460945843181969e+00 1.000000000000000056e-01
