0.000000000000000000e+00 -1.773822893600059958e+00 1.000000000000000056e-01
4.016064257028112428e-01 -1.812940640119931723e+00 1.000000000000000056e-01
8.032128514056224855e-01 -1.712453186212668843e+00 1.000000000000000056e-01
1.204819277108433617e+00 -1.338404981874916855e+00 1.000000000000000056e-01
1.606425702811244971e+00 -1.750042662401192439e+00 1.000000000000000056e-01
2.008032128514056325e+00 -2.375983710906531154e+00 1.000000000000000056e-01
2.409638554216867234e+00 -3.086176427961657254e+00 1.000000000000000056e-01
2.811244979919678588e+00 -3.432127216061601871e+00 1.000000000000000056e-01
3.212851405622489942e+00 -3.734815270101085272e+00 1.000000000000000056e-01
3.614457831325301296e+00 -3.751448184952838272e+00 1.000000000000000056e-01
4.016064257028112650e+00 -3.574694191278696476e+00 1.000000000000000056e-01
4.417670682730923559e+00 -3.644179192158002234e+00 1.000000000000000056e-01
4.819277108433734469e+00 -3.751230470131983186e+00 1.000000000000000056e-01
5.220883534136546267e+00 -3.553495599381281789e+00 1.000000000000000056e-01
5.622489959839357176e+00 -3.310065594914266107e+00 1.000000000000000056e-01
6.024096385542168974e+00 -2.551010028346138103e+00 1.000000000000000056e-01
6.425702811244979884e+00 -1.698012507393612314e+00 1.000000000000000056e-01
6.827309236947790794e+00 -9.319240100072416766e-01 1.000000000000000056e-01
7.228915662650602592e+00 -5.674872513574941157e-02 1.000000000000000056e-01
7.630522088353413501e+00 3.733796514729010863e-01 1.000000000000000056e-01
8.032128514056225299e+00 6.245154858037573753e-01 1.000000000000000056e-01
8.433734939759036209e+00 7.874585349426677094e-01 1.000000000000000056e-01
8.835341365461847118e+00 1.079216968397219478e+00 1.000000000000000056e-01
9.236947791164658028e+00 1.194482892686861808e+00 1.000000000000000056e-01
9.638554216867468938e+00 1.528885493465758305e+00 1.000000000000000056e-01
1.004016064257028162e+01 1.581745237752264943e+00 1.000000000000000056e-01
1.044176706827309253e+01 1.408879467532309526e+00 1.000000000000000056e-01
1.084337349397590344e+01 1.080500360990527042e+00 1.000000000000000056e-01
1.124497991967871435e+01 6.238771586562386062e-01 1.000000000000000056e-01
1.164658634538152526e+01 5.915254407635699846e-02 1.000000000000000056e-01
1.204819277108433795e+01 -5.072590570636794638e-01 1.000000000000000056e-01
1.244979919678714886e+01 -1.102352973965288196e+00 1.000000000000000056e-01
1.285140562248995977e+01 -1.015456585061841555e+00 1.000000000000000056e-01
1.325301204819277068e+01 -1.121847427333320768e+00 1.000000000000000056e-01
1.365461847389558159e+01 -1.443239244298452295e+00 1.000000000000000056e-01
1.405622489959839427e+01 -1.797771031379824969e+00 1.000000000000000056e-01
1.445783132530120518e+01 -1.519368345712792667e+00 1.000000000000000056e-01
1.485943775100401609e+01 -1.556877917982818049e+00 1.000000000000000056e-01
1.526104417670682700e+01 -8.558086617259476059e-01 1.000000000000000056e-01
1.566265060240963791e+01 -7.672723952689846083e-01 1.000000000000000056e-01
1.606425702811245060e+01 -2.817909138292166160e-01 1.000000000000000056e-01
1.646586345381525973e+01 -7.969407539237943761e-02 1.000000000000000056e-01
1.686746987951807242e+01 1.283349377105155731e-03 1.000000000000000056e-01
1.726907630522088510e+01 9.196139305782932705e-02 1.000000000000000056e-01
1.767068273092369424e+01 -3.168313416636237001e-01 1.000000000000000056e-01
1.807228915662650692e+01 -2.382432202978165547e-01 1.000000000000000056e-01
1.847389558232931606e+01 -4.243087734849873005e-01 1.000000000000000056e-01
1.887550200803212874e+01 -6.166668882390207163e-01 1.000000000000000056e-01
1.927710843373493788e+01 -3.618625109749727398e-01 1.000000000000000056e-01
1.967871485943775056e+01 -2.368389009778600895e-01 1.000000000000000056e-01
2.008032128514056325e+01 1.710763921581051616e-03 1.000000000000000056e-01
2.048192771084337238e+01 -1.475895879910799069e-01 1.000000000000000056e-01
2.088353413654618507e+01 -3.227657522414427160e-01 1.000000000000000056e-01
2.128514056224899420e+01 -6.501339957683129889e-01 1.000000000000000056e-01
2.168674698795180689e+01 -7.880741104970508948e-01 1.000000000000000056e-01
2.208835341365461957e+01 -7.008505142918769470e-01 1.000000000000000056e-01
2.248995983935742871e+01 -3.964753536451575688e-01 1.000000000000000056e-01
2.289156626506024139e+01 2.682725096042454238e-02 1.000000000000000056e-01
2.329317269076305053e+01 3.551954233319517540e-01 1.000000000000000056e-01
2.369477911646586321e+01 1.067904638458537114e+00 1.000000000000000056e-01
2.409638554216867590e+01 1.343392598164476537e+00 1.000000000000000056e-01
2.449799196787148503e+01 1.236457739349021256e+00 1.000000000000000056e-01
2.489959839357429772e+01 1.267109449677824129e+00 1.000000000000000056e-01
2.530120481927710685e+01 1.407269070811534295e+00 1.000000000000000056e-01
2.570281124497991954e+01 1.393697094799744463e+00 1.000000000000000056e-01
2.610441767068273222e+01 1.552250182154926383e+00 1.000000000000000056e-01
2.650602409638554136e+01 1.290338527667218127e+00 1.000000000000000056e-01
2.690763052208835404e+01 1.594205978966197534e+00 1.000000000000000056e-01
2.730923694779116317e+01 1.079048133759870964e+00 1.000000000000000056e-01
2.771084337349397586e+01 2.198146297672081140e-01 1.000000000000000056e-01
2.811244979919678855e+01 -4.863789508281793905e-01 1.000000000000000056e-01
2.851405622489959768e+01 -9.446189919463992002e-01 1.000000000000000056e-01
2.891566265060241037e+01 -1.521861235621029484e+00 1.000000000000000056e-01
2.931726907630521950e+01 -1.820937032735928440e+00 1.000000000000000056e-01
2.971887550200803219e+01 -1.681099757686962182e+00 1.000000000000000056e-01
3.012048192771084487e+01 -1.337511053969320240e+00 1.000000000000000056e-01
3.052208835341365400e+01 -1.456991644765325500e+00 1.000000000000000056e-01
3.092369477911646669e+01 -1.391236774766256845e+00 1.000000000000000056e-01
3.132530120481927582e+01 -1.386455619641301151e+00 1.000000000000000056e-01
3.172690763052208851e+01 -1.026281773429803978e+00 1.000000000000000056e-01
3.212851405622490120e+01 -3.051730998237447423e-01 1.000000000000000056e-01
3.253012048192771033e+01 2.279577031872951076e-01 1.000000000000000056e-01
3.293172690763051946e+01 1.053843754104788921e+00 1.000000000000000056e-01
3.333333333333333570e+01 2.088795450675764886e+00 1.000000000000000056e-01
3.373493975903614484e+01 2.484426513277924631e+00 1.000000000000000056e-01
3.413654618473895397e+01 2.898707897505386377e+00 1.000000000000000056e-01
3.453815261044177021e+01 2.991478797063337858e+00 1.000000000000000056e-01
3.493975903614457934e+01 2.623474374355489136e+00 1.000000000000000056e-01
3.534136546184738847e+01 2.276552688349230635e+00 1.000000000000000056e-01
3.574297188755019761e+01 1.899390861827458643e+00 1.000000000000000056e-01
3.614457831325301385e+01 1.772306051717438047e+00 1.000000000000000056e-01
3.654618473895582298e+01 1.736557115504798299e+00 1.000000000000000056e-01
3.694779116465863211e+01 1.931360800948503043e+00 1.000000000000000056e-01
3.734939759036144835e+01 1.665994541757989111e+00 1.000000000000000056e-01
3.775100401606425748e+01 1.506922267634334123e+00 1.000000000000000056e-01
3.815261044176706662e+01 8.695469843915925034e-01 1.000000000000000056e-01
3.855421686746987575e+01 1.632878342508672365e-01 1.000000000000000056e-01
3.895582329317269199e+01 -3.961329702804976538e-01 1.000000000000000056e-01
3.935742971887550112e+01 -9.780471282271904210e-01 1.000000000000000056e-01
3.975903614457831026e+01 -9.630832620708564829e-01 1.000000000000000056e-01
4.016064257028112650e+01 -8.930160180312797236e-01 1.000000000000000056e-01
4.056224899598393563e+01 -6.992975162326415806e-01 1.000000000000000056e-01
4.096385542168674476e+01 -3.950761502098080191e-01 1.000000000000000056e-01
4.136546184738956100e+01 2.529348517583315248e-01 1.000000000000000056e-01
4.176706827309237013e+01 7.903155060677757859e-01 1.000000000000000056e-01
4.216867469879517927e+01 1.039495644286244636e+00 1.000000000000000056e-01
4.257028112449798840e+01 7.166689750147186011e-01 1.000000000000000056e-01
4.297188755020080464e+01 5.515114583360473111e-01 1.000000000000000056e-01
4.337349397590361377e+01 2.914934538088227445e-01 1.000000000000000056e-01
4.377510040160642291e+01 -1.234388531559877655e-01 1.000000000000000056e-01
4.417670682730923915e+01 -3.370891279477941094e-01 1.000000000000000056e-01
4.457831325301204828e+01 -4.041371340924584943e-02 1.000000000000000056e-01
4.497991967871485741e+01 1.894115060791417421e-02 1.000000000000000056e-01
4.538152610441767365e+01 2.303987214666929351e-01 1.000000000000000056e-01
4.578313253012048278e+01 4.645829818953596813e-01 1.000000000000000056e-01
4.618473895582329192e+01 6.540139057477447615e-01 1.000000000000000056e-01
4.658634538152610105e+01 2.539396222862504438e-01 1.000000000000000056e-01
4.698795180722891729e+01 -3.129891497096916608e-01 1.000000000000000056e-01
4.738955823293172642e+01 -8.311732798564535063e-01 1.000000000000000056e-01
4.779116465863453556e+01 -1.401401559884730919e+00 1.000000000000000056e-01
4.819277108433735179e+01 -1.863536874174263502e+00 1.000000000000000056e-01
4.859437751004016093e+01 -1.696590701257044698e+00 1.000000000000000056e-01
4.899598393574297006e+01 -1.558644477663509109e+00 1.000000000000000056e-01
4.939759036144578630e+01 -1.015202110943058678e+00 1.000000000000000056e-01
4.979919678714859543e+01 -1.076184422398135609e+00 1.000000000000000056e-01
5.020080321285140457e+01 -8.521448126472312978e-01 1.000000000000000056e-01
5.060240963855421370e+01 -3.507695386504617319e-01 1.000000000000000056e-01
5.100401606425702994e+01 -6.097485645984392910e-01 1.000000000000000056e-01
5.140562248995983907e+01 -5.582473399835853334e-01 1.000000000000000056e-01
5.180722891566264821e+01 -8.339846878364851612e-01 1.000000000000000056e-01
5.220883534136546444e+01 -5.499033177770809022e-01 1.000000000000000056e-01
5.261044176706827358e+01 -1.482279191732439050e-01 1.000000000000000056e-01
5.301204819277108271e+01 3.792796799236350935e-01 1.000000000000000056e-01
5.341365461847389184e+01 9.693160871983390603e-01 1.000000000000000056e-01
5.381526104417670808e+01 1.558232534407818282e+00 1.000000000000000056e-01
5.421686746987951722e+01 2.088345285014435948e+00 1.000000000000000056e-01
5.461847389558232635e+01 1.962645188500589333e+00 1.000000000000000056e-01
5.502008032128514259e+01 2.109971323860003967e+00 1.000000000000000056e-01
5.542168674698795172e+01 2.031317592934560157e+00 1.000000000000000056e-01
5.582329317269076085e+01 2.267122208376944226e+00 1.000000000000000056e-01
5.622489959839357709e+01 2.263893896419716167e+00 1.000000000000000056e-01
5.662650602409638623e+01 1.960139639531500499e+00 1.000000000000000056e-01
5.702811244979919536e+01 1.825864721252974165e+00 1.000000000000000056e-01
5.742971887550200449e+01 1.640361429218431200e+00 1.000000000000000056e-01
5.783132530120482073e+01 1.415772524971737445e+00 1.000000000000000056e-01
5.823293172690762987e+01 1.322327282766268208e+00 1.000000000000000056e-01
5.863453815261043900e+01 1.463583454317068711e+00 1.000000000000000056e-01
5.903614457831325524e+01 1.209113897577297259e+00 1.000000000000000056e-01
5.943775100401606437e+01 8.798652158194411044e-01 1.000000000000000056e-01
5.983935742971887350e+01 4.222111565314669024e-01 1.000000000000000056e-01
6.024096385542168974e+01 4.632170554732780166e-01 1.000000000000000056e-01
6.064257028112449888e+01 -1.768994680038382672e-02 1.000000000000000056e-01
6.104417670682730801e+01 -4.350978534017191923e-01 1.000000000000000056e-01
6.144578313253011714e+01 -1.635627662414299299e-01 1.000000000000000056e-01
6.184738955823293338e+01 -1.604270505610217445e-01 1.000000000000000056e-01
6.224899598393574252e+01 1.911980620076105253e-01 1.000000000000000056e-01
6.265060240963855165e+01 5.168055393390517116e-01 1.000000000000000056e-01
6.305220883534136789e+01 9.005862687633637842e-01 1.000000000000000056e-01
6.345381526104417702e+01 1.391569996915774654e+00 1.000000000000000056e-01
6.385542168674698615e+01 1.699428740217905798e+00 1.000000000000000056e-01
6.425702811244980239e+01 1.921275541646878748e+00 1.000000000000000056e-01
6.465863453815261153e+01 2.081461898727228199e+00 1.000000000000000056e-01
6.506024096385542066e+01 1.907588176032100957e+00 1.000000000000000056e-01
6.546184738955822979e+01 1.808007297049253559e+00 1.000000000000000056e-01
6.586345381526103893e+01 1.027037811320640648e+00 1.000000000000000056e-01
6.626506024096384806e+01 6.201389714244538443e-01 1.000000000000000056e-01
6.666666666666667140e+01 3.998294986058766320e-01 1.000000000000000056e-01
6.706827309236948054e+01 2.722653928496187592e-01 1.000000000000000056e-01
6.746987951807228967e+01 1.568017548899697244e-01 1.000000000000000056e-01
6.787148594377509880e+01 5.434976917157000736e-02 1.000000000000000056e-01
6.827309236947790794e+01 1.443783117628798240e-01 1.000000000000000056e-01
6.867469879518071707e+01 4.544002168724470825e-01 1.000000000000000056e-01
6.907630522088354041e+01 3.428610364496531004e-01 1.000000000000000056e-01
6.947791164658634955e+01 6.630668958723471285e-01 1.000000000000000056e-01
6.987951807228915868e+01 3.872575212173525183e-01 1.000000000000000056e-01
7.028112449799196781e+01 1.322748472590951074e-01 1.000000000000000056e-01
7.068273092369477695e+01 -4.055369210570461402e-01 1.000000000000000056e-01
7.108433734939758608e+01 -7.496815413998801914e-01 1.000000000000000056e-01
7.148594377510039521e+01 -9.488589306132211298e-01 1.000000000000000056e-01
7.188755020080321856e+01 -1.206403153360018576e+00 1.000000000000000056e-01
7.228915662650602769e+01 -1.174720619286140799e+00 1.000000000000000056e-01
7.269076305220883683e+01 -9.728822477599449181e-01 1.000000000000000056e-01
7.309236947791164596e+01 -7.267304758966466327e-01 1.000000000000000056e-01
7.349397590361445509e+01 -3.901749452701466225e-01 1.000000000000000056e-01
7.389558232931726423e+01 -2.277255317941501433e-01 1.000000000000000056e-01
7.429718875502007336e+01 2.635157704397508294e-01 1.000000000000000056e-01
7.469879518072289670e+01 5.192786769246460210e-01 1.000000000000000056e-01
7.510040160642570584e+01 4.575065834219692040e-01 1.000000000000000056e-01
7.550200803212851497e+01 4.843902919583725764e-03 1.000000000000000056e-01
7.590361445783132410e+01 -4.497495519277885934e-01 1.000000000000000056e-01
7.630522088353413324e+01 -8.220622570529800832e-01 1.000000000000000056e-01
7.670682730923694237e+01 -1.251154427272016312e+00 1.000000000000000056e-01
7.710843373493975150e+01 -1.002039669875745442e+00 1.000000000000000056e-01
7.751004016064257485e+01 -5.591671992260702773e-01 1.000000000000000056e-01
7.791164658634538398e+01 -1.862902922756651813e-01 1.000000000000000056e-01
7.831325301204819311e+01 1.824967933717184798e-01 1.000000000000000056e-01
7.871485943775100225e+01 3.802502657788661145e-01 1.000000000000000056e-01
7.911646586345381138e+01 6.009745002121384960e-01 1.000000000000000056e-01
7.951807228915662051e+01 2.300920019247500448e-01 1.000000000000000056e-01
7.991967871485944386e+01 1.212461843889313523e-01 1.000000000000000056e-01
8.032128514056225299e+01 1.269982067529139558e-01 1.000000000000000056e-01
8.072289156626506212e+01 -1.365212892550133339e-01 1.000000000000000056e-01
8.112449799196787126e+01 -1.361005182622074261e-01 1.000000000000000056e-01
8.152610441767068039e+01 1.629517645017624361e-01 1.000000000000000056e-01
8.192771084337348952e+01 5.944013599628673594e-01 1.000000000000000056e-01
8.232931726907629866e+01 1.166168714791722349e+00 1.000000000000000056e-01
8.273092369477912200e+01 1.825157164796591180e+00 1.000000000000000056e-01
8.313253012048193114e+01 2.398694719480824578e+00 1.000000000000000056e-01
8.353413654618474027e+01 2.797775579755704900e+00 1.000000000000000056e-01
8.393574297188754940e+01 3.166682706964748295e+00 1.000000000000000056e-01
8.433734939759035854e+01 3.215803975839822026e+00 1.000000000000000056e-01
8.473895582329316767e+01 3.244927656993545462e+00 1.000000000000000056e-01
8.514056224899597680e+01 2.502224613111849738e+00 1.000000000000000056e-01
8.554216867469880015e+01 1.728273307212183862e+00 1.000000000000000056e-01
8.594377510040160928e+01 9.281502607636428204e-01 1.000000000000000056e-01
8.634538152610441841e+01 1.768510945484057517e-01 1.000000000000000056e-01
8.674698795180722755e+01 -5.900260024716265095e-01 1.000000000000000056e-01
8.714859437751003668e+01 -9.803608789728988082e-01 1.000000000000000056e-01
8.755020080321284581e+01 -1.200287023004533937e+00 1.000000000000000056e-01
8.795180722891566916e+01 -1.073172582913122231e+00 1.000000000000000056e-01
8.835341365461847829e+01 -8.248538801521704267e-01 1.000000000000000056e-01
8.875502008032128742e+01 -5.013833445733145711e-01 1.000000000000000056e-01
8.915662650602409656e+01 -1.366135971162646123e-01 1.000000000000000056e-01
8.955823293172690569e+01 2.154558818667572373e-01 1.000000000000000056e-01
8.995983935742971482e+01 3.274370211146229170e-01 1.000000000000000056e-01
9.036144578313252396e+01 2.721420106602007172e-03 1.000000000000000056e-01
9.076305220883534730e+01 -2.889403208612627005e-01 1.000000000000000056e-01
9.116465863453815643e+01 -7.264759745033195770e-01 1.000000000000000056e-01
9.156626506024096557e+01 -9.862326355222769125e-01 1.000000000000000056e-01
9.196787148594377470e+01 -1.181181717323965374e+00 1.000000000000000056e-01
9.236947791164658383e+01 -1.066991745767845279e+00 1.000000000000000056e-01
9.277108433734939297e+01 -1.206833746252935713e+00 1.000000000000000056e-01
9.317269076305220210e+01 -9.294517228892071881e-01 1.000000000000000056e-01
9.357429718875502545e+01 -6.298184219874198853e-01 1.000000000000000056e-01
9.397590361445783458e+01 -4.507150942090165646e-01 1.000000000000000056e-01
9.437751004016064371e+01 -3.239407976352202123e-01 1.000000000000000056e-01
9.477911646586345285e+01 -8.229465611710996831e-02 1.000000000000000056e-01
9.518072289156626198e+01 -8.851967120481488149e-02 1.000000000000000056e-01
9.558232931726907111e+01 -1.170661358079789632e-01 1.000000000000000056e-01
9.598393574297188025e+01 -2.388910442113030830e-01 1.000000000000000056e-01
9.638554216867470359e+01 5.930028293595177025e-02 1.000000000000000056e-01
9.678714859437751272e+01 3.794912759315718920e-01 1.000000000000000056e-01
9.718875502008032186e+01 6.890480757556618485e-01 1.000000000000000056e-01
9.759036144578313099e+01 1.174929757757696702e+00 1.000000000000000056e-01
9.799196787148594012e+01 1.737248590032935303e+00 1.000000000000000056e-01
9.839357429718874926e+01 1.726416231484463992e+00 1.000000000000000056e-01
9.879518072289157260e+01 1.574442626688668412e+00 1.000000000000000056e-01
9.919678714859438173e+01 1.532191985870361650e+00 1.000000000000000056e-01
9.959839357429719087e+01 1.166408560345359779e+00 1.000000000000000056e-01
1.000000000000000000e+02 9.185447460042013290e-01 1.000000000000000056e-01
