0.000000000000000000e+00 -3.787253369639618783e-01 1.000000000000000056e-01
4.016064257028112428e-01 -4.208424783197384778e-01 1.000000000000000056e-01
8.032128514056224855e-01 -6.281171372917722096e-01 1.000000000000000056e-01
1.204819277108433617e+00 -5.345341722172802790e-01 1.000000000000000056e-01
1.606425702811244971e+00 -4.808049985013478356e-01 1.000000000000000056e-01
2.008032128514056325e+00 -5.238357323722220293e-01 1.000000000000000056e-01
2.409638554216867234e+00 -7.626644836715510412e-01 1.000000000000000056e-01
2.811244979919678588e+00 -9.937961695363712877e-01 1.000000000000000056e-01
3.212851405622489942e+00 -7.275910421591736954e-01 1.000000000000000056e-01
3.614457831325301296e+00 -2.680775460238280505e-01 1.000000000000000056e-01
4.016064257028112650e+00 1.097239352628238684e-01 1.000000000000000056e-01
4.417670682730923559e+00 3.913648689109690548e-01 1.000000000000000056e-01
4.819277108433734469e+00 4.660877744069394923e-01 1.000000000000000056e-01
5.220883534136546267e+00 5.081586971689677767e-01 1.000000000000000056e-01
5.622489959839357176e+00 3.464956606574752240e-01 1.000000000000000056e-01
6.024096385542168974e+00 4.081682419133619844e-01 1.000000000000000056e-01
6.425702811244979884e+00 7.576091487111867862e-01 1.000000000000000056e-01
6.827309236947790794e+00 1.060257148939698801e+00 1.000000000000000056e-01
7.228915662650602592e+00 1.569051380845443822e+00 1.000000000000000056e-01
7.630522088353413501e+00 1.653104984392129939e+00 1.000000000000000056e-01
8.032128514056225299e+00 1.855238402957090749e+00 1.000000000000000056e-01
8.433734939759036209e+00 1.316745064740547644e+00 1.000000000000000056e-01
8.835341365461847118e+00 1.566415865250178729e+00 1.000000000000000056e-01
9.236947791164658028e+00 1.041800299832937426e+00 1.000000000000000056e-01
9.638554216867468938e+00 1.177697447519743479e+00 1.000000000000000056e-01
1.004016064257028162e+01 8.720593223116619441e-01 1.000000000000000056e-01
1.044176706827309253e+01 2.296303181091267076e-01 1.000000000000000056e-01
1.084337349397590344e+01 -2.028648588636020322e-01 1.000000000000000056e-01
1.124497991967871435e+01 -5.722504396995395926e-01 1.000000000000000056e-01
1.164658634538152526e+01 -9.362683073343351925e-01 1.000000000000000056e-01
1.204819277108433795e+01 -1.466249348235268979e+00 1.000000000000000056e-01
1.244979919678714886e+01 -1.836741824730395933e+00 1.000000000000000056e-01
1.285140562248995977e+01 -2.088435794942731683e+00 1.000000000000000056e-01
1.325301204819277068e+01 -1.891289374116210675e+00 1.000000000000000056e-01
1.365461847389558159e+01 -1.585318494210876672e+00 1.000000000000000056e-01
1.405622489959839427e+01 -1.216407076389745878e+00 1.000000000000000056e-01
1.445783132530120518e+01 -1.021620978649313560e+00 1.000000000000000056e-01
1.485943775100401609e+01 -1.094458629712380171e+00 1.000000000000000056e-01
1.526104417670682700e+01 -1.287830864956458266e+00 1.000000000000000056e-01
1.566265060240963791e+01 -1.331407828255952053e+00 1.000000000000000056e-01
1.606425702811245060e+01 -1.462345668066373117e+00 1.000000000000000056e-01
1.646586345381525973e+01 -1.349115215831980352e+00 1.000000000000000056e-01
1.686746987951807242e+01 -1.018412215053820624e+00 1.000000000000000056e-01
1.726907630522088510e+01 -1.273644099949483133e+00 1.000000000000000056e-01
1.767068273092369424e+01 -1.171839853073651350e+00 1.000000000000000056e-01
1.807228915662650692e+01 -1.068229808672029879e+00 1.000000000000000056e-01
1.847389558232931606e+01 -1.113979520058383299e+00 1.000000000000000056e-01
1.887550200803212874e+01 -1.067923586238767042e+00 1.000000000000000056e-01
1.927710843373493788e+01 -6.468373780869478562e-01 1.000000000000000056e-01
1.967871485943775056e+01 -5.494256354455689939e-01 1.000000000000000056e-01
2.008032128514056325e+01 -7.956363872325510345e-01 1.000000000000000056e-01
2.048192771084337238e+01 -1.132306735410218090e+00 1.000000000000000056e-01
2.088353413654618507e+01 -1.474995712956268745e+00 1.000000000000000056e-01
2.128514056224899420e+01 -1.689512308400005658e+00 1.000000000000000056e-01
2.168674698795180689e+01 -2.145513412508792239e+00 1.000000000000000056e-01
2.208835341365461957e+01 -2.203604736375451179e+00 1.000000000000000056e-01
2.248995983935742871e+01 -2.320752111609276636e+00 1.000000000000000056e-01
2.289156626506024139e+01 -2.071939732295225767e+00 1.000000000000000056e-01
2.329317269076305053e+01 -1.256991438295146590e+00 1.000000000000000056e-01
2.369477911646586321e+01 -7.001758754272048302e-01 1.000000000000000056e-01
2.409638554216867590e+01 -3.672904424415581182e-01 1.000000000000000056e-01
2.449799196787148503e+01 -2.638514653755879569e-01 1.000000000000000056e-01
2.489959839357429772e+01 -2.815316250912941465e-01 1.000000000000000056e-01
2.530120481927710685e+01 -9.056782566106391652e-01 1.000000000000000056e-01
2.570281124497991954e+01 -1.069187175379294308e+00 1.000000000000000056e-01
2.610441767068273222e+01 -1.580318289888432037e+00 1.000000000000000056e-01
2.650602409638554136e+01 -2.020361368591187645e+00 1.000000000000000056e-01
2.690763052208835404e+01 -2.586041267451395509e+00 1.000000000000000056e-01
2.730923694779116317e+01 -3.071028970923109114e+00 1.000000000000000056e-01
2.771084337349397586e+01 -3.125665982277675781e+00 1.000000000000000056e-01
2.811244979919678855e+01 -3.300500709813182887e+00 1.000000000000000056e-01
2.851405622489959768e+01 -3.105088642037851621e+00 1.000000000000000056e-01
2.891566265060241037e+01 -2.820733439264204279e+00 1.000000000000000056e-01
2.931726907630521950e+01 -2.556823908563306436e+00 1.000000000000000056e-01
2.971887550200803219e+01 -2.470139502791788289e+00 1.000000000000000056e-01
3.012048192771084487e+01 -2.395537510978039908e+00 1.000000000000000056e-01
3.052208835341365400e+01 -2.251881684347243340e+00 1.000000000000000056e-01
3.092369477911646669e+01 -2.352913257681929604e+00 1.000000000000000056e-01
3.132530120481927582e+01 -2.226595363926005433e+00 1.000000000000000056e-01
3.172690763052208851e+01 -1.646501690585730371e+00 1.000000000000000056e-01
3.212851405622490120e+01 -1.515016210728723500e+00 1.000000000000000056e-01
3.253012048192771033e+01 -7.276730112929461480e-01 1.000000000000000056e-01
3.293172690763051946e+01 -1.108750419618445698e-01 1.000000000000000056e-01
3.333333333333333570e+01 5.640243384066538912e-01 1.000000000000000056e-01
3.373493975903614484e+01 9.942596003355185230e-01 1.000000000000000056e-01
3.413654618473895397e+01 1.097863930055148041e+00 1.000000000000000056e-01
3.453815261044177021e+01 1.106511365049636098e+00 1.000000000000000056e-01
3.493975903614457934e+01 2.869264009480497757e-01 1.000000000000000056e-01
3.534136546184738847e+01 -3.976507299902836134e-01 1.000000000000000056e-01
3.574297188755019761e+01 -9.497011199871013831e-01 1.000000000000000056e-01
3.614457831325301385e+01 -1.507068171590507877e+00 1.000000000000000056e-01
3.654618473895582298e+01 -1.861987819293111857e+00 1.000000000000000056e-01
3.694779116465863211e+01 -1.882755889644732061e+00 1.000000000000000056e-01
3.734939759036144835e+01 -1.866621054107028499e+00 1.000000000000000056e-01
3.775100401606425748e+01 -1.925314102080488476e+00 1.000000000000000056e-01
3.815261044176706662e+01 -2.180162911115751001e+00 1.000000000000000056e-01
3.855421686746987575e+01 -1.875377336729957989e+00 1.000000000000000056e-01
3.895582329317269199e+01 -1.837351373527286613e+00 1.000000000000000056e-01
3.935742971887550112e+01 -1.533504340596089977e+00 1.000000000000000056e-01
3.975903614457831026e+01 -1.364979869438100346e+00 1.000000000000000056e-01
4.016064257028112650e+01 -9.088320735623808266e-01 1.000000000000000056e-01
4.056224899598393563e+01 -4.882921760298258862e-01 1.000000000000000056e-01
4.096385542168674476e+01 -1.037285250021105915e-01 1.000000000000000056e-01
4.136546184738956100e+01 3.011070783030931342e-01 1.000000000000000056e-01
4.176706827309237013e+01 6.794098547096252272e-01 1.000000000000000056e-01
4.216867469879517927e+01 1.290759828134936837e+00 1.000000000000000056e-01
4.257028112449798840e+01 1.737784756684501497e+00 1.000000000000000056e-01
4.297188755020080464e+01 1.800645991500365639e+00 1.000000000000000056e-01
4.337349397590361377e+01 1.809590954663237383e+00 1.000000000000000056e-01
4.377510040160642291e+01 1.421389902672098193e+00 1.000000000000000056e-01
4.417670682730923915e+01 9.169961965217729993e-01 1.000000000000000056e-01
4.457831325301204828e+01 4.468943676814771671e-01 1.000000000000000056e-01
4.497991967871485741e+01 1.361150815808118419e-01 1.000000000000000056e-01
4.538152610441767365e+01 -1.025452864914832701e-01 1.000000000000000056e-01
4.578313253012048278e+01 2.768904400326422377e-01 1.000000000000000056e-01
4.618473895582329192e+01 7.203071183657844268e-01 1.000000000000000056e-01
4.658634538152610105e+01 1.345669228423715724e+00 1.000000000000000056e-01
4.698795180722891729e+01 1.640661735774077590e+00 1.000000000000000056e-01
4.738955823293172642e+01 1.326469128435640688e+00 1.000000000000000056e-01
4.779116465863453556e+01 6.406334630791750140e-01 1.000000000000000056e-01
4.819277108433735179e+01 -5.253227693163164957e-01 1.000000000000000056e-01
4.859437751004016093e+01 -1.333434466987389211e+00 1.000000000000000056e-01
4.899598393574297006e+01 -1.375286523165860197e+00 1.000000000000000056e-01
4.939759036144578630e+01 -1.244839035808358307e+00 1.000000000000000056e-01
4.979919678714859543e+01 -5.216546991167689828e-01 1.000000000000000056e-01
5.020080321285140457e+01 3.584801365991170663e-02 1.000000000000000056e-01
5.060240963855421370e+01 3.020337655570816682e-01 1.000000000000000056e-01
5.100401606425702994e+01 7.114339907224969117e-01 1.000000000000000056e-01
5.140562248995983907e+01 4.641782818756697293e-01 1.000000000000000056e-01
5.180722891566264821e+01 4.790640030486860157e-01 1.000000000000000056e-01
5.220883534136546444e+01 6.833958151409776915e-01 1.000000000000000056e-01
5.261044176706827358e+01 4.624824547639934114e-01 1.000000000000000056e-01
5.301204819277108271e+01 -1.151501507666005120e-01 1.000000000000000056e-01
5.341365461847389184e+01 -4.687061028654754824e-01 1.000000000000000056e-01
5.381526104417670808e+01 -9.010340394485394366e-01 1.000000000000000056e-01
5.421686746987951722e+01 -1.041111046451928424e+00 1.000000000000000056e-01
5.461847389558232635e+01 -1.070227890290576633e+00 1.000000000000000056e-01
5.502008032128514259e+01 -5.254473786279704184e-01 1.000000000000000056e-01
5.542168674698795172e+01 1.791699326022161698e-01 1.000000000000000056e-01
5.582329317269076085e+01 7.657277494590011280e-01 1.000000000000000056e-01
5.622489959839357709e+01 1.420069012589495916e+00 1.000000000000000056e-01
5.662650602409638623e+01 1.796125303035671417e+00 1.000000000000000056e-01
5.702811244979919536e+01 1.599116054137059706e+00 1.000000000000000056e-01
5.742971887550200449e+01 1.171297391049150649e+00 1.000000000000000056e-01
5.783132530120482073e+01 4.322776110601950217e-01 1.000000000000000056e-01
5.823293172690762987e+01 -5.054174055520378461e-01 1.000000000000000056e-01
5.863453815261043900e+01 -1.193157332749818167e+00 1.000000000000000056e-01
5.903614457831325524e+01 -1.662387616058047968e+00 1.000000000000000056e-01
5.943775100401606437e+01 -1.735301477575285301e+00 1.000000000000000056e-01
5.983935742971887350e+01 -1.807206255747775936e+00 1.000000000000000056e-01
6.024096385542168974e+01 -1.765976729145994240e+00 1.000000000000000056e-01
6.064257028112449888e+01 -2.141519895542095320e+00 1.000000000000000056e-01
6.104417670682730801e+01 -2.250687938442669012e+00 1.000000000000000056e-01
6.144578313253011714e+01 -2.486790780070796014e+00 1.000000000000000056e-01
6.184738955823293338e+01 -2.492942024604351214e+00 1.000000000000000056e-01
6.224899598393574252e+01 -2.377084050719705299e+00 1.000000000000000056e-01
6.265060240963855165e+01 -2.096734792429606031e+00 1.000000000000000056e-01
6.305220883534136789e+01 -2.044764297377917650e+00 1.000000000000000056e-01
6.345381526104417702e+01 -1.727839935944170069e+00 1.000000000000000056e-01
6.385542168674698615e+01 -1.437730215303390402e+00 1.000000000000000056e-01
6.425702811244980239e+01 -1.589287765686819176e+00 1.000000000000000056e-01
6.465863453815261153e+01 -9.704982780814610521e-01 1.000000000000000056e-01
6.506024096385542066e+01 8.493343340334919001e-02 1.000000000000000056e-01
6.546184738955822979e+01 4.608519541007307097e-01 1.000000000000000056e-01
6.586345381526103893e+01 9.629705011999023512e-01 1.000000000000000056e-01
6.626506024096384806e+01 9.987364432259733249e-01 1.000000000000000056e-01
6.666666666666667140e+01 6.577532337807299179e-01 1.000000000000000056e-01
6.706827309236948054e+01 6.628520348862979583e-01 1.000000000000000056e-01
6.746987951807228967e+01 3.861532075202102066e-01 1.000000000000000056e-01
6.787148594377509880e+01 1.297290354160337555e-01 1.000000000000000056e-01
6.827309236947790794e+01 -2.302608694944643375e-01 1.000000000000000056e-01
6.867469879518071707e+01 -7.098384108647943780e-01 1.000000000000000056e-01
6.907630522088354041e+01 -7.799927649256839235e-01 1.000000000000000056e-01
6.947791164658634955e+01 -1.230371848951892444e+00 1.000000000000000056e-01
6.987951807228915868e+01 -1.041688690203670165e+00 1.000000000000000056e-01
7.028112449799196781e+01 -1.038332104381616716e+00 1.000000000000000056e-01
7.068273092369477695e+01 -1.029751443999631588e+00 1.000000000000000056e-01
7.108433734939758608e+01 -7.943887761819433679e-01 1.000000000000000056e-01
7.148594377510039521e+01 -1.196463587638258552e+00 1.000000000000000056e-01
7.188755020080321856e+01 -7.852109985696700267e-01 1.000000000000000056e-01
7.228915662650602769e+01 -6.920376252685188634e-01 1.000000000000000056e-01
7.269076305220883683e+01 -7.022565654566249593e-01 1.000000000000000056e-01
7.309236947791164596e+01 -9.147794923148845347e-01 1.000000000000000056e-01
7.349397590361445509e+01 -9.439874489719061179e-01 1.000000000000000056e-01
7.389558232931726423e+01 -1.055159610005349968e+00 1.000000000000000056e-01
7.429718875502007336e+01 -1.218636811931994579e+00 1.000000000000000056e-01
7.469879518072289670e+01 -1.078887619951733434e+00 1.000000000000000056e-01
7.510040160642570584e+01 -6.552627740855028193e-01 1.000000000000000056e-01
7.550200803212851497e+01 -5.083694793147649493e-01 1.000000000000000056e-01
7.590361445783132410e+01 -7.582860737272136831e-01 1.000000000000000056e-01
7.630522088353413324e+01 -9.035824819095565896e-01 1.000000000000000056e-01
7.670682730923694237e+01 -1.054132226857712462e+00 1.000000000000000056e-01
7.710843373493975150e+01 -1.526301539140919150e+00 1.000000000000000056e-01
7.751004016064257485e+01 -1.165920580556969233e+00 1.000000000000000056e-01
7.791164658634538398e+01 -1.005170214711294863e+00 1.000000000000000056e-01
7.831325301204819311e+01 -2.450577672062761447e-01 1.000000000000000056e-01
7.871485943775100225e+01 3.586003711002191952e-01 1.000000000000000056e-01
7.911646586345381138e+01 9.477468913134384776e-01 1.000000000000000056e-01
7.951807228915662051e+01 1.709956481246261317e+00 1.000000000000000056e-01
7.991967871485944386e+01 2.184818939542027660e+00 1.000000000000000056e-01
8.032128514056225299e+01 2.210605002873744507e+00 1.000000000000000056e-01
8.072289156626506212e+01 2.226943943682639482e+00 1.000000000000000056e-01
8.112449799196787126e+01 1.805498715604554993e+00 1.000000000000000056e-01
8.152610441767068039e+01 1.806842780378526969e+00 1.000000000000000056e-01
8.192771084337348952e+01 1.357275212461546587e+00 1.000000000000000056e-01
8.232931726907629866e+01 7.872080256904847584e-01 1.000000000000000056e-01
8.273092369477912200e+01 2.788376286214988009e-01 1.000000000000000056e-01
8.313253012048193114e+01 -9.158173208715367219e-02 1.000000000000000056e-01
8.353413654618474027e+01 -3.366092825196851379e-01 1.000000000000000056e-01
8.393574297188754940e+01 -2.942497784717128528e-01 1.000000000000000056e-01
8.433734939759035854e+01 -3.654163297758981077e-01 1.000000000000000056e-01
8.473895582329316767e+01 -2.326844235020813501e-01 1.000000000000000056e-01
8.514056224899597680e+01 -2.921788217210399830e-01 1.000000000000000056e-01
8.554216867469880015e+01 -4.349807200157466136e-01 1.000000000000000056e-01
8.594377510040160928e+01 -8.337608281256987386e-01 1.000000000000000056e-01
8.634538152610441841e+01 -6.584942631695688275e-01 1.000000000000000056e-01
8.674698795180722755e+01 -4.587399405600835478e-01 1.000000000000000056e-01
8.714859437751003668e+01 -1.839883146246952261e-01 1.000000000000000056e-01
8.755020080321284581e+01 3.860217637723436512e-01 1.000000000000000056e-01
8.795180722891566916e+01 7.623000392360955724e-01 1.000000000000000056e-01
8.835341365461847829e+01 9.865066687073994478e-01 1.000000000000000056e-01
8.875502008032128742e+01 1.316756925346058926e+00 1.000000000000000056e-01
8.915662650602409656e+01 1.552151196758571272e+00 1.000000000000000056e-01
8.955823293172690569e+01 1.805587412552747129e+00 1.000000000000000056e-01
8.995983935742971482e+01 1.826535926559364809e+00 1.000000000000000056e-01
9.036144578313252396e+01 1.753135642886603618e+00 1.000000000000000056e-01
9.076305220883534730e+01 1.454521285321420443e+00 1.000000000000000056e-01
9.116465863453815643e+01 1.030040353008738307e+00 1.000000000000000056e-01
9.156626506024096557e+01 9.773862707085778645e-01 1.000000000000000056e-01
9.196787148594377470e+01 5.031374806607418204e-01 1.000000000000000056e-01
9.236947791164658383e+01 5.245618358401714643e-01 1.000000000000000056e-01
9.277108433734939297e+01 4.162158710860700550e-01 1.000000000000000056e-01
9.317269076305220210e+01 4.674398740558380339e-01 1.000000000000000056e-01
9.357429718875502545e+01 7.075820080769712472e-01 1.000000000000000056e-01
9.397590361445783458e+01 7.401033492746229570e-01 1.000000000000000056e-01
9.437751004016064371e+01 7.317147779361786730e-01 1.000000000000000056e-01
9.477911646586345285e+01 7.875747889470088303e-01 1.000000000000000056e-01
9.518072289156626198e+01 8.785023186991167687e-01 1.000000000000000056e-01
9.558232931726907111e+01 7.872030869973831724e-01 1.000000000000000056e-01
9.598393574297188025e+01 7.978615478666767347e-01 1.000000000000000056e-01
9.638554216867470359e+01 5.307486050967143987e-01 1.000000000000000056e-01
9.678714859437751272e+01 6.126926856935551724e-01 1.000000000000000056e-01
9.718875502008032186e+01 4.351140097165893672e-01 1.000000000000000056e-01
9.759036144578313099e+01 2.746274287685301352e-01 1.000000000000000056e-01
9.799196787148594012e+01 2.783808870636206301e-02 1.000000000000000056e-01
9.839357429718874926e+01 -4.798074226177620472e-01 1.000000000000000056e-01
9.879518072289157260e+01 -5.740565154454958519e-01 1.000000000000000056e-01
9.919678714859438173e+01 -5.958686015923664314e-01 1.000000000000000056e-01
9.959839357429719087e+01 -5.132960549622723745e-01 1.000000000000000056e-01
1.000000000000000000e+02 -4.102051071408296945e-01 1.000000000000000056e-01
