0.000000000000000000e+00 -8.786913855571814036e-01 1.000000000000000056e-01
4.016064257028112428e-01 2.923711993639160900e-02 1.000000000000000056e-01
8.032128514056224855e-01 6.485644987581009602e-01 1.000000000000000056e-01
1.204819277108433617e+00 1.137448790499555606e+00 1.000000000000000056e-01
1.606425702811244971e+00 6.564755217723216019e-01 1.000000000000000056e-01
2.008032128514056325e+00 3.769501074298331478e-01 1.000000000000000056e-01
2.409638554216867234e+00 1.273524254000443223e-01 1.000000000000000056e-01
2.811244979919678588e+00 -1.511310016357052532e-01 1.000000000000000056e-01
3.212851405622489942e+00 -1.201235264828587113e+00 1.000000000000000056e-01
3.614457831325301296e+00 -2.476785479761485220e+00 1.000000000000000056e-01
4.016064257028112650e+00 -3.443207860235686812e+00 1.000000000000000056e-01
4.417670682730923559e+00 -3.573976372588646200e+00 1.000000000000000056e-01
4.819277108433734469e+00 -2.635601720960139893e+00 1.000000000000000056e-01
5.220883534136546267e+00 -1.379562308210736665e+00 1.000000000000000056e-01
5.622489959839357176e+00 1.624153816190677668e-01 1.000000000000000056e-01
6.024096385542168974e+00 8.661247207896206612e-01 1.000000000000000056e-01
6.425702811244979884e+00 6.807889491813267080e-01 1.000000000000000056e-01
6.827309236947790794e+00 -1.339731081743789909e-01 1.000000000000000056e-01
7.228915662650602592e+00 -5.876687108363064516e-01 1.000000000000000056e-01
7.630522088353413501e+00 -3.792313326006741536e-01 1.000000000000000056e-01
8.032128514056225299e+00 3.097741867930871029e-01 1.000000000000000056e-01
8.433734939759036209e+00 1.715629711115176592e+00 1.000000000000000056e-01
8.835341365461847118e+00 2.589916743612671102e+00 1.000000000000000056e-01
9.236947791164658028e+00 2.966871589179758573e+00 1.000000000000000056e-01
9.638554216867468938e+00 2.635230668904642304e+00 1.000000000000000056e-01
1.004016064257028162e+01 1.201429298684026925e+00 1.000000000000000056e-01
1.044176706827309253e+01 -1.176884375209881872e+00 1.000000000000000056e-01
1.084337349397590344e+01 -3.006950357176900734e+00 1.000000000000000056e-01
1.124497991967871435e+01 -4.112722925760864179e+00 1.000000000000000056e-01
1.164658634538152526e+01 -3.870250171078910117e+00 1.000000000000000056e-01
1.204819277108433795e+01 -2.946405686161811754e+00 1.000000000000000056e-01
1.244979919678714886e+01 -1.817220849667365634e+00 1.000000000000000056e-01
1.285140562248995977e+01 -4.245157974228500053e-01 1.000000000000000056e-01
1.325301204819277068e+01 8.864568552432827708e-01 1.000000000000000056e-01
1.365461847389558159e+01 2.254927301830819797e+00 1.000000000000000056e-01
1.405622489959839427e+01 3.049464964573801229e+00 1.000000000000000056e-01
1.445783132530120518e+01 2.511189114195275796e+00 1.000000000000000056e-01
1.485943775100401609e+01 2.191060882914884989e+00 1.000000000000000056e-01
1.526104417670682700e+01 1.769106805316019937e+00 1.000000000000000056e-01
1.566265060240963791e+01 2.173190794472538823e+00 1.000000000000000056e-01
1.606425702811245060e+01 2.612731692526370608e+00 1.000000000000000056e-01
1.646586345381525973e+01 2.602968018255600313e+00 1.000000000000000056e-01
1.686746987951807242e+01 2.164833427289047929e+00 1.000000000000000056e-01
1.726907630522088510e+01 9.027906180901331679e-01 1.000000000000000056e-01
1.767068273092369424e+01 -5.305349183293801563e-01 1.000000000000000056e-01
1.807228915662650692e+01 -1.892243081199115329e+00 1.000000000000000056e-01
1.847389558232931606e+01 -2.479856368905597019e+00 1.000000000000000056e-01
1.887550200803212874e+01 -2.185565245716371230e+00 1.000000000000000056e-01
1.927710843373493788e+01 -1.517806224970274620e+00 1.000000000000000056e-01
1.967871485943775056e+01 -7.321012287764645521e-01 1.000000000000000056e-01
2.008032128514056325e+01 2.491794774296139936e-01 1.000000000000000056e-01
2.048192771084337238e+01 4.136837490518734395e-01 1.000000000000000056e-01
2.088353413654618507e+01 3.029089273408319127e-01 1.000000000000000056e-01
2.128514056224899420e+01 3.191822637525416062e-01 1.000000000000000056e-01
2.168674698795180689e+01 4.822953046948270095e-01 1.000000000000000056e-01
2.208835341365461957e+01 1.919245567337875547e-01 1.000000000000000056e-01
2.248995983935742871e+01 -4.593465815268206187e-01 1.000000000000000056e-01
2.289156626506024139e+01 -5.319566923910304945e-01 1.000000000000000056e-01
2.329317269076305053e+01 -1.670549929786939169e-01 1.000000000000000056e-01
2.369477911646586321e+01 1.449354918916326562e-01 1.000000000000000056e-01
2.409638554216867590e+01 5.999013526805762053e-01 1.000000000000000056e-01
2.449799196787148503e+01 1.181742691229844766e+00 1.000000000000000056e-01
2.489959839357429772e+01 1.304572182543101366e+00 1.000000000000000056e-01
2.530120481927710685e+01 1.685830014667760945e+00 1.000000000000000056e-01
2.570281124497991954e+01 1.477223060684728750e+00 1.000000000000000056e-01
2.610441767068273222e+01 9.434999801767612881e-01 1.000000000000000056e-01
2.650602409638554136e+01 4.284762364682814795e-01 1.000000000000000056e-01
2.690763052208835404e+01 -5.168478317318116189e-02 1.000000000000000056e-01
2.730923694779116317e+01 -3.723233374723251554e-01 1.000000000000000056e-01
2.771084337349397586e+01 -5.180706879043182056e-01 1.000000000000000056e-01
2.811244979919678855e+01 -7.826983902617001831e-02 1.000000000000000056e-01
2.851405622489959768e+01 6.569509270083858654e-01 1.000000000000000056e-01
2.891566265060241037e+01 1.550704645219088906e+00 1.000000000000000056e-01
2.931726907630521950e+01 2.090071645168985359e+00 1.000000000000000056e-01
2.971887550200803219e+01 1.913539365940314152e+00 1.000000000000000056e-01
3.012048192771084487e+01 1.768511964323698615e+00 1.000000000000000056e-01
3.052208835341365400e+01 1.789606277285703539e+00 1.000000000000000056e-01
3.092369477911646669e+01 2.248776390078432996e+00 1.000000000000000056e-01
3.132530120481927582e+01 2.557292378577883163e+00 1.000000000000000056e-01
3.172690763052208851e+01 2.414537801771462266e+00 1.000000000000000056e-01
3.212851405622490120e+01 2.545053745755857300e+00 1.000000000000000056e-01
3.253012048192771033e+01 2.184479312284259400e+00 1.000000000000000056e-01
3.293172690763051946e+01 1.641242059182672408e+00 1.000000000000000056e-01
3.333333333333333570e+01 6.463913348923381319e-01 1.000000000000000056e-01
3.373493975903614484e+01 -4.874309774500585335e-01 1.000000000000000056e-01
3.413654618473895397e+01 -1.352522262658583108e+00 1.000000000000000056e-01
3.453815261044177021e+01 -2.442231536714122075e+00 1.000000000000000056e-01
3.493975903614457934e+01 -2.631655917190059313e+00 1.000000000000000056e-01
3.534136546184738847e+01 -2.478455397970130480e+00 1.000000000000000056e-01
3.574297188755019761e+01 -2.278218382196299796e+00 1.000000000000000056e-01
3.614457831325301385e+01 -2.344324845661602819e+00 1.000000000000000056e-01
3.654618473895582298e+01 -2.053320039162959354e+00 1.000000000000000056e-01
3.694779116465863211e+01 -2.504684162797391256e+00 1.000000000000000056e-01
3.734939759036144835e+01 -2.615487905628292253e+00 1.000000000000000056e-01
3.775100401606425748e+01 -2.236701502030341349e+00 1.000000000000000056e-01
3.815261044176706662e+01 -1.249296947776298072e+00 1.000000000000000056e-01
3.855421686746987575e+01 -3.166919060868101932e-01 1.000000000000000056e-01
3.895582329317269199e+01 7.048403088410257755e-01 1.000000000000000056e-01
3.935742971887550112e+01 1.137333580474788830e+00 1.000000000000000056e-01
3.975903614457831026e+01 3.124293475344946946e-01 1.000000000000000056e-01
4.016064257028112650e+01 -4.936411147328887972e-01 1.000000000000000056e-01
4.056224899598393563e+01 -1.255621333156780262e+00 1.000000000000000056e-01
4.096385542168674476e+01 -1.721807152063416613e+00 1.000000000000000056e-01
4.136546184738956100e+01 -1.620018217000952054e+00 1.000000000000000056e-01
4.176706827309237013e+01 -1.545260533351217491e+00 1.000000000000000056e-01
4.216867469879517927e+01 -1.485352081573923844e+00 1.000000000000000056e-01
4.257028112449798840e+01 -1.054449995386847583e+00 1.000000000000000056e-01
4.297188755020080464e+01 -6.837783738376068676e-01 1.000000000000000056e-01
4.337349397590361377e+01 4.605601813391864141e-01 1.000000000000000056e-01
4.377510040160642291e+01 1.464215443447724585e+00 1.000000000000000056e-01
4.417670682730923915e+01 2.359384937651553660e+00 1.000000000000000056e-01
4.457831325301204828e+01 2.852151638133399114e+00 1.000000000000000056e-01
4.497991967871485741e+01 3.099682469266449747e+00 1.000000000000000056e-01
4.538152610441767365e+01 2.286800462793334709e+00 1.000000000000000056e-01
4.578313253012048278e+01 1.345115863688553404e+00 1.000000000000000056e-01
4.618473895582329192e+01 1.163895111467869448e-01 1.000000000000000056e-01
4.658634538152610105e+01 -3.857914806664683449e-01 1.000000000000000056e-01
4.698795180722891729e+01 -1.064754840016191473e+00 1.000000000000000056e-01
4.738955823293172642e+01 -1.203473945657615340e+00 1.000000000000000056e-01
4.779116465863453556e+01 -8.901100753185523518e-01 1.000000000000000056e-01
4.819277108433735179e+01 -8.730952273049119583e-01 1.000000000000000056e-01
4.859437751004016093e+01 -6.006623464946386770e-01 1.000000000000000056e-01
4.899598393574297006e+01 -2.505636270925568065e-02 1.000000000000000056e-01
4.939759036144578630e+01 4.980186235567137243e-01 1.000000000000000056e-01
4.979919678714859543e+01 1.176791489160736059e+00 1.000000000000000056e-01
5.020080321285140457e+01 1.273213529227504859e+00 1.000000000000000056e-01
5.060240963855421370e+01 6.201695000642164501e-01 1.000000000000000056e-01
5.100401606425702994e+01 -3.159934482009097434e-01 1.000000000000000056e-01
5.140562248995983907e+01 -1.226506661873410176e+00 1.000000000000000056e-01
5.180722891566264821e+01 -2.484834739699766537e+00 1.000000000000000056e-01
5.220883534136546444e+01 -3.387868894942598796e+00 1.000000000000000056e-01
5.261044176706827358e+01 -3.035729130953381816e+00 1.000000000000000056e-01
5.301204819277108271e+01 -2.408451322626316227e+00 1.000000000000000056e-01
5.341365461847389184e+01 -1.928231165860357255e+00 1.000000000000000056e-01
5.381526104417670808e+01 -1.530942838713779786e+00 1.000000000000000056e-01
5.421686746987951722e+01 -1.066830124201059604e+00 1.000000000000000056e-01
5.461847389558232635e+01 -2.037476304558735740e-01 1.000000000000000056e-01
5.502008032128514259e+01 2.176413962121015455e-01 1.000000000000000056e-01
5.542168674698795172e+01 3.799172035325228403e-01 1.000000000000000056e-01
5.582329317269076085e+01 2.120556886505914063e-01 1.000000000000000056e-01
5.622489959839357709e+01 6.508486342027189342e-02 1.000000000000000056e-01
5.662650602409638623e+01 1.301254574166387790e-01 1.000000000000000056e-01
5.702811244979919536e+01 6.078658910319487685e-01 1.000000000000000056e-01
5.742971887550200449e+01 8.562958108448828209e-01 1.000000000000000056e-01
5.783132530120482073e+01 8.233012743747839535e-01 1.000000000000000056e-01
5.823293172690762987e+01 7.179752295427416220e-01 1.000000000000000056e-01
5.863453815261043900e+01 4.538947276615557525e-01 1.000000000000000056e-01
5.903614457831325524e+01 -8.139566196512122709e-02 1.000000000000000056e-01
5.943775100401606437e+01 -6.202301865691638438e-01 1.000000000000000056e-01
5.983935742971887350e+01 -7.446599988807011128e-01 1.000000000000000056e-01
6.024096385542168974e+01 -6.252609837893361444e-01 1.000000000000000056e-01
6.064257028112449888e+01 -1.597729804663199082e-02 1.000000000000000056e-01
6.104417670682730801e+01 -3.363590837963698066e-02 1.000000000000000056e-01
6.144578313253011714e+01 -3.636373582873568822e-01 1.000000000000000056e-01
6.184738955823293338e+01 -1.430410873461640975e+00 1.000000000000000056e-01
6.224899598393574252e+01 -2.030799715767624747e+00 1.000000000000000056e-01
6.265060240963855165e+01 -2.100529869902783453e+00 1.000000000000000056e-01
6.305220883534136789e+01 -1.288361711189932590e+00 1.000000000000000056e-01
6.345381526104417702e+01 -2.479419143031359740e-01 1.000000000000000056e-01
6.385542168674698615e+01 3.214428125101193023e-01 1.000000000000000056e-01
6.425702811244980239e+01 7.345956549541116098e-01 1.000000000000000056e-01
6.465863453815261153e+01 9.969145899359133089e-01 1.000000000000000056e-01
6.506024096385542066e+01 1.172802980248198512e+00 1.000000000000000056e-01
6.546184738955822979e+01 9.282689626540098216e-01 1.000000000000000056e-01
6.586345381526103893e+01 5.149110345820757662e-01 1.000000000000000056e-01
6.626506024096384806e+01 4.235631910525049504e-01 1.000000000000000056e-01
6.666666666666667140e+01 7.186060388448451963e-01 1.000000000000000056e-01
6.706827309236948054e+01 5.219226120385578316e-01 1.000000000000000056e-01
6.746987951807228967e+01 3.525497228271974870e-01 1.000000000000000056e-01
6.787148594377509880e+01 1.467087860242394515e-01 1.000000000000000056e-01
6.827309236947790794e+01 -5.975346873030882300e-01 1.000000000000000056e-01
6.867469879518071707e+01 -1.016440715450628529e+00 1.000000000000000056e-01
6.907630522088354041e+01 -1.085252657405147758e+00 1.000000000000000056e-01
6.947791164658634955e+01 -1.492768881334458619e+00 1.000000000000000056e-01
6.987951807228915868e+01 -1.551202199069872556e+00 1.000000000000000056e-01
7.028112449799196781e+01 -1.817718193920560443e+00 1.000000000000000056e-01
7.068273092369477695e+01 -1.815152731225310179e+00 1.000000000000000056e-01
7.108433734939758608e+01 -1.574547832845164308e+00 1.000000000000000056e-01
7.148594377510039521e+01 -1.263918349038759992e+00 1.000000000000000056e-01
7.188755020080321856e+01 -6.276697329022827843e-01 1.000000000000000056e-01
7.228915662650602769e+01 1.216494256522724915e-01 1.000000000000000056e-01
7.269076305220883683e+01 5.780522118121339537e-01 1.000000000000000056e-01
7.309236947791164596e+01 4.354610516438583434e-01 1.000000000000000056e-01
7.349397590361445509e+01 4.730320021721609591e-01 1.000000000000000056e-01
7.389558232931726423e+01 -2.728143086683798568e-01 1.000000000000000056e-01
7.429718875502007336e+01 -1.387125627961397267e+00 1.000000000000000056e-01
7.469879518072289670e+01 -1.914473743413377393e+00 1.000000000000000056e-01
7.510040160642570584e+01 -1.741718213404704230e+00 1.000000000000000056e-01
7.550200803212851497e+01 -8.909015406433001827e-01 1.000000000000000056e-01
7.590361445783132410e+01 -1.260467911941128283e-01 1.000000000000000056e-01
7.630522088353413324e+01 1.417512509606066173e-01 1.000000000000000056e-01
7.670682730923694237e+01 -1.384050473577526363e-01 1.000000000000000056e-01
7.710843373493975150e+01 -5.146744847737163564e-01 1.000000000000000056e-01
7.751004016064257485e+01 -2.824105752824180859e-01 1.000000000000000056e-01
7.791164658634538398e+01 5.465519505214677665e-01 1.000000000000000056e-01
7.831325301204819311e+01 1.246420468432511974e+00 1.000000000000000056e-01
7.871485943775100225e+01 1.329297537495432335e+00 1.000000000000000056e-01
7.911646586345381138e+01 1.340711259801776967e+00 1.000000000000000056e-01
7.951807228915662051e+01 1.166466540195294499e+00 1.000000000000000056e-01
7.991967871485944386e+01 4.090864562457747211e-01 1.000000000000000056e-01
8.032128514056225299e+01 -3.764718369610828286e-01 1.000000000000000056e-01
8.072289156626506212e+01 -1.325852445006513225e+00 1.000000000000000056e-01
8.112449799196787126e+01 -1.123292737222146620e+00 1.000000000000000056e-01
8.152610441767068039e+01 -3.864160391987859766e-01 1.000000000000000056e-01
8.192771084337348952e+01 1.119669272870811083e+00 1.000000000000000056e-01
8.232931726907629866e+01 1.656398864034089424e+00 1.000000000000000056e-01
8.273092369477912200e+01 1.925077785621442050e+00 1.000000000000000056e-01
8.313253012048193114e+01 1.421205526797522101e+00 1.000000000000000056e-01
8.353413654618474027e+01 4.049777517297739049e-01 1.000000000000000056e-01
8.393574297188754940e+01 -4.952891876078003852e-01 1.000000000000000056e-01
8.433734939759035854e+01 -1.037893319400874592e+00 1.000000000000000056e-01
8.473895582329316767e+01 -1.399417455905011209e+00 1.000000000000000056e-01
8.514056224899597680e+01 -1.589937149131422034e+00 1.000000000000000056e-01
8.554216867469880015e+01 -1.684869259210249659e+00 1.000000000000000056e-01
8.594377510040160928e+01 -2.283346552535307605e+00 1.000000000000000056e-01
8.634538152610441841e+01 -2.962048403580410216e+00 1.000000000000000056e-01
8.674698795180722755e+01 -3.033067330930689032e+00 1.000000000000000056e-01
8.714859437751003668e+01 -2.461854743483771202e+00 1.000000000000000056e-01
8.755020080321284581e+01 -1.378783501165465886e+00 1.000000000000000056e-01
8.795180722891566916e+01 -4.972748404334705885e-01 1.000000000000000056e-01
8.835341365461847829e+01 -1.877048780461564870e-01 1.000000000000000056e-01
8.875502008032128742e+01 -2.218118774756795142e-01 1.000000000000000056e-01
8.915662650602409656e+01 -1.923195506179645187e-01 1.000000000000000056e-01
8.955823293172690569e+01 1.417698464316185514e-01 1.000000000000000056e-01
8.995983935742971482e+01 -2.013697436005072727e-01 1.000000000000000056e-01
9.036144578313252396e+01 -3.801700914993906277e-01 1.000000000000000056e-01
9.076305220883534730e+01 -5.263254570968167734e-01 1.000000000000000056e-01
9.116465863453815643e+01 -3.863669683012377343e-01 1.000000000000000056e-01
9.156626506024096557e+01 -3.618366786576954763e-01 1.000000000000000056e-01
9.196787148594377470e+01 -1.982195008687297477e-01 1.000000000000000056e-01
9.236947791164658383e+01 -2.734609247484156569e-01 1.000000000000000056e-01
9.277108433734939297e+01 -2.288404051457798016e-01 1.000000000000000056e-01
9.317269076305220210e+01 2.289473681215332679e-01 1.000000000000000056e-01
9.357429718875502545e+01 6.086890146638243015e-01 1.000000000000000056e-01
9.397590361445783458e+01 8.710827850667413053e-01 1.000000000000000056e-01
9.437751004016064371e+01 8.945574791587662666e-01 1.000000000000000056e-01
9.477911646586345285e+01 6.729401537794348354e-01 1.000000000000000056e-01
9.518072289156626198e+01 3.898900915182151872e-01 1.000000000000000056e-01
9.558232931726907111e+01 4.221012977051920023e-01 1.000000000000000056e-01
9.598393574297188025e+01 8.212403182290930470e-01 1.000000000000000056e-01
9.638554216867470359e+01 1.447931143292617628e+00 1.000000000000000056e-01
9.678714859437751272e+01 2.119276080551019792e+00 1.000000000000000056e-01
9.718875502008032186e+01 2.449008499605735079e+00 1.000000000000000056e-01
9.759036144578313099e+01 3.149309783344540925e+00 1.000000000000000056e-01
9.799196787148594012e+01 3.337517084845373905e+00 1.000000000000000056e-01
9.839357429718874926e+01 2.415476459157930300e+00 1.000000000000000056e-01
9.879518072289157260e+01 7.089484472417705296e-01 1.000000000000000056e-01
9.919678714859438173e+01 -1.258750424773202203e+00 1.000000000000000056e-01
9.959839357429719087e+01 -2.403990381902564533e+00 1.000000000000000056e-01
1.000000000000000000e+02 -2.890566012907147986e+00 1.000000000000000056e-01
