0.000000000000000000e+00 -8.141732628409886763e-02 1.000000000000000056e-01
4.016064257028112428e-01 2.235038272350525212e-01 1.000000000000000056e-01
8.032128514056224855e-01 4.759141271883259861e-01 1.000000000000000056e-01
1.204819277108433617e+00 4.236149476482979903e-01 1.000000000000000056e-01
1.606425702811244971e+00 4.731955021741404144e-01 1.000000000000000056e-01
2.008032128514056325e+00 3.771586056563959732e-01 1.000000000000000056e-01
2.409638554216867234e+00 1.075552458382963705e-01 1.000000000000000056e-01
2.811244979919678588e+00 1.879434034164000900e-01 1.000000000000000056e-01
3.212851405622489942e+00 2.467726553476888574e-02 1.000000000000000056e-01
3.614457831325301296e+00 -1.484837706550090064e-01 1.000000000000000056e-01
4.016064257028112650e+00 -1.523240885240998987e-01 1.000000000000000056e-01
4.417670682730923559e+00 -6.248867731838188277e-02 1.000000000000000056e-01
4.819277108433734469e+00 5.104586489198645327e-02 1.000000000000000056e-01
5.220883534136546267e+00 3.264622896636701355e-02 1.000000000000000056e-01
5.622489959839357176e+00 -1.824373192310443093e-01 1.000000000000000056e-01
6.024096385542168974e+00 -4.587223825542929845e-01 1.000000000000000056e-01
6.425702811244979884e+00 -5.591721953260407885e-01 1.000000000000000056e-01
6.827309236947790794e+00 -7.355518326032034482e-01 1.000000000000000056e-01
7.228915662650602592e+00 -8.778842141850822234e-01 1.000000000000000056e-01
7.630522088353413501e+00 -8.574917334414601244e-01 1.000000000000000056e-01
8.032128514056225299e+00 -5.935205755725330157e-01 1.000000000000000056e-01
8.433734939759036209e+00 -4.150077029282971952e-01 1.000000000000000056e-01
8.835341365461847118e+00 -4.967965945715695220e-02 1.000000000000000056e-01
9.236947791164658028e+00 3.426164537024982137e-01 1.000000000000000056e-01
9.638554216867468938e+00 7.725765780050622977e-01 1.000000000000000056e-01
1.004016064257028162e+01 8.794396861849410607e-01 1.000000000000000056e-01
1.044176706827309253e+01 1.026172937093531745e+00 1.000000000000000056e-01
1.084337349397590344e+01 8.746686534302016147e-01 1.000000000000000056e-01
1.124497991967871435e+01 7.413601304477445142e-01 1.000000000000000056e-01
1.164658634538152526e+01 6.329861607998936712e-01 1.000000000000000056e-01
1.204819277108433795e+01 3.847653362552396761e-01 1.000000000000000056e-01
1.244979919678714886e+01 2.565976283744802466e-01 1.000000000000000056e-01
1.285140562248995977e+01 8.842802028016472082e-02 1.000000000000000056e-01
1.325301204819277068e+01 -5.087309711488016695e-02 1.000000000000000056e-01
1.365461847389558159e+01 -9.611715613484450582e-02 1.000000000000000056e-01
1.405622489959839427e+01 -3.999633334463319478e-01 1.000000000000000056e-01
1.445783132530120518e+01 -4.528902150369693569e-01 1.000000000000000056e-01
1.485943775100401609e+01 -5.536786875735543179e-01 1.000000000000000056e-01
1.526104417670682700e+01 -8.930929572304309172e-01 1.000000000000000056e-01
1.566265060240963791e+01 -8.968545630600686103e-01 1.000000000000000056e-01
1.606425702811245060e+01 -1.237655185679921610e+00 1.000000000000000056e-01
1.646586345381525973e+01 -9.323885641869654739e-01 1.000000000000000056e-01
1.686746987951807242e+01 -7.470790020378104135e-01 1.000000000000000056e-01
1.726907630522088510e+01 -5.896943500326877752e-01 1.000000000000000056e-01
1.767068273092369424e+01 -4.483504440993606455e-01 1.000000000000000056e-01
1.807228915662650692e+01 -3.303708801820346430e-01 1.000000000000000056e-01
1.847389558232931606e+01 -2.764277051438696620e-01 1.000000000000000056e-01
1.887550200803212874e+01 1.917560569790384417e-01 1.000000000000000056e-01
1.927710843373493788e+01 -2.505829544732292580e-01 1.000000000000000056e-01
1.967871485943775056e+01 8.577157464502695172e-02 1.000000000000000056e-01
2.008032128514056325e+01 2.921852308916338403e-01 1.000000000000000056e-01
2.048192771084337238e+01 1.977209583540973925e-01 1.000000000000000056e-01
2.088353413654618507e+01 1.941036046805329762e-01 1.000000000000000056e-01
2.128514056224899420e+01 4.431755487342268762e-01 1.000000000000000056e-01
2.168674698795180689e+01 7.849580873329744524e-01 1.000000000000000056e-01
2.208835341365461957e+01 1.325309801936949583e+00 1.000000000000000056e-01
2.248995983935742871e+01 1.503900476637608508e+00 1.000000000000000056e-01
2.289156626506024139e+01 1.751698214015964927e+00 1.000000000000000056e-01
2.329317269076305053e+01 1.934992187196947544e+00 1.000000000000000056e-01
2.369477911646586321e+01 1.805792412380170076e+00 1.000000000000000056e-01
2.409638554216867590e+01 1.331692472060437504e+00 1.000000000000000056e-01
2.449799196787148503e+01 8.741682863227852041e-01 1.000000000000000056e-01
2.489959839357429772e+01 5.126196796879251005e-01 1.000000000000000056e-01
2.530120481927710685e+01 -1.667645269339402270e-01 1.000000000000000056e-01
2.570281124497991954e+01 -4.014330850768075276e-01 1.000000000000000056e-01
2.610441767068273222e+01 -5.132206934533491971e-01 1.000000000000000056e-01
2.650602409638554136e+01 -6.534281749716069898e-01 1.000000000000000056e-01
2.690763052208835404e+01 -6.121671640788819424e-01 1.000000000000000056e-01
2.730923694779116317e+01 -3.231061647050804675e-01 1.000000000000000056e-01
2.771084337349397586e+01 -1.091922527157954542e-01 1.000000000000000056e-01
2.811244979919678855e+01 1.426465377536295376e-01 1.000000000000000056e-01
2.851405622489959768e+01 2.784708577330274326e-01 1.000000000000000056e-01
2.891566265060241037e+01 6.297120851516896378e-01 1.000000000000000056e-01
2.931726907630521950e+01 8.372641078811401405e-01 1.000000000000000056e-01
2.971887550200803219e+01 1.141747648491570510e+00 1.000000000000000056e-01
3.012048192771084487e+01 1.220416569424378483e+00 1.000000000000000056e-01
3.052208835341365400e+01 1.574297776662027637e+00 1.000000000000000056e-01
3.092369477911646669e+01 1.861043236507024856e+00 1.000000000000000056e-01
3.132530120481927582e+01 2.030063704353654686e+00 1.000000000000000056e-01
3.172690763052208851e+01 2.240612706344561111e+00 1.000000000000000056e-01
3.212851405622490120e+01 2.028886742388150033e+00 1.000000000000000056e-01
3.253012048192771033e+01 2.094128264934454364e+00 1.000000000000000056e-01
3.293172690763051946e+01 2.314840630135312605e+00 1.000000000000000056e-01
3.333333333333333570e+01 1.935320483955043747e+00 1.000000000000000056e-01
3.373493975903614484e+01 1.678145930416833798e+00 1.000000000000000056e-01
3.413654618473895397e+01 1.214199641649924111e+00 1.000000000000000056e-01
3.453815261044177021e+01 6.456247048197112370e-01 1.000000000000000056e-01
3.493975903614457934e+01 3.730363301765588641e-03 1.000000000000000056e-01
3.534136546184738847e+01 -4.281357373013534029e-01 1.000000000000000056e-01
3.574297188755019761e+01 -1.134834461604646849e+00 1.000000000000000056e-01
3.614457831325301385e+01 -1.162179580797793266e+00 1.000000000000000056e-01
3.654618473895582298e+01 -1.254917793059895592e+00 1.000000000000000056e-01
3.694779116465863211e+01 -8.139150444288836272e-01 1.000000000000000056e-01
3.734939759036144835e+01 -5.276299580858286875e-01 1.000000000000000056e-01
3.775100401606425748e+01 -2.617255015127734064e-01 1.000000000000000056e-01
3.815261044176706662e+01 8.648107150546931188e-02 1.000000000000000056e-01
3.855421686746987575e+01 4.296219569041651587e-01 1.000000000000000056e-01
3.895582329317269199e+01 4.685513877202558408e-01 1.000000000000000056e-01
3.935742971887550112e+01 7.705526946671544808e-01 1.000000000000000056e-01
3.975903614457831026e+01 1.034645180833370093e+00 1.000000000000000056e-01
4.016064257028112650e+01 1.052054439459086721e+00 1.000000000000000056e-01
4.056224899598393563e+01 1.117369055314820336e+00 1.000000000000000056e-01
4.096385542168674476e+01 1.109569377316846905e+00 1.000000000000000056e-01
4.136546184738956100e+01 8.525708149656526791e-01 1.000000000000000056e-01
4.176706827309237013e+01 1.243637060594664945e+00 1.000000000000000056e-01
4.216867469879517927e+01 1.334296832655492482e+00 1.000000000000000056e-01
4.257028112449798840e+01 1.478630794758295508e+00 1.000000000000000056e-01
4.297188755020080464e+01 1.525788052764688763e+00 1.000000000000000056e-01
4.337349397590361377e+01 1.338309515185219345e+00 1.000000000000000056e-01
4.377510040160642291e+01 1.342197452818348680e+00 1.000000000000000056e-01
4.417670682730923915e+01 1.409406907970823575e+00 1.000000000000000056e-01
4.457831325301204828e+01 1.629234190420721706e+00 1.000000000000000056e-01
4.497991967871485741e+01 1.485718793922617520e+00 1.000000000000000056e-01
4.538152610441767365e+01 1.649766866491562567e+00 1.000000000000000056e-01
4.578313253012048278e+01 1.891643272705587409e+00 1.000000000000000056e-01
4.618473895582329192e+01 2.011184286541791266e+00 1.000000000000000056e-01
4.658634538152610105e+01 2.311838126351184464e+00 1.000000000000000056e-01
4.698795180722891729e+01 2.353433507088036336e+00 1.000000000000000056e-01
4.738955823293172642e+01 2.307719664366148393e+00 1.000000000000000056e-01
4.779116465863453556e+01 1.967193067594394718e+00 1.000000000000000056e-01
4.819277108433735179e+01 1.495051832656674629e+00 1.000000000000000056e-01
4.859437751004016093e+01 1.277689035402761020e+00 1.000000000000000056e-01
4.899598393574297006e+01 4.491789461085087254e-01 1.000000000000000056e-01
4.939759036144578630e+01 1.596802092916461968e-01 1.000000000000000056e-01
4.979919678714859543e+01 -2.753230356400950818e-01 1.000000000000000056e-01
5.020080321285140457e+01 -5.371510904818892485e-01 1.000000000000000056e-01
5.060240963855421370e+01 -1.015722120799742223e+00 1.000000000000000056e-01
5.100401606425702994e+01 -1.230491800335825392e+00 1.000000000000000056e-01
5.140562248995983907e+01 -1.400670318290228478e+00 1.000000000000000056e-01
5.180722891566264821e+01 -1.640140453678287757e+00 1.000000000000000056e-01
5.220883534136546444e+01 -1.641576312893464173e+00 1.000000000000000056e-01
5.261044176706827358e+01 -1.612712983547433421e+00 1.000000000000000056e-01
5.301204819277108271e+01 -1.537396563519328740e+00 1.000000000000000056e-01
5.341365461847389184e+01 -1.460580937939487400e+00 1.000000000000000056e-01
5.381526104417670808e+01 -1.251976710325581665e+00 1.000000000000000056e-01
5.421686746987951722e+01 -1.235185352028140393e+00 1.000000000000000056e-01
5.461847389558232635e+01 -8.790572836312529059e-01 1.000000000000000056e-01
5.502008032128514259e+01 -7.676543983390016201e-01 1.000000000000000056e-01
5.542168674698795172e+01 -5.939565923103955480e-01 1.000000000000000056e-01
5.582329317269076085e+01 -2.229136663594268319e-01 1.000000000000000056e-01
5.622489959839357709e+01 -6.748290718763258478e-02 1.000000000000000056e-01
5.662650602409638623e+01 -1.036297501460077819e-01 1.000000000000000056e-01
5.702811244979919536e+01 -3.817840952819829270e-01 1.000000000000000056e-01
5.742971887550200449e+01 -6.043570555696963220e-01 1.000000000000000056e-01
5.783132530120482073e+01 -4.249307109383157477e-01 1.000000000000000056e-01
5.823293172690762987e+01 -5.176925006360375559e-01 1.000000000000000056e-01
5.863453815261043900e+01 -5.503867474672928806e-01 1.000000000000000056e-01
5.903614457831325524e+01 -4.352116755129117887e-01 1.000000000000000056e-01
5.943775100401606437e+01 -1.088382808832597526e-01 1.000000000000000056e-01
5.983935742971887350e+01 -2.592122118336616099e-01 1.000000000000000056e-01
6.024096385542168974e+01 -3.976873906386178548e-01 1.000000000000000056e-01
6.064257028112449888e+01 -6.677900325233606660e-01 1.000000000000000056e-01
6.104417670682730801e+01 -7.611073884735299888e-01 1.000000000000000056e-01
6.144578313253011714e+01 -6.638285611621452809e-01 1.000000000000000056e-01
6.184738955823293338e+01 -6.239513091440364034e-01 1.000000000000000056e-01
6.224899598393574252e+01 -2.534439562521952904e-01 1.000000000000000056e-01
6.265060240963855165e+01 -4.909861200736477527e-02 1.000000000000000056e-01
6.305220883534136789e+01 -6.092338667078008377e-03 1.000000000000000056e-01
6.345381526104417702e+01 -4.093475299804916201e-03 1.000000000000000056e-01
6.385542168674698615e+01 1.009848832379171418e-01 1.000000000000000056e-01
6.425702811244980239e+01 3.648375485297533638e-03 1.000000000000000056e-01
6.465863453815261153e+01 -1.038351363079532616e-02 1.000000000000000056e-01
6.506024096385542066e+01 -3.208010916259003698e-01 1.000000000000000056e-01
6.546184738955822979e+01 -5.561413380653279503e-01 1.000000000000000056e-01
6.586345381526103893e+01 -5.648059171458998939e-01 1.000000000000000056e-01
6.626506024096384806e+01 -9.682457306551137677e-01 1.000000000000000056e-01
6.666666666666667140e+01 -1.418738165923269179e+00 1.000000000000000056e-01
6.706827309236948054e+01 -1.163260472973590698e+00 1.000000000000000056e-01
6.746987951807228967e+01 -1.006987946856729987e+00 1.000000000000000056e-01
6.787148594377509880e+01 -2.885275219251763890e-01 1.000000000000000056e-01
6.827309236947790794e+01 1.685424082552677283e-01 1.000000000000000056e-01
6.867469879518071707e+01 7.588357190672393449e-01 1.000000000000000056e-01
6.907630522088354041e+01 1.163332577705753268e+00 1.000000000000000056e-01
6.947791164658634955e+01 1.604025298560281199e+00 1.000000000000000056e-01
6.987951807228915868e+01 1.643862669364699602e+00 1.000000000000000056e-01
7.028112449799196781e+01 1.612738277810972454e+00 1.000000000000000056e-01
7.068273092369477695e+01 1.809355875819255832e+00 1.000000000000000056e-01
7.108433734939758608e+01 1.810803027116711705e+00 1.000000000000000056e-01
7.148594377510039521e+01 1.493167339015946560e+00 1.000000000000000056e-01
7.188755020080321856e+01 1.771053976505066352e+00 1.000000000000000056e-01
7.228915662650602769e+01 1.564816226631656759e+00 1.000000000000000056e-01
7.269076305220883683e+01 1.707828768900320426e+00 1.000000000000000056e-01
7.309236947791164596e+01 1.820476174575386574e+00 1.000000000000000056e-01
7.349397590361445509e+01 2.064528346391152791e+00 1.000000000000000056e-01
7.389558232931726423e+01 2.017654129151968956e+00 1.000000000000000056e-01
7.429718875502007336e+01 2.402580490872440855e+00 1.000000000000000056e-01
7.469879518072289670e+01 2.087451344957048871e+00 1.000000000000000056e-01
7.510040160642570584e+01 2.107469644660466379e+00 1.000000000000000056e-01
7.550200803212851497e+01 1.735321639408881067e+00 1.000000000000000056e-01
7.590361445783132410e+01 1.279410060188328035e+00 1.000000000000000056e-01
7.630522088353413324e+01 1.117471557574337027e+00 1.000000000000000056e-01
7.670682730923694237e+01 7.896730106171003793e-01 1.000000000000000056e-01
7.710843373493975150e+01 8.887752216402872163e-01 1.000000000000000056e-01
7.751004016064257485e+01 8.802616148281614539e-01 1.000000000000000056e-01
7.791164658634538398e+01 8.073703228977821000e-01 1.000000000000000056e-01
7.831325301204819311e+01 9.427164379104430170e-01 1.000000000000000056e-01
7.871485943775100225e+01 9.712286658134191564e-01 1.000000000000000056e-01
7.911646586345381138e+01 8.839662464773673234e-01 1.000000000000000056e-01
7.951807228915662051e+01 5.609220863885365782e-01 1.000000000000000056e-01
7.991967871485944386e+01 2.323826128617371145e-01 1.000000000000000056e-01
8.032128514056225299e+01 5.136408643950620551e-02 1.000000000000000056e-01
8.072289156626506212e+01 -2.372098590287352593e-01 1.000000000000000056e-01
8.112449799196787126e+01 -6.478190879699230464e-01 1.000000000000000056e-01
8.152610441767068039e+01 -5.540617847754282232e-01 1.000000000000000056e-01
8.192771084337348952e+01 -8.768136419038807805e-01 1.000000000000000056e-01
8.232931726907629866e+01 -9.289215548772756792e-01 1.000000000000000056e-01
8.273092369477912200e+01 -8.425457135400767905e-01 1.000000000000000056e-01
8.313253012048193114e+01 -4.362666068798676244e-01 1.000000000000000056e-01
8.353413654618474027e+01 1.253392219015193876e-02 1.000000000000000056e-01
8.393574297188754940e+01 6.478262158936998194e-01 1.000000000000000056e-01
8.433734939759035854e+01 1.151835470898997293e+00 1.000000000000000056e-01
8.473895582329316767e+01 1.368173702281635817e+00 1.000000000000000056e-01
8.514056224899597680e+01 1.483311721493075996e+00 1.000000000000000056e-01
8.554216867469880015e+01 1.311310517595269953e+00 1.000000000000000056e-01
8.594377510040160928e+01 1.530359509023436759e+00 1.000000000000000056e-01
8.634538152610441841e+01 1.191392902050295799e+00 1.000000000000000056e-01
8.674698795180722755e+01 9.684743456885887003e-01 1.000000000000000056e-01
8.714859437751003668e+01 5.965641649471081776e-01 1.000000000000000056e-01
8.755020080321284581e+01 4.286041003141334294e-01 1.000000000000000056e-01
8.795180722891566916e+01 1.621312991619978661e-01 1.000000000000000056e-01
8.835341365461847829e+01 1.782361100052091973e-01 1.000000000000000056e-01
8.875502008032128742e+01 1.085072425184631373e-01 1.000000000000000056e-01
8.915662650602409656e+01 1.859585680129749452e-01 1.000000000000000056e-01
8.955823293172690569e+01 1.075997854883862931e-01 1.000000000000000056e-01
8.995983935742971482e+01 8.083526933266557690e-02 1.000000000000000056e-01
9.036144578313252396e+01 -1.333746105415642424e-02 1.000000000000000056e-01
9.076305220883534730e+01 -1.525925996667309992e-02 1.000000000000000056e-01
9.116465863453815643e+01 2.098171062073064808e-02 1.000000000000000056e-01
9.156626506024096557e+01 4.247294331756655827e-01 1.000000000000000056e-01
9.196787148594377470e+01 7.816186294627603948e-01 1.000000000000000056e-01
9.236947791164658383e+01 9.537111975528320684e-01 1.000000000000000056e-01
9.277108433734939297e+01 1.353222719452904510e+00 1.000000000000000056e-01
9.317269076305220210e+01 1.663984842814802967e+00 1.000000000000000056e-01
9.357429718875502545e+01 2.175451445767334402e+00 1.000000000000000056e-01
9.397590361445783458e+01 2.391048076949386481e+00 1.000000000000000056e-01
9.437751004016064371e+01 2.319811707523980804e+00 1.000000000000000056e-01
9.477911646586345285e+01 2.438317891248620750e+00 1.000000000000000056e-01
9.518072289156626198e+01 2.039875951454349856e+00 1.000000000000000056e-01
9.558232931726907111e+01 1.688593723703286198e+00 1.000000000000000056e-01
9.598393574297188025e+01 1.285648120760185531e+00 1.000000000000000056e-01
9.638554216867470359e+01 1.328456213618035564e+00 1.000000000000000056e-01
9.678714859437751272e+01 9.008853973626084199e-01 1.000000000000000056e-01
9.718875502008032186e+01 4.588251774862427412e-01 1.000000000000000056e-01
9.759036144578313099e+01 5.356027044886756128e-02 1.000000000000000056e-01
9.799196787148594012e+01 -2.080871729937138759e-01 1.000000000000000056e-01
9.839357429718874926e+01 -2.716730509547207739e-01 1.000000000000000056e-01
9.879518072289157260e+01 -7.698143740572740978e-02 1.000000000000000056e-01
9.919678714859438173e+01 -5.243526187573565450e-02 1.000000000000000056e-01
9.959839357429719087e+01 3.016292146104171401e-01 1.000000000000000056e-01
1.000000000000000000e+02 6.305508572560647451e-01 1.000000000000000056e-01
