0.000000000000000000e+00 -1.187781732570035942e+00 1.000000000000000056e-01
4.016064257028112428e-01 -1.365158441038379689e+00 1.000000000000000056e-01
8.032128514056224855e-01 -1.073896659955762001e+00 1.000000000000000056e-01
1.204819277108433617e+00 -8.115201991293848893e-01 1.000000000000000056e-01
1.606425702811244971e+00 -5.129554926534193315e-01 1.000000000000000056e-01
2.008032128514056325e+00 -5.017758788151038818e-01 1.000000000000000056e-01
2.409638554216867234e+00 -5.372485566878433261e-01 1.000000000000000056e-01
2.811244979919678588e+00 -2.309044044060996892e-01 1.000000000000000056e-01
3.212851405622489942e+00 -4.447566813840044264e-01 1.000000000000000056e-01
3.614457831325301296e+00 -5.369057524248608271e-01 1.000000000000000056e-01
4.016064257028112650e+00 -3.465125319593940212e-01 1.000000000000000056e-01
4.417670682730923559e+00 -2.386995670297409611e-01 1.000000000000000056e-01
4.819277108433734469e+00 -1.865826515334692570e-01 1.000000000000000056e-01
5.220883534136546267e+00 -2.793830021973541244e-01 1.000000000000000056e-01
5.622489959839357176e+00 -1.622116654212673315e-01 1.000000000000000056e-01
6.024096385542168974e+00 3.524802735735046294e-02 1.000000000000000056e-01
6.425702811244979884e+00 1.634206772963520127e-01 1.000000000000000056e-01
6.827309236947790794e+00 5.031476579930665993e-01 1.000000000000000056e-01
7.228915662650602592e+00 7.597957502653110984e-01 1.000000000000000056e-01
7.630522088353413501e+00 8.142891490907143703e-01 1.000000000000000056e-01
8.032128514056225299e+00 6.013863110892133657e-01 1.000000000000000056e-01
8.433734939759036209e+00 -7.116931682712692754e-03 1.000000000000000056e-01
8.835341365461847118e+00 -6.133913621480924228e-01 1.000000000000000056e-01
9.236947791164658028e+00 -1.259348438385303526e+00 1.000000000000000056e-01
9.638554216867468938e+00 -1.511686824680239294e+00 1.000000000000000056e-01
1.004016064257028162e+01 -1.716398369405112367e+00 1.000000000000000056e-01
1.044176706827309253e+01 -1.910143860147456074e+00 1.000000000000000056e-01
1.084337349397590344e+01 -1.567918067255553050e+00 1.000000000000000056e-01
1.124497991967871435e+01 -1.421881756852490408e+00 1.000000000000000056e-01
1.164658634538152526e+01 -1.280582294106978436e+00 1.000000000000000056e-01
1.204819277108433795e+01 -8.599430162137005063e-01 1.000000000000000056e-01
1.244979919678714886e+01 -6.679033647250629535e-01 1.000000000000000056e-01
1.285140562248995977e+01 -7.763907009608297383e-01 1.000000000000000056e-01
1.325301204819277068e+01 -7.603084763232716980e-01 1.000000000000000056e-01
1.365461847389558159e+01 -7.763020813291521272e-01 1.000000000000000056e-01
1.405622489959839427e+01 -6.203737430156597288e-01 1.000000000000000056e-01
1.445783132530120518e+01 -4.628385272479169088e-01 1.000000000000000056e-01
1.485943775100401609e+01 -2.924247663703768985e-01 1.000000000000000056e-01
1.526104417670682700e+01 -5.260314373392701581e-01 1.000000000000000056e-01
1.566265060240963791e+01 -2.554373194441829087e-01 1.000000000000000056e-01
1.606425702811245060e+01 -2.804560525841223728e-01 1.000000000000000056e-01
1.646586345381525973e+01 -5.043121838875160856e-01 1.000000000000000056e-01
1.686746987951807242e+01 -8.254736343886236449e-01 1.000000000000000056e-01
1.726907630522088510e+01 -1.222096968303647557e+00 1.000000000000000056e-01
1.767068273092369424e+01 -1.365411004503649606e+00 1.000000000000000056e-01
1.807228915662650692e+01 -1.413188303691329306e+00 1.000000000000000056e-01
1.847389558232931606e+01 -7.630117886480374256e-01 1.000000000000000056e-01
1.887550200803212874e+01 -4.129196388552371921e-01 1.000000000000000056e-01
1.927710843373493788e+01 -5.038214215549161046e-02 1.000000000000000056e-01
1.967871485943775056e+01 3.718475473433585643e-01 1.000000000000000056e-01
2.008032128514056325e+01 4.440857717591074616e-01 1.000000000000000056e-01
2.048192771084337238e+01 3.314881950118393761e-02 1.000000000000000056e-01
2.088353413654618507e+01 2.913727474495328429e-02 1.000000000000000056e-01
2.128514056224899420e+01 -3.931244704020006031e-01 1.000000000000000056e-01
2.168674698795180689e+01 -6.084751999932277444e-01 1.000000000000000056e-01
2.208835341365461957e+01 -5.323277892628850427e-01 1.000000000000000056e-01
2.248995983935742871e+01 -3.285291135186326761e-01 1.000000000000000056e-01
2.289156626506024139e+01 2.574511580552218959e-03 1.000000000000000056e-01
2.329317269076305053e+01 4.617680185993580100e-01 1.000000000000000056e-01
2.369477911646586321e+01 8.757384588815022575e-01 1.000000000000000056e-01
2.409638554216867590e+01 1.114719155512993165e+00 1.000000000000000056e-01
2.449799196787148503e+01 1.130937966972664022e+00 1.000000000000000056e-01
2.489959839357429772e+01 6.329504226068299877e-01 1.000000000000000056e-01
2.530120481927710685e+01 2.146055516642498828e-01 1.000000000000000056e-01
2.570281124497991954e+01 -1.966913361779334957e-01 1.000000000000000056e-01
2.610441767068273222e+01 -4.817363471203455760e-01 1.000000000000000056e-01
2.650602409638554136e+01 -4.994864181255736502e-01 1.000000000000000056e-01
2.690763052208835404e+01 -2.830004740574028066e-01 1.000000000000000056e-01
2.730923694779116317e+01 3.393169570064447083e-02 1.000000000000000056e-01
2.771084337349397586e+01 5.301594341376298924e-01 1.000000000000000056e-01
2.811244979919678855e+01 8.916517840397845118e-01 1.000000000000000056e-01
2.851405622489959768e+01 9.152254956766783245e-01 1.000000000000000056e-01
2.891566265060241037e+01 1.021323940253389795e+00 1.000000000000000056e-01
2.931726907630521950e+01 9.187729538787129391e-01 1.000000000000000056e-01
2.971887550200803219e+01 4.437376054387341950e-01 1.000000000000000056e-01
3.012048192771084487e+01 -1.412272496662746180e-01 1.000000000000000056e-01
3.052208835341365400e+01 -4.902211943481595835e-01 1.000000000000000056e-01
3.092369477911646669e+01 -7.377063857266585867e-01 1.000000000000000056e-01
3.132530120481927582e+01 -8.346265989653161022e-01 1.000000000000000056e-01
3.172690763052208851e+01 -6.679915540946952390e-01 1.000000000000000056e-01
3.212851405622490120e+01 -5.561791294173428213e-01 1.000000000000000056e-01
3.253012048192771033e+01 -4.427024915406524430e-02 1.000000000000000056e-01
3.293172690763051946e+01 -8.866020231805632479e-02 1.000000000000000056e-01
3.333333333333333570e+01 7.251917304929395014e-02 1.000000000000000056e-01
3.373493975903614484e+01 4.238241378643705648e-01 1.000000000000000056e-01
3.413654618473895397e+01 5.860619211859553479e-01 1.000000000000000056e-01
3.453815261044177021e+01 6.962062940205905326e-01 1.000000000000000056e-01
3.493975903614457934e+01 3.991910647813219915e-01 1.000000000000000056e-01
3.534136546184738847e+01 1.787362775381411972e-01 1.000000000000000056e-01
3.574297188755019761e+01 -3.494596768991450886e-01 1.000000000000000056e-01
3.614457831325301385e+01 -3.791212404561252747e-01 1.000000000000000056e-01
3.654618473895582298e+01 -6.271950108480106589e-01 1.000000000000000056e-01
3.694779116465863211e+01 -9.269670077330732783e-01 1.000000000000000056e-01
3.734939759036144835e+01 -1.009451963707605593e+00 1.000000000000000056e-01
3.775100401606425748e+01 -9.563198922197246876e-01 1.000000000000000056e-01
3.815261044176706662e+01 -1.118988700840921169e+00 1.000000000000000056e-01
3.855421686746987575e+01 -7.949303902899547136e-01 1.000000000000000056e-01
3.895582329317269199e+01 -4.865717784895974285e-01 1.000000000000000056e-01
3.935742971887550112e+01 -3.062337163425242481e-02 1.000000000000000056e-01
3.975903614457831026e+01 5.426637864514287646e-01 1.000000000000000056e-01
4.016064257028112650e+01 8.229961139635056933e-01 1.000000000000000056e-01
4.056224899598393563e+01 1.144960385385157542e+00 1.000000000000000056e-01
4.096385542168674476e+01 1.597838956017963996e+00 1.000000000000000056e-01
4.136546184738956100e+01 2.140871317870351564e+00 1.000000000000000056e-01
4.176706827309237013e+01 2.125024115083046450e+00 1.000000000000000056e-01
4.216867469879517927e+01 2.250915312806867963e+00 1.000000000000000056e-01
4.257028112449798840e+01 2.748466759164632567e+00 1.000000000000000056e-01
4.297188755020080464e+01 3.066006360629703664e+00 1.000000000000000056e-01
4.337349397590361377e+01 3.006389440646998867e+00 1.000000000000000056e-01
4.377510040160642291e+01 3.116063989216884433e+00 1.000000000000000056e-01
4.417670682730923915e+01 2.915371813226845354e+00 1.000000000000000056e-01
4.457831325301204828e+01 2.893923944202893228e+00 1.000000000000000056e-01
4.497991967871485741e+01 2.486669415110865700e+00 1.000000000000000056e-01
4.538152610441767365e+01 2.106551127079320906e+00 1.000000000000000056e-01
4.578313253012048278e+01 1.428003892611950265e+00 1.000000000000000056e-01
4.618473895582329192e+01 8.408472794572314779e-01 1.000000000000000056e-01
4.658634538152610105e+01 1.449133053805871374e-01 1.000000000000000056e-01
4.698795180722891729e+01 -2.769592075061610981e-01 1.000000000000000056e-01
4.738955823293172642e+01 -6.528683850255302401e-01 1.000000000000000056e-01
4.779116465863453556e+01 -6.497576807126377307e-01 1.000000000000000056e-01
4.819277108433735179e+01 -3.889292514561511482e-01 1.000000000000000056e-01
4.859437751004016093e+01 2.959487830773708250e-01 1.000000000000000056e-01
4.899598393574297006e+01 4.648784363394323771e-01 1.000000000000000056e-01
4.939759036144578630e+01 1.271286099960946547e+00 1.000000000000000056e-01
4.979919678714859543e+01 1.704245859284557962e+00 1.000000000000000056e-01
5.020080321285140457e+01 2.334747694799108597e+00 1.000000000000000056e-01
5.060240963855421370e+01 2.482969358768013279e+00 1.000000000000000056e-01
5.100401606425702994e+01 2.844790755183915554e+00 1.000000000000000056e-01
5.140562248995983907e+01 3.051061490909275697e+00 1.000000000000000056e-01
5.180722891566264821e+01 2.930677727368584673e+00 1.000000000000000056e-01
5.220883534136546444e+01 3.225021499172709305e+00 1.000000000000000056e-01
5.261044176706827358e+01 3.722321944161786078e+00 1.000000000000000056e-01
5.301204819277108271e+01 3.550031638416046853e+00 1.000000000000000056e-01
5.341365461847389184e+01 3.875052692351578454e+00 1.000000000000000056e-01
5.381526104417670808e+01 4.102176614223747464e+00 1.000000000000000056e-01
5.421686746987951722e+01 3.912395680996540559e+00 1.000000000000000056e-01
5.461847389558232635e+01 3.956511406006703702e+00 1.000000000000000056e-01
5.502008032128514259e+01 3.785517688493949873e+00 1.000000000000000056e-01
5.542168674698795172e+01 3.758019282600874256e+00 1.000000000000000056e-01
5.582329317269076085e+01 3.368795475702225151e+00 1.000000000000000056e-01
5.622489959839357709e+01 2.613006968413639886e+00 1.000000000000000056e-01
5.662650602409638623e+01 1.668086097318476124e+00 1.000000000000000056e-01
5.702811244979919536e+01 1.030078866087333012e+00 1.000000000000000056e-01
5.742971887550200449e+01 3.291587579484396286e-01 1.000000000000000056e-01
5.783132530120482073e+01 3.691661316434876466e-02 1.000000000000000056e-01
5.823293172690762987e+01 1.755572245134989773e-02 1.000000000000000056e-01
5.863453815261043900e+01 1.358099197183106899e-01 1.000000000000000056e-01
5.903614457831325524e+01 5.736080343492598876e-01 1.000000000000000056e-01
5.943775100401606437e+01 5.246408051472490897e-01 1.000000000000000056e-01
5.983935742971887350e+01 4.936389452297134106e-01 1.000000000000000056e-01
6.024096385542168974e+01 -1.164284602271994651e-01 1.000000000000000056e-01
6.064257028112449888e+01 -2.086125451326691360e-01 1.000000000000000056e-01
6.104417670682730801e+01 -4.687206828244680490e-01 1.000000000000000056e-01
6.144578313253011714e+01 -2.674655470769720100e-01 1.000000000000000056e-01
6.184738955823293338e+01 2.611918192507847181e-01 1.000000000000000056e-01
6.224899598393574252e+01 7.562325416901823916e-01 1.000000000000000056e-01
6.265060240963855165e+01 1.113017862199016106e+00 1.000000000000000056e-01
6.305220883534136789e+01 1.369180060114094655e+00 1.000000000000000056e-01
6.345381526104417702e+01 1.274382911739001756e+00 1.000000000000000056e-01
6.385542168674698615e+01 9.513438077712578211e-01 1.000000000000000056e-01
6.425702811244980239e+01 7.053855529383716849e-01 1.000000000000000056e-01
6.465863453815261153e+01 1.591977543756991631e-01 1.000000000000000056e-01
6.506024096385542066e+01 -1.575365217065599066e-01 1.000000000000000056e-01
6.546184738955822979e+01 1.129554550733760099e-01 1.000000000000000056e-01
6.586345381526103893e+01 2.186825508201465929e-01 1.000000000000000056e-01
6.626506024096384806e+01 4.712384888186705312e-01 1.000000000000000056e-01
6.666666666666667140e+01 7.693978703426602728e-01 1.000000000000000056e-01
6.706827309236948054e+01 1.011875307322852802e+00 1.000000000000000056e-01
6.746987951807228967e+01 1.135294738992783214e+00 1.000000000000000056e-01
6.787148594377509880e+01 1.276642191546529803e+00 1.000000000000000056e-01
6.827309236947790794e+01 1.253414868689986417e+00 1.000000000000000056e-01
6.867469879518071707e+01 1.002232661161906790e+00 1.000000000000000056e-01
6.907630522088354041e+01 4.327619610873046363e-01 1.000000000000000056e-01
6.947791164658634955e+01 2.136208864411582309e-01 1.000000000000000056e-01
6.987951807228915868e+01 -1.983431042147894285e-01 1.000000000000000056e-01
7.028112449799196781e+01 -1.198515043191338558e-01 1.000000000000000056e-01
7.068273092369477695e+01 -1.288007106616831654e-01 1.000000000000000056e-01
7.108433734939758608e+01 3.414759269783221862e-01 1.000000000000000056e-01
7.148594377510039521e+01 6.651871376928356616e-01 1.000000000000000056e-01
7.188755020080321856e+01 8.702068084828172845e-01 1.000000000000000056e-01
7.228915662650602769e+01 1.270383301082131933e+00 1.000000000000000056e-01
7.269076305220883683e+01 8.302285395397376311e-01 1.000000000000000056e-01
7.309236947791164596e+01 3.779702137760892477e-01 1.000000000000000056e-01
7.349397590361445509e+01 1.500648242810226352e-01 1.000000000000000056e-01
7.389558232931726423e+01 8.240154872963889598e-02 1.000000000000000056e-01
7.429718875502007336e+01 -6.283808711720194617e-01 1.000000000000000056e-01
7.469879518072289670e+01 -9.971009566463633345e-01 1.000000000000000056e-01
7.510040160642570584e+01 -1.051664479800138885e+00 1.000000000000000056e-01
7.550200803212851497e+01 -1.309233525408968424e+00 1.000000000000000056e-01
7.590361445783132410e+01 -1.544980248927183109e+00 1.000000000000000056e-01
7.630522088353413324e+01 -1.531284349146411650e+00 1.000000000000000056e-01
7.670682730923694237e+01 -1.116329177170494624e+00 1.000000000000000056e-01
7.710843373493975150e+01 -1.311893015336836887e+00 1.000000000000000056e-01
7.751004016064257485e+01 -9.852848602736322681e-01 1.000000000000000056e-01
7.791164658634538398e+01 -1.012937293783388260e+00 1.000000000000000056e-01
7.831325301204819311e+01 -7.030194030964058705e-01 1.000000000000000056e-01
7.871485943775100225e+01 -6.918738947663088945e-01 1.000000000000000056e-01
7.911646586345381138e+01 -1.628989296552550980e-01 1.000000000000000056e-01
7.951807228915662051e+01 1.073397407876010845e-01 1.000000000000000056e-01
7.991967871485944386e+01 3.255274179514668353e-01 1.000000000000000056e-01
8.032128514056225299e+01 7.082867375775470098e-01 1.000000000000000056e-01
8.072289156626506212e+01 5.897133736392683456e-01 1.000000000000000056e-01
8.112449799196787126e+01 2.125099056539792308e-01 1.000000000000000056e-01
8.152610441767068039e+01 -2.192611925797411099e-01 1.000000000000000056e-01
8.192771084337348952e+01 -5.640543629668599568e-01 1.000000000000000056e-01
8.232931726907629866e+01 -9.045499824534820599e-01 1.000000000000000056e-01
8.273092369477912200e+01 -1.247097546826842818e+00 1.000000000000000056e-01
8.313253012048193114e+01 -1.330809447529377021e+00 1.000000000000000056e-01
8.353413654618474027e+01 -1.355839630904101201e+00 1.000000000000000056e-01
8.393574297188754940e+01 -1.438546630771295520e+00 1.000000000000000056e-01
8.433734939759035854e+01 -1.195173695949323767e+00 1.000000000000000056e-01
8.473895582329316767e+01 -1.469335769500815347e+00 1.000000000000000056e-01
8.514056224899597680e+01 -1.375997648216358726e+00 1.000000000000000056e-01
8.554216867469880015e+01 -1.092538555552630353e+00 1.000000000000000056e-01
8.594377510040160928e+01 -1.020732009480731506e+00 1.000000000000000056e-01
8.634538152610441841e+01 -9.183257608323740495e-01 1.000000000000000056e-01
8.674698795180722755e+01 -1.105989007040557137e+00 1.000000000000000056e-01
8.714859437751003668e+01 -1.194394523682631437e+00 1.000000000000000056e-01
8.755020080321284581e+01 -6.851121903099197663e-01 1.000000000000000056e-01
8.795180722891566916e+01 -4.579389790837131713e-01 1.000000000000000056e-01
8.835341365461847829e+01 4.699256797261584795e-02 1.000000000000000056e-01
8.875502008032128742e+01 4.821329025512121058e-01 1.000000000000000056e-01
8.915662650602409656e+01 7.710458060644941325e-01 1.000000000000000056e-01
8.955823293172690569e+01 1.102661400546515402e+00 1.000000000000000056e-01
8.995983935742971482e+01 1.066433579824790367e+00 1.000000000000000056e-01
9.036144578313252396e+01 1.020258470184868482e+00 1.000000000000000056e-01
9.076305220883534730e+01 1.017188774499950155e+00 1.000000000000000056e-01
9.116465863453815643e+01 1.003890443474649619e+00 1.000000000000000056e-01
9.156626506024096557e+01 8.995723949175039591e-01 1.000000000000000056e-01
9.196787148594377470e+01 8.305833773166160228e-01 1.000000000000000056e-01
9.236947791164658383e+01 7.152099691485822586e-01 1.000000000000000056e-01
9.277108433734939297e+01 1.919955408218605997e-01 1.000000000000000056e-01
9.317269076305220210e+01 -8.076924763829898546e-02 1.000000000000000056e-01
9.357429718875502545e+01 -1.319329452085043763e-01 1.000000000000000056e-01
9.397590361445783458e+01 -3.079898490318025428e-01 1.000000000000000056e-01
9.437751004016064371e+01 -5.543504543871444756e-01 1.000000000000000056e-01
9.477911646586345285e+01 -7.289066021722084843e-01 1.000000000000000056e-01
9.518072289156626198e+01 -7.083932631962592819e-01 1.000000000000000056e-01
9.558232931726907111e+01 -1.012736524945312633e+00 1.000000000000000056e-01
9.598393574297188025e+01 -1.136900105232023561e+00 1.000000000000000056e-01
9.638554216867470359e+01 -1.109817528896293926e+00 1.000000000000000056e-01
9.678714859437751272e+01 -8.083727081509258783e-01 1.000000000000000056e-01
9.718875502008032186e+01 -5.433300105761237342e-01 1.000000000000000056e-01
9.759036144578313099e+01 -2.014716940903487630e-01 1.000000000000000056e-01
9.799196787148594012e+01 1.385527373941160961e-02 1.000000000000000056e-01
9.839357429718874926e+01 7.280391277735032141e-02 1.000000000000000056e-01
9.879518072289157260e+01 -2.246333319521503780e-01 1.000000000000000056e-01
9.919678714859438173e+01 -4.712204582155491428e-01 1.000000000000000056e-01
9.959839357429719087e+01 -5.464685111535925177e-01 1.000000000000000056e-01
1.000000000000000000e+02 -6.498889376997377676e-01 1.000000000000000056e-01
