0.000000000000000000e+00 1.735124019693055075e+00 1.000000000000000056e-01
4.016064257028112428e-01 1.509896974184819385e+00 1.000000000000000056e-01
8.032128514056224855e-01 1.780057758542878954e+00 1.000000000000000056e-01
1.204819277108433617e+00 1.602982761288529012e+00 1.000000000000000056e-01
1.606425702811244971e+00 1.457945245240082510e+00 1.000000000000000056e-01
2.008032128514056325e+00 9.731977915295101367e-01 1.000000000000000056e-01
2.409638554216867234e+00 9.292733042339806904e-01 1.000000000000000056e-01
2.811244979919678588e+00 7.518718142150012662e-01 1.000000000000000056e-01
3.212851405622489942e+00 5.422003062042519694e-01 1.000000000000000056e-01
3.614457831325301296e+00 8.311566461332421385e-01 1.000000000000000056e-01
4.016064257028112650e+00 8.930175516377772960e-01 1.000000000000000056e-01
4.417670682730923559e+00 1.118306745565511351e+00 1.000000000000000056e-01
4.819277108433734469e+00 1.101567401915798161e+00 1.000000000000000056e-01
5.220883534136546267e+00 9.763113380909199668e-01 1.000000000000000056e-01
5.622489959839357176e+00 6.135421633271740394e-01 1.000000000000000056e-01
6.024096385542168974e+00 2.896604776070270670e-01 1.000000000000000056e-01
6.425702811244979884e+00 -2.044396317571042787e-02 1.000000000000000056e-01
6.827309236947790794e+00 -1.580353982047833783e-01 1.000000000000000056e-01
7.228915662650602592e+00 1.984960542984056664e-01 1.000000000000000056e-01
7.630522088353413501e+00 5.133365104203477802e-01 1.000000000000000056e-01
8.032128514056225299e+00 9.728096540582003016e-01 1.000000000000000056e-01
8.433734939759036209e+00 1.209252121903460653e+00 1.000000000000000056e-01
8.835341365461847118e+00 1.496481078110977414e+00 1.000000000000000056e-01
9.236947791164658028e+00 1.124135757567034322e+00 1.000000000000000056e-01
9.638554216867468938e+00 1.154093502217530931e+00 1.000000000000000056e-01
1.004016064257028162e+01 7.702904910636223512e-01 1.000000000000000056e-01
1.044176706827309253e+01 3.376221612791024951e-02 1.000000000000000056e-01
1.084337349397590344e+01 -2.052370838833484368e-01 1.000000000000000056e-01
1.124497991967871435e+01 -3.846705418711162672e-01 1.000000000000000056e-01
1.164658634538152526e+01 -1.031046058914411256e+00 1.000000000000000056e-01
1.204819277108433795e+01 -1.610492614401546341e+00 1.000000000000000056e-01
1.244979919678714886e+01 -1.934382920303101994e+00 1.000000000000000056e-01
1.285140562248995977e+01 -1.836317092875230372e+00 1.000000000000000056e-01
1.325301204819277068e+01 -1.970942136761593577e+00 1.000000000000000056e-01
1.365461847389558159e+01 -1.655611406827301346e+00 1.000000000000000056e-01
1.405622489959839427e+01 -1.304507619526448225e+00 1.000000000000000056e-01
1.445783132530120518e+01 -9.438422139462925298e-01 1.000000000000000056e-01
1.485943775100401609e+01 -6.266890917973575448e-01 1.000000000000000056e-01
1.526104417670682700e+01 -6.353916883602346299e-01 1.000000000000000056e-01
1.566265060240963791e+01 -1.033500684802454161e-01 1.000000000000000056e-01
1.606425702811245060e+01 8.346112295813862270e-02 1.000000000000000056e-01
1.646586345381525973e+01 8.939349618532793640e-03 1.000000000000000056e-01
1.686746987951807242e+01 2.660096006756261788e-01 1.000000000000000056e-01
1.726907630522088510e+01 4.671660243021547032e-01 1.000000000000000056e-01
1.767068273092369424e+01 7.157481390461667425e-01 1.000000000000000056e-01
1.807228915662650692e+01 8.951304761115783659e-01 1.000000000000000056e-01
1.847389558232931606e+01 1.028228573216491748e+00 1.000000000000000056e-01
1.887550200803212874e+01 1.046208929126936527e+00 1.000000000000000056e-01
1.927710843373493788e+01 9.595588782500752423e-01 1.000000000000000056e-01
1.967871485943775056e+01 9.411876708787525470e-01 1.000000000000000056e-01
2.008032128514056325e+01 8.588121075577495045e-01 1.000000000000000056e-01
2.048192771084337238e+01 5.552047156791540816e-01 1.000000000000000056e-01
2.088353413654618507e+01 8.932312804945427565e-02 1.000000000000000056e-01
2.128514056224899420e+01 -3.722358672140356761e-01 1.000000000000000056e-01
2.168674698795180689e+01 -1.279286455306865244e+00 1.000000000000000056e-01
2.208835341365461957e+01 -1.782565167370549153e+00 1.000000000000000056e-01
2.248995983935742871e+01 -2.338442023969469208e+00 1.000000000000000056e-01
2.289156626506024139e+01 -2.275493437970516730e+00 1.000000000000000056e-01
2.329317269076305053e+01 -2.121050073974844352e+00 1.000000000000000056e-01
2.369477911646586321e+01 -1.481300531566092982e+00 1.000000000000000056e-01
2.409638554216867590e+01 -1.302370950058755916e+00 1.000000000000000056e-01
2.449799196787148503e+01 -8.653005654360476084e-01 1.000000000000000056e-01
2.489959839357429772e+01 -7.504223935834067882e-01 1.000000000000000056e-01
2.530120481927710685e+01 -6.094423268176888397e-01 1.000000000000000056e-01
2.570281124497991954e+01 -2.913063643355867094e-01 1.000000000000000056e-01
2.610441767068273222e+01 -7.505277124179386694e-02 1.000000000000000056e-01
2.650602409638554136e+01 -2.170343182269648952e-01 1.000000000000000056e-01
2.690763052208835404e+01 -1.033731610340576090e-01 1.000000000000000056e-01
2.730923694779116317e+01 8.962396230578448253e-02 1.000000000000000056e-01
2.771084337349397586e+01 1.135030339820064793e-01 1.000000000000000056e-01
2.811244979919678855e+01 5.909851939377258612e-02 1.000000000000000056e-01
2.851405622489959768e+01 -1.774263872212896442e-01 1.000000000000000056e-01
2.891566265060241037e+01 -2.752772943490364166e-01 1.000000000000000056e-01
2.931726907630521950e+01 -3.482171586852670919e-01 1.000000000000000056e-01
2.971887550200803219e+01 -3.038879799669465531e-01 1.000000000000000056e-01
3.012048192771084487e+01 -4.612012170170843306e-01 1.000000000000000056e-01
3.052208835341365400e+01 -5.679117092746321926e-01 1.000000000000000056e-01
3.092369477911646669e+01 -1.095019082625304563e+00 1.000000000000000056e-01
3.132530120481927582e+01 -1.345252028734407412e+00 1.000000000000000056e-01
3.172690763052208851e+01 -1.603913170402382127e+00 1.000000000000000056e-01
3.212851405622490120e+01 -1.825098949146692018e+00 1.000000000000000056e-01
3.253012048192771033e+01 -1.859299223041461779e+00 1.000000000000000056e-01
3.293172690763051946e+01 -1.730022719162195965e+00 1.000000000000000056e-01
3.333333333333333570e+01 -1.572172926209515653e+00 1.000000000000000056e-01
3.373493975903614484e+01 -1.432873755486266276e+00 1.000000000000000056e-01
3.413654618473895397e+01 -1.182427014003843313e+00 1.000000000000000056e-01
3.453815261044177021e+01 -1.316592320531146054e+00 1.000000000000000056e-01
3.493975903614457934e+01 -1.363083387688277748e+00 1.000000000000000056e-01
3.534136546184738847e+01 -1.527108658254129558e+00 1.000000000000000056e-01
3.574297188755019761e+01 -1.571537851815739018e+00 1.000000000000000056e-01
3.614457831325301385e+01 -1.713071796705490257e+00 1.000000000000000056e-01
3.654618473895582298e+01 -1.591161133254739735e+00 1.000000000000000056e-01
3.694779116465863211e+01 -1.313411217943793563e+00 1.000000000000000056e-01
3.734939759036144835e+01 -9.121276702100121758e-01 1.000000000000000056e-01
3.775100401606425748e+01 -8.734392769354142327e-01 1.000000000000000056e-01
3.815261044176706662e+01 -7.318306213848048136e-01 1.000000000000000056e-01
3.855421686746987575e+01 -7.486273719690761386e-01 1.000000000000000056e-01
3.895582329317269199e+01 -5.109153323438522243e-01 1.000000000000000056e-01
3.935742971887550112e+01 -4.398970437680360668e-01 1.000000000000000056e-01
3.975903614457831026e+01 -1.880346427179501734e-01 1.000000000000000056e-01
4.016064257028112650e+01 8.264987613615600026e-02 1.000000000000000056e-01
4.056224899598393563e+01 4.182906717458222956e-01 1.000000000000000056e-01
4.096385542168674476e+01 6.732076911872585390e-01 1.000000000000000056e-01
4.136546184738956100e+01 5.924098489995355266e-01 1.000000000000000056e-01
4.176706827309237013e+01 8.862280189642463002e-01 1.000000000000000056e-01
4.216867469879517927e+01 1.225855918291459901e+00 1.000000000000000056e-01
4.257028112449798840e+01 1.419355115326869976e+00 1.000000000000000056e-01
4.297188755020080464e+01 1.197932246579819893e+00 1.000000000000000056e-01
4.337349397590361377e+01 9.558413970240167146e-01 1.000000000000000056e-01
4.377510040160642291e+01 6.023112777618653269e-01 1.000000000000000056e-01
4.417670682730923915e+01 1.593916992180385850e-01 1.000000000000000056e-01
4.457831325301204828e+01 -4.131182736073678030e-01 1.000000000000000056e-01
4.497991967871485741e+01 -1.150778781290626274e+00 1.000000000000000056e-01
4.538152610441767365e+01 -1.704974658006676025e+00 1.000000000000000056e-01
4.578313253012048278e+01 -1.791275428862887598e+00 1.000000000000000056e-01
4.618473895582329192e+01 -2.188820260452192912e+00 1.000000000000000056e-01
4.658634538152610105e+01 -2.478940731000537134e+00 1.000000000000000056e-01
4.698795180722891729e+01 -2.150438126344240253e+00 1.000000000000000056e-01
4.738955823293172642e+01 -2.222888040859890779e+00 1.000000000000000056e-01
4.779116465863453556e+01 -2.249832797422931296e+00 1.000000000000000056e-01
4.819277108433735179e+01 -1.720732543262614822e+00 1.000000000000000056e-01
4.859437751004016093e+01 -1.431757049648815006e+00 1.000000000000000056e-01
4.899598393574297006e+01 -8.849680622222800830e-01 1.000000000000000056e-01
4.939759036144578630e+01 -2.449306108171877827e-01 1.000000000000000056e-01
4.979919678714859543e+01 1.995038653512698490e-01 1.000000000000000056e-01
5.020080321285140457e+01 9.525943587454656081e-01 1.000000000000000056e-01
5.060240963855421370e+01 1.214553313261858669e+00 1.000000000000000056e-01
5.100401606425702994e+01 1.702897640128148371e+00 1.000000000000000056e-01
5.140562248995983907e+01 1.984653873829961501e+00 1.000000000000000056e-01
5.180722891566264821e+01 2.260731219108113255e+00 1.000000000000000056e-01
5.220883534136546444e+01 2.207031608915487109e+00 1.000000000000000056e-01
5.261044176706827358e+01 2.066114734065421565e+00 1.000000000000000056e-01
5.301204819277108271e+01 1.727992219051329270e+00 1.000000000000000056e-01
5.341365461847389184e+01 1.119848635592384012e+00 1.000000000000000056e-01
5.381526104417670808e+01 9.910784648891315385e-01 1.000000000000000056e-01
5.421686746987951722e+01 4.645066772523227527e-01 1.000000000000000056e-01
5.461847389558232635e+01 4.069582117668597565e-01 1.000000000000000056e-01
5.502008032128514259e+01 6.410130517698632291e-01 1.000000000000000056e-01
5.542168674698795172e+01 9.851804808626967169e-01 1.000000000000000056e-01
5.582329317269076085e+01 1.060023939717579688e+00 1.000000000000000056e-01
5.622489959839357709e+01 1.100453626172164245e+00 1.000000000000000056e-01
5.662650602409638623e+01 9.162880454946928932e-01 1.000000000000000056e-01
5.702811244979919536e+01 4.692201231751166324e-01 1.000000000000000056e-01
5.742971887550200449e+01 2.715693757092130234e-01 1.000000000000000056e-01
5.783132530120482073e+01 1.930902311073600108e-01 1.000000000000000056e-01
5.823293172690762987e+01 4.836256668524008817e-01 1.000000000000000056e-01
5.863453815261043900e+01 1.305326938896967659e-01 1.000000000000000056e-01
5.903614457831325524e+01 2.310932156798929937e-01 1.000000000000000056e-01
5.943775100401606437e+01 1.472024449684917191e-01 1.000000000000000056e-01
5.983935742971887350e+01 -1.208782955742874893e-01 1.000000000000000056e-01
6.024096385542168974e+01 -2.432606448308428648e-01 1.000000000000000056e-01
6.064257028112449888e+01 5.142751403273697342e-02 1.000000000000000056e-01
6.104417670682730801e+01 3.695182179903532260e-01 1.000000000000000056e-01
6.144578313253011714e+01 7.936608460651525254e-01 1.000000000000000056e-01
6.184738955823293338e+01 1.202795140678715402e+00 1.000000000000000056e-01
6.224899598393574252e+01 1.263700141131506083e+00 1.000000000000000056e-01
6.265060240963855165e+01 1.049787163271263646e+00 1.000000000000000056e-01
6.305220883534136789e+01 8.343504039853075760e-01 1.000000000000000056e-01
6.345381526104417702e+01 6.621409994217832828e-01 1.000000000000000056e-01
6.385542168674698615e+01 7.702403233290351370e-01 1.000000000000000056e-01
6.425702811244980239e+01 1.113724325939397852e+00 1.000000000000000056e-01
6.465863453815261153e+01 1.609122374993794846e+00 1.000000000000000056e-01
6.506024096385542066e+01 1.967640029506941834e+00 1.000000000000000056e-01
6.546184738955822979e+01 2.147949532839675602e+00 1.000000000000000056e-01
6.586345381526103893e+01 2.163328931565356328e+00 1.000000000000000056e-01
6.626506024096384806e+01 1.926475806880822761e+00 1.000000000000000056e-01
6.666666666666667140e+01 1.381213361844586762e+00 1.000000000000000056e-01
6.706827309236948054e+01 9.116464722359891582e-01 1.000000000000000056e-01
6.746987951807228967e+01 5.098562534542011582e-01 1.000000000000000056e-01
6.787148594377509880e+01 2.840878898917600370e-01 1.000000000000000056e-01
6.827309236947790794e+01 5.437905613336566080e-02 1.000000000000000056e-01
6.867469879518071707e+01 -4.178574922540714276e-01 1.000000000000000056e-01
6.907630522088354041e+01 -4.145963977476339601e-01 1.000000000000000056e-01
6.947791164658634955e+01 -4.176845630488399408e-01 1.000000000000000056e-01
6.987951807228915868e+01 -1.839179969555432836e-01 1.000000000000000056e-01
7.028112449799196781e+01 2.441658396308411805e-01 1.000000000000000056e-01
7.068273092369477695e+01 5.351856821471540071e-01 1.000000000000000056e-01
7.108433734939758608e+01 1.399454968864717097e+00 1.000000000000000056e-01
7.148594377510039521e+01 1.600014199159432993e+00 1.000000000000000056e-01
7.188755020080321856e+01 1.695115907311034009e+00 1.000000000000000056e-01
7.228915662650602769e+01 1.562344728189331455e+00 1.000000000000000056e-01
7.269076305220883683e+01 1.569713652573654805e+00 1.000000000000000056e-01
7.309236947791164596e+01 1.349601383784071684e+00 1.000000000000000056e-01
7.349397590361445509e+01 1.254211867836402705e+00 1.000000000000000056e-01
7.389558232931726423e+01 9.190018380151111499e-01 1.000000000000000056e-01
7.429718875502007336e+01 5.225403968108670583e-01 1.000000000000000056e-01
7.469879518072289670e+01 5.898590924399015334e-01 1.000000000000000056e-01
7.510040160642570584e+01 3.276474586817127443e-01 1.000000000000000056e-01
7.550200803212851497e+01 1.512942743297082393e-01 1.000000000000000056e-01
7.590361445783132410e+01 8.040715813881563201e-02 1.000000000000000056e-01
7.630522088353413324e+01 2.859948525011928866e-01 1.000000000000000056e-01
7.670682730923694237e+01 2.345118258028099090e-01 1.000000000000000056e-01
7.710843373493975150e+01 6.265974452290713759e-02 1.000000000000000056e-01
7.751004016064257485e+01 1.564045992441818328e-02 1.000000000000000056e-01
7.791164658634538398e+01 -1.878980303538868024e-01 1.000000000000000056e-01
7.831325301204819311e+01 7.934002117056165870e-03 1.000000000000000056e-01
7.871485943775100225e+01 1.000814459673835949e-01 1.000000000000000056e-01
7.911646586345381138e+01 8.027807354731756329e-01 1.000000000000000056e-01
7.951807228915662051e+01 8.973167141063967955e-01 1.000000000000000056e-01
7.991967871485944386e+01 1.431094447568919570e+00 1.000000000000000056e-01
8.032128514056225299e+01 1.477559782214949324e+00 1.000000000000000056e-01
8.072289156626506212e+01 1.439362263154804866e+00 1.000000000000000056e-01
8.112449799196787126e+01 1.500832119788138908e+00 1.000000000000000056e-01
8.152610441767068039e+01 1.131105437356520582e+00 1.000000000000000056e-01
8.192771084337348952e+01 1.119585101570756303e+00 1.000000000000000056e-01
8.232931726907629866e+01 9.178289728648462154e-01 1.000000000000000056e-01
8.273092369477912200e+01 5.538327522736109509e-01 1.000000000000000056e-01
8.313253012048193114e+01 1.941965985732886923e-01 1.000000000000000056e-01
8.353413654618474027e+01 -2.546140411868891285e-01 1.000000000000000056e-01
8.393574297188754940e+01 -8.271351502076276230e-01 1.000000000000000056e-01
8.433734939759035854e+01 -1.188228362099436719e+00 1.000000000000000056e-01
8.473895582329316767e+01 -1.361125762105686254e+00 1.000000000000000056e-01
8.514056224899597680e+01 -1.273896582776033570e+00 1.000000000000000056e-01
8.554216867469880015e+01 -1.229895223123864012e+00 1.000000000000000056e-01
8.594377510040160928e+01 -1.038633389238328597e+00 1.000000000000000056e-01
8.634538152610441841e+01 -7.657808553736608070e-01 1.000000000000000056e-01
8.674698795180722755e+01 -6.886163933264595194e-01 1.000000000000000056e-01
8.714859437751003668e+01 -2.843442294627156475e-01 1.000000000000000056e-01
8.755020080321284581e+01 1.283794399927885577e-01 1.000000000000000056e-01
8.795180722891566916e+01 6.158370513295667870e-01 1.000000000000000056e-01
8.835341365461847829e+01 1.043020149066727020e+00 1.000000000000000056e-01
8.875502008032128742e+01 1.882161057440246088e+00 1.000000000000000056e-01
8.915662650602409656e+01 2.081045901322074787e+00 1.000000000000000056e-01
8.955823293172690569e+01 2.490980017826970538e+00 1.000000000000000056e-01
8.995983935742971482e+01 2.633162107292075227e+00 1.000000000000000056e-01
9.036144578313252396e+01 2.449330559745162450e+00 1.000000000000000056e-01
9.076305220883534730e+01 2.747587867607266254e+00 1.000000000000000056e-01
9.116465863453815643e+01 2.500621592939784144e+00 1.000000000000000056e-01
9.156626506024096557e+01 2.398694509536761998e+00 1.000000000000000056e-01
9.196787148594377470e+01 2.110344658508153337e+00 1.000000000000000056e-01
9.236947791164658383e+01 2.090526398410544218e+00 1.000000000000000056e-01
9.277108433734939297e+01 1.781483680525213442e+00 1.000000000000000056e-01
9.317269076305220210e+01 1.544208287146920489e+00 1.000000000000000056e-01
9.357429718875502545e+01 1.178748231528848001e+00 1.000000000000000056e-01
9.397590361445783458e+01 6.732644711419247807e-01 1.000000000000000056e-01
9.437751004016064371e+01 6.163534714991876218e-01 1.000000000000000056e-01
9.477911646586345285e+01 4.342371230811056804e-01 1.000000000000000056e-01
9.518072289156626198e+01 4.725786084041416757e-01 1.000000000000000056e-01
9.558232931726907111e+01 1.352585448626016651e-01 1.000000000000000056e-01
9.598393574297188025e+01 -5.849289887297647039e-02 1.000000000000000056e-01
9.638554216867470359e+01 -9.364908844117958431e-02 1.000000000000000056e-01
9.678714859437751272e+01 2.109888613893022222e-02 1.000000000000000056e-01
9.718875502008032186e+01 2.402331314123430372e-01 1.000000000000000056e-01
9.759036144578313099e+01 7.739889379924397295e-01 1.000000000000000056e-01
9.799196787148594012e+01 1.206767950883851359e+00 1.000000000000000056e-01
9.839357429718874926e+01 1.667750944256486179e+00 1.000000000000000056e-01
9.879518072289157260e+01 1.985093498788970123e+00 1.000000000000000056e-01
9.919678714859438173e+01 1.854583848164414572e+00 1.000000000000000056e-01
9.959839357429719087e+01 1.976215379381351722e+00 1.000000000000000056e-01
1.000000000000000000e+02 1.937908098524587119e+00 1.000000000000000056e-01
