0.000000000000000000e+00 -1.135542703051551472e+00 1.000000000000000056e-01
4.016064257028112428e-01 -5.271979302462346251e-01 1.000000000000000056e-01
8.032128514056224855e-01 -1.899381729275105846e-01 1.000000000000000056e-01
1.204819277108433617e+00 7.732324204157836611e-02 1.000000000000000056e-01
1.606425702811244971e+00 2.424185824109047205e-01 1.000000000000000056e-01
2.008032128514056325e+00 4.531051181255127958e-01 1.000000000000000056e-01
2.409638554216867234e+00 3.621092763569221384e-01 1.000000000000000056e-01
2.811244979919678588e+00 4.481224464956191644e-01 1.000000000000000056e-01
3.212851405622489942e+00 2.937821441221085128e-01 1.000000000000000056e-01
3.614457831325301296e+00 8.851768754678920881e-02 1.000000000000000056e-01
4.016064257028112650e+00 -1.818330507255086492e-02 1.000000000000000056e-01
4.417670682730923559e+00 4.147828644702306056e-02 1.000000000000000056e-01
4.819277108433734469e+00 -9.973124469997737829e-02 1.000000000000000056e-01
5.220883534136546267e+00 1.767119459916609570e-01 1.000000000000000056e-01
5.622489959839357176e+00 6.883492788981373511e-01 1.000000000000000056e-01
6.024096385542168974e+00 8.841342124821045534e-01 1.000000000000000056e-01
6.425702811244979884e+00 1.223317035913958462e+00 1.000000000000000056e-01
6.827309236947790794e+00 1.412094273124328447e+00 1.000000000000000056e-01
7.228915662650602592e+00 1.684437087987688209e+00 1.000000000000000056e-01
7.630522088353413501e+00 1.465910209802231412e+00 1.000000000000000056e-01
8.032128514056225299e+00 1.286584576553372328e+00 1.000000000000000056e-01
8.433734939759036209e+00 8.164651412365565575e-01 1.000000000000000056e-01
8.835341365461847118e+00 8.958852238620843567e-01 1.000000000000000056e-01
9.236947791164658028e+00 4.538350608025497057e-01 1.000000000000000056e-01
9.638554216867468938e+00 1.019336857020015225e-01 1.000000000000000056e-01
1.004016064257028162e+01 -4.817011171258347990e-02 1.000000000000000056e-01
1.044176706827309253e+01 -3.099006091525624562e-01 1.000000000000000056e-01
1.084337349397590344e+01 -3.479302921306108853e-01 1.000000000000000056e-01
1.124497991967871435e+01 -5.668897310899316810e-01 1.000000000000000056e-01
1.164658634538152526e+01 -5.112210048802948714e-01 1.000000000000000056e-01
1.204819277108433795e+01 -8.575690806966522750e-01 1.000000000000000056e-01
1.244979919678714886e+01 -9.179154476876898450e-01 1.000000000000000056e-01
1.285140562248995977e+01 -8.210070447563105889e-01 1.000000000000000056e-01
1.325301204819277068e+01 -8.341065721370076735e-01 1.000000000000000056e-01
1.365461847389558159e+01 -6.094491493397288240e-01 1.000000000000000056e-01
1.405622489959839427e+01 -5.621677463790251128e-01 1.000000000000000056e-01
1.445783132530120518e+01 5.629144780652461932e-03 1.000000000000000056e-01
1.485943775100401609e+01 3.246076776605935077e-01 1.000000000000000056e-01
1.526104417670682700e+01 8.728993437172714032e-01 1.000000000000000056e-01
1.566265060240963791e+01 1.115358205718710360e+00 1.000000000000000056e-01
1.606425702811245060e+01 1.294672525112362971e+00 1.000000000000000056e-01
1.646586345381525973e+01 1.319125409219337408e+00 1.000000000000000056e-01
1.686746987951807242e+01 1.184389288117389638e+00 1.000000000000000056e-01
1.726907630522088510e+01 1.180124587651529833e+00 1.000000000000000056e-01
1.767068273092369424e+01 9.728575793288581908e-01 1.000000000000000056e-01
1.807228915662650692e+01 8.290712473390829951e-01 1.000000000000000056e-01
1.847389558232931606e+01 9.629872382142163900e-01 1.000000000000000056e-01
1.887550200803212874e+01 8.741016211491537957e-01 1.000000000000000056e-01
1.927710843373493788e+01 6.724099056581520628e-01 1.000000000000000056e-01
1.967871485943775056e+01 3.913710130404177145e-01 1.000000000000000056e-01
2.008032128514056325e+01 1.201418305579814716e-01 1.000000000000000056e-01
2.048192771084337238e+01 -1.571917062833804168e-01 1.000000000000000056e-01
2.088353413654618507e+01 -4.205045546243073584e-01 1.000000000000000056e-01
2.128514056224899420e+01 -6.230305729797445125e-01 1.000000000000000056e-01
2.168674698795180689e+01 -8.194296490934737109e-01 1.000000000000000056e-01
2.208835341365461957e+01 -1.080551363693649458e+00 1.000000000000000056e-01
2.248995983935742871e+01 -1.292629228984728096e+00 1.000000000000000056e-01
2.289156626506024139e+01 -1.481259073533256254e+00 1.000000000000000056e-01
2.329317269076305053e+01 -1.669279094570925714e+00 1.000000000000000056e-01
2.369477911646586321e+01 -1.686074607183704277e+00 1.000000000000000056e-01
2.409638554216867590e+01 -1.596189364794251997e+00 1.000000000000000056e-01
2.449799196787148503e+01 -1.681012615600489646e+00 1.000000000000000056e-01
2.489959839357429772e+01 -1.318363724028610795e+00 1.000000000000000056e-01
2.530120481927710685e+01 -1.176808946181618465e+00 1.000000000000000056e-01
2.570281124497991954e+01 -8.148118576066432084e-01 1.000000000000000056e-01
2.610441767068273222e+01 -7.057494052282379249e-01 1.000000000000000056e-01
2.650602409638554136e+01 -2.981842034262428554e-01 1.000000000000000056e-01
2.690763052208835404e+01 1.377972648871850225e-03 1.000000000000000056e-01
2.730923694779116317e+01 5.166449975103626358e-02 1.000000000000000056e-01
2.771084337349397586e+01 2.034506863370258434e-01 1.000000000000000056e-01
2.811244979919678855e+01 6.490672322604371658e-01 1.000000000000000056e-01
2.851405622489959768e+01 7.619389089490095079e-01 1.000000000000000056e-01
2.891566265060241037e+01 9.820085287174156186e-01 1.000000000000000056e-01
2.931726907630521950e+01 1.062496867792836364e+00 1.000000000000000056e-01
2.971887550200803219e+01 9.125987836334615855e-01 1.000000000000000056e-01
3.012048192771084487e+01 1.296654281399454822e+00 1.000000000000000056e-01
3.052208835341365400e+01 1.247663171538417881e+00 1.000000000000000056e-01
3.092369477911646669e+01 1.400149538523069559e+00 1.000000000000000056e-01
3.132530120481927582e+01 1.394693205493428012e+00 1.000000000000000056e-01
3.172690763052208851e+01 1.319691647071424834e+00 1.000000000000000056e-01
3.212851405622490120e+01 1.144074508021525549e+00 1.000000000000000056e-01
3.253012048192771033e+01 8.674535407873907866e-01 1.000000000000000056e-01
3.293172690763051946e+01 4.940315804897716379e-01 1.000000000000000056e-01
3.333333333333333570e+01 1.447313425531124298e-01 1.000000000000000056e-01
3.373493975903614484e+01 -2.147602693656400497e-01 1.000000000000000056e-01
3.413654618473895397e+01 -7.076917205310797598e-01 1.000000000000000056e-01
3.453815261044177021e+01 -1.253442316657213951e+00 1.000000000000000056e-01
3.493975903614457934e+01 -1.367013008272150998e+00 1.000000000000000056e-01
3.534136546184738847e+01 -1.902021949508500009e+00 1.000000000000000056e-01
3.574297188755019761e+01 -1.916244199842088269e+00 1.000000000000000056e-01
3.614457831325301385e+01 -1.754980488175591269e+00 1.000000000000000056e-01
3.654618473895582298e+01 -1.631415084336792276e+00 1.000000000000000056e-01
3.694779116465863211e+01 -1.474745728696092995e+00 1.000000000000000056e-01
3.734939759036144835e+01 -8.540493405093952939e-01 1.000000000000000056e-01
3.775100401606425748e+01 -6.736315696412895626e-01 1.000000000000000056e-01
3.815261044176706662e+01 -3.139211086435940434e-02 1.000000000000000056e-01
3.855421686746987575e+01 3.648822747033924618e-01 1.000000000000000056e-01
3.895582329317269199e+01 4.710536269514716268e-01 1.000000000000000056e-01
3.935742971887550112e+01 5.329307801576074199e-01 1.000000000000000056e-01
3.975903614457831026e+01 4.777600102210692867e-01 1.000000000000000056e-01
4.016064257028112650e+01 2.538900413601966055e-01 1.000000000000000056e-01
4.056224899598393563e+01 5.092436475994784051e-02 1.000000000000000056e-01
4.096385542168674476e+01 7.432523695710113731e-02 1.000000000000000056e-01
4.136546184738956100e+01 -3.367788231035932500e-01 1.000000000000000056e-01
4.176706827309237013e+01 -3.977202625231875954e-01 1.000000000000000056e-01
4.216867469879517927e+01 -3.800999259482045756e-01 1.000000000000000056e-01
4.257028112449798840e+01 -5.392486953127173521e-01 1.000000000000000056e-01
4.297188755020080464e+01 -6.848662524156675646e-01 1.000000000000000056e-01
4.337349397590361377e+01 -9.523986695280025616e-01 1.000000000000000056e-01
4.377510040160642291e+01 -9.606931444054102043e-01 1.000000000000000056e-01
4.417670682730923915e+01 -1.220920436998723657e+00 1.000000000000000056e-01
4.457831325301204828e+01 -1.375807065447046451e+00 1.000000000000000056e-01
4.497991967871485741e+01 -1.664428443870591412e+00 1.000000000000000056e-01
4.538152610441767365e+01 -1.937109697580940759e+00 1.000000000000000056e-01
4.578313253012048278e+01 -2.034264056876077031e+00 1.000000000000000056e-01
4.618473895582329192e+01 -2.272603798257339935e+00 1.000000000000000056e-01
4.658634538152610105e+01 -2.419604471950334013e+00 1.000000000000000056e-01
4.698795180722891729e+01 -2.609971789892170158e+00 1.000000000000000056e-01
4.738955823293172642e+01 -2.631787533863803930e+00 1.000000000000000056e-01
4.779116465863453556e+01 -2.911145055842323970e+00 1.000000000000000056e-01
4.819277108433735179e+01 -2.861035338370741865e+00 1.000000000000000056e-01
4.859437751004016093e+01 -2.770240868610389651e+00 1.000000000000000056e-01
4.899598393574297006e+01 -2.452297757032962711e+00 1.000000000000000056e-01
4.939759036144578630e+01 -2.210303207019332916e+00 1.000000000000000056e-01
4.979919678714859543e+01 -2.081445509111521375e+00 1.000000000000000056e-01
5.020080321285140457e+01 -1.990154324131071073e+00 1.000000000000000056e-01
5.060240963855421370e+01 -1.901430344492888835e+00 1.000000000000000056e-01
5.100401606425702994e+01 -1.735237361599816452e+00 1.000000000000000056e-01
5.140562248995983907e+01 -1.914702089845257804e+00 1.000000000000000056e-01
5.180722891566264821e+01 -1.762496877678042306e+00 1.000000000000000056e-01
5.220883534136546444e+01 -1.617425432450787737e+00 1.000000000000000056e-01
5.261044176706827358e+01 -1.608558439289093034e+00 1.000000000000000056e-01
5.301204819277108271e+01 -1.374468187739035674e+00 1.000000000000000056e-01
5.341365461847389184e+01 -1.612980086248819722e+00 1.000000000000000056e-01
5.381526104417670808e+01 -1.438754049574223481e+00 1.000000000000000056e-01
5.421686746987951722e+01 -1.630355453727064807e+00 1.000000000000000056e-01
5.461847389558232635e+01 -1.586122165763951264e+00 1.000000000000000056e-01
5.502008032128514259e+01 -1.518463758923063622e+00 1.000000000000000056e-01
5.542168674698795172e+01 -1.355916773675054365e+00 1.000000000000000056e-01
5.582329317269076085e+01 -1.316205770359362814e+00 1.000000000000000056e-01
5.622489959839357709e+01 -1.405691544308644847e+00 1.000000000000000056e-01
5.662650602409638623e+01 -1.247678456830553673e+00 1.000000000000000056e-01
5.702811244979919536e+01 -1.254139295986815172e+00 1.000000000000000056e-01
5.742971887550200449e+01 -1.149977134253567623e+00 1.000000000000000056e-01
5.783132530120482073e+01 -1.012150996159187022e+00 1.000000000000000056e-01
5.823293172690762987e+01 -8.515473998395701738e-01 1.000000000000000056e-01
5.863453815261043900e+01 -6.530181443674394348e-01 1.000000000000000056e-01
5.903614457831325524e+01 -2.437791772508798860e-01 1.000000000000000056e-01
5.943775100401606437e+01 -9.229978165156456360e-02 1.000000000000000056e-01
5.983935742971887350e+01 2.998284086122411374e-01 1.000000000000000056e-01
6.024096385542168974e+01 6.774417252412207047e-01 1.000000000000000056e-01
6.064257028112449888e+01 9.212197720873549489e-01 1.000000000000000056e-01
6.104417670682730801e+01 1.314154230654478006e+00 1.000000000000000056e-01
6.144578313253011714e+01 1.715916079527017191e+00 1.000000000000000056e-01
6.184738955823293338e+01 1.920386380833416506e+00 1.000000000000000056e-01
6.224899598393574252e+01 1.633528976201726879e+00 1.000000000000000056e-01
6.265060240963855165e+01 1.510979201308773279e+00 1.000000000000000056e-01
6.305220883534136789e+01 1.053021757918636059e+00 1.000000000000000056e-01
6.345381526104417702e+01 6.791738824406080566e-01 1.000000000000000056e-01
6.385542168674698615e+01 -1.595511349097200604e-01 1.000000000000000056e-01
6.425702811244980239e+01 -9.857970508186324476e-01 1.000000000000000056e-01
6.465863453815261153e+01 -1.523082471119376446e+00 1.000000000000000056e-01
6.506024096385542066e+01 -2.109341410050912913e+00 1.000000000000000056e-01
6.546184738955822979e+01 -2.369549210365908820e+00 1.000000000000000056e-01
6.586345381526103893e+01 -2.391135433889278072e+00 1.000000000000000056e-01
6.626506024096384806e+01 -2.619534196185152375e+00 1.000000000000000056e-01
6.666666666666667140e+01 -2.678304769048112544e+00 1.000000000000000056e-01
6.706827309236948054e+01 -2.402509773603082710e+00 1.000000000000000056e-01
6.746987951807228967e+01 -2.032517101610297416e+00 1.000000000000000056e-01
6.787148594377509880e+01 -1.540344355440438795e+00 1.000000000000000056e-01
6.827309236947790794e+01 -1.317529875777099457e+00 1.000000000000000056e-01
6.867469879518071707e+01 -8.236785066894465324e-01 1.000000000000000056e-01
6.907630522088354041e+01 -5.361599761970574640e-01 1.000000000000000056e-01
6.947791164658634955e+01 -3.058293993457033011e-01 1.000000000000000056e-01
6.987951807228915868e+01 -2.565875803988854620e-01 1.000000000000000056e-01
7.028112449799196781e+01 -2.929899061897409118e-01 1.000000000000000056e-01
7.068273092369477695e+01 -5.883015835630215351e-01 1.000000000000000056e-01
7.108433734939758608e+01 -5.755323309761662953e-01 1.000000000000000056e-01
7.148594377510039521e+01 -4.687484134534356528e-01 1.000000000000000056e-01
7.188755020080321856e+01 -8.748901760990028809e-01 1.000000000000000056e-01
7.228915662650602769e+01 -8.734471919672777140e-01 1.000000000000000056e-01
7.269076305220883683e+01 -1.089007964353592817e+00 1.000000000000000056e-01
7.309236947791164596e+01 -1.352240405562502579e+00 1.000000000000000056e-01
7.349397590361445509e+01 -1.550507445421355213e+00 1.000000000000000056e-01
7.389558232931726423e+01 -1.895359866155716499e+00 1.000000000000000056e-01
7.429718875502007336e+01 -1.849334586594263863e+00 1.000000000000000056e-01
7.469879518072289670e+01 -2.009747216172362183e+00 1.000000000000000056e-01
7.510040160642570584e+01 -1.953036661937399332e+00 1.000000000000000056e-01
7.550200803212851497e+01 -1.744183385563218502e+00 1.000000000000000056e-01
7.590361445783132410e+01 -1.256033814498053180e+00 1.000000000000000056e-01
7.630522088353413324e+01 -6.765059867750216061e-01 1.000000000000000056e-01
7.670682730923694237e+01 -2.888614406773217236e-01 1.000000000000000056e-01
7.710843373493975150e+01 3.462579847671004574e-02 1.000000000000000056e-01
7.751004016064257485e+01 5.674622787415887215e-01 1.000000000000000056e-01
7.791164658634538398e+01 1.146905125538586034e+00 1.000000000000000056e-01
7.831325301204819311e+01 1.010724429812133618e+00 1.000000000000000056e-01
7.871485943775100225e+01 8.656083553535713904e-01 1.000000000000000056e-01
7.911646586345381138e+01 5.387505337605922318e-01 1.000000000000000056e-01
7.951807228915662051e+01 2.463463324194445636e-01 1.000000000000000056e-01
7.991967871485944386e+01 -1.551962992175138778e-01 1.000000000000000056e-01
8.032128514056225299e+01 -9.224655241106505255e-02 1.000000000000000056e-01
8.072289156626506212e+01 -4.593008577514951507e-01 1.000000000000000056e-01
8.112449799196787126e+01 -4.207025175813196016e-01 1.000000000000000056e-01
8.152610441767068039e+01 -4.686161893117105626e-01 1.000000000000000056e-01
8.192771084337348952e+01 -2.674477293276781853e-01 1.000000000000000056e-01
8.232931726907629866e+01 -3.487889087255705567e-01 1.000000000000000056e-01
8.273092369477912200e+01 -1.249034944943189784e-01 1.000000000000000056e-01
8.313253012048193114e+01 7.443507707024568654e-02 1.000000000000000056e-01
8.353413654618474027e+01 -8.736034915577117754e-03 1.000000000000000056e-01
8.393574297188754940e+01 2.241884233820166106e-01 1.000000000000000056e-01
8.433734939759035854e+01 5.271981165255772428e-01 1.000000000000000056e-01
8.473895582329316767e+01 4.244341255536528967e-01 1.000000000000000056e-01
8.514056224899597680e+01 3.013346093743198284e-01 1.000000000000000056e-01
8.554216867469880015e+01 2.726168755276701661e-01 1.000000000000000056e-01
8.594377510040160928e+01 2.734831436129392390e-01 1.000000000000000056e-01
8.634538152610441841e+01 -9.233686403406644871e-02 1.000000000000000056e-01
8.674698795180722755e+01 -9.522575388364765137e-02 1.000000000000000056e-01
8.714859437751003668e+01 -3.314121964584709756e-01 1.000000000000000056e-01
8.755020080321284581e+01 -4.450281973732908569e-01 1.000000000000000056e-01
8.795180722891566916e+01 -6.138082182282520449e-01 1.000000000000000056e-01
8.835341365461847829e+01 -9.396322885857767426e-01 1.000000000000000056e-01
8.875502008032128742e+01 -1.083824106717718561e+00 1.000000000000000056e-01
8.915662650602409656e+01 -1.065566271325587344e+00 1.000000000000000056e-01
8.955823293172690569e+01 -9.450713575499445351e-01 1.000000000000000056e-01
8.995983935742971482e+01 -7.558148285451646853e-01 1.000000000000000056e-01
9.036144578313252396e+01 -3.721522398636189499e-01 1.000000000000000056e-01
9.076305220883534730e+01 -3.363120534862162891e-01 1.000000000000000056e-01
9.116465863453815643e+01 -2.124791409446800117e-01 1.000000000000000056e-01
9.156626506024096557e+01 -2.477983472748152283e-01 1.000000000000000056e-01
9.196787148594377470e+01 -3.725805917148370394e-01 1.000000000000000056e-01
9.236947791164658383e+01 -8.758684887873483538e-01 1.000000000000000056e-01
9.277108433734939297e+01 -7.876086749109160179e-01 1.000000000000000056e-01
9.317269076305220210e+01 -9.936881714281095013e-01 1.000000000000000056e-01
9.357429718875502545e+01 -1.251613307586977974e+00 1.000000000000000056e-01
9.397590361445783458e+01 -1.071742971986494597e+00 1.000000000000000056e-01
9.437751004016064371e+01 -9.618132376426813401e-01 1.000000000000000056e-01
9.477911646586345285e+01 -6.774054681798433730e-01 1.000000000000000056e-01
9.518072289156626198e+01 -7.053752963154070743e-01 1.000000000000000056e-01
9.558232931726907111e+01 -2.575125862955613965e-01 1.000000000000000056e-01
9.598393574297188025e+01 1.317502722217266664e-01 1.000000000000000056e-01
9.638554216867470359e+01 7.929127770059889446e-01 1.000000000000000056e-01
9.678714859437751272e+01 9.459749622688430337e-01 1.000000000000000056e-01
9.718875502008032186e+01 1.158878372526988665e+00 1.000000000000000056e-01
9.759036144578313099e+01 1.238299196893937859e+00 1.000000000000000056e-01
9.799196787148594012e+01 1.064077608703036359e+00 1.000000000000000056e-01
9.839357429718874926e+01 1.170955696820915826e+00 1.000000000000000056e-01
9.879518072289157260e+01 1.117083791474187127e+00 1.000000000000000056e-01
9.919678714859438173e+01 1.245367147500540339e+00 1.000000000000000056e-01
9.959839357429719087e+01 1.628630675957430496e+00 1.000000000000000056e-01
1.000000000000000000e+02 1.985850345672006023e+00 1.000000000000000056e-01
