0.000000000000000000e+00 2.744225250944932193e-01 1.000000000000000056e-01
4.016064257028112428e-01 -9.565226459662778957e-02 1.000000000000000056e-01
8.032128514056224855e-01 -6.670815272082840641e-01 1.000000000000000056e-01
1.204819277108433617e+00 -1.188129165350610972e+00 1.000000000000000056e-01
1.606425702811244971e+00 -1.621329783006066227e+00 1.000000000000000056e-01
2.008032128514056325e+00 -1.939631235347020199e+00 1.000000000000000056e-01
2.409638554216867234e+00 -2.291551147304951019e+00 1.000000000000000056e-01
2.811244979919678588e+00 -2.145213100366439196e+00 1.000000000000000056e-01
3.212851405622489942e+00 -2.007621420556635172e+00 1.000000000000000056e-01
3.614457831325301296e+00 -1.617501662080200520e+00 1.000000000000000056e-01
4.016064257028112650e+00 -7.409865266389481508e-01 1.000000000000000056e-01
4.417670682730923559e+00 1.470708927367744834e-01 1.000000000000000056e-01
4.819277108433734469e+00 1.077694257996963501e+00 1.000000000000000056e-01
5.220883534136546267e+00 1.762834086269432721e+00 1.000000000000000056e-01
5.622489959839357176e+00 1.896246402280223453e+00 1.000000000000000056e-01
6.024096385542168974e+00 2.078830927867380218e+00 1.000000000000000056e-01
6.425702811244979884e+00 1.761691693141642867e+00 1.000000000000000056e-01
6.827309236947790794e+00 1.509254025777477137e+00 1.000000000000000056e-01
7.228915662650602592e+00 1.310014770831493980e+00 1.000000000000000056e-01
7.630522088353413501e+00 8.881553837789136763e-01 1.000000000000000056e-01
8.032128514056225299e+00 3.702147324089224978e-02 1.000000000000000056e-01
8.433734939759036209e+00 -2.643464387840093743e-01 1.000000000000000056e-01
8.835341365461847118e+00 -8.339582935132926478e-01 1.000000000000000056e-01
9.236947791164658028e+00 -1.211802147904587068e+00 1.000000000000000056e-01
9.638554216867468938e+00 -1.101682435697631579e+00 1.000000000000000056e-01
1.004016064257028162e+01 -7.380574661400337577e-01 1.000000000000000056e-01
1.044176706827309253e+01 -7.268335960007860086e-01 1.000000000000000056e-01
1.084337349397590344e+01 -2.078888894494436146e-01 1.000000000000000056e-01
1.124497991967871435e+01 2.503854642364388705e-01 1.000000000000000056e-01
1.164658634538152526e+01 5.460829139266227816e-01 1.000000000000000056e-01
1.204819277108433795e+01 1.227354822393705192e+00 1.000000000000000056e-01
1.244979919678714886e+01 1.392140363815915549e+00 1.000000000000000056e-01
1.285140562248995977e+01 8.945744935278221455e-01 1.000000000000000056e-01
1.325301204819277068e+01 3.295778957573918255e-01 1.000000000000000056e-01
1.365461847389558159e+01 -2.477989117209954961e-01 1.000000000000000056e-01
1.405622489959839427e+01 -8.657524086315603329e-01 1.000000000000000056e-01
1.445783132530120518e+01 -7.448862454118779786e-01 1.000000000000000056e-01
1.485943775100401609e+01 -2.724649937667917299e-01 1.000000000000000056e-01
1.526104417670682700e+01 1.018994234186940406e-01 1.000000000000000056e-01
1.566265060240963791e+01 6.908686206970187094e-01 1.000000000000000056e-01
1.606425702811245060e+01 8.724264288817025204e-01 1.000000000000000056e-01
1.646586345381525973e+01 7.730745778519498845e-01 1.000000000000000056e-01
1.686746987951807242e+01 3.368615032970859735e-01 1.000000000000000056e-01
1.726907630522088510e+01 3.318111683163099679e-01 1.000000000000000056e-01
1.767068273092369424e+01 2.139013376786601250e-01 1.000000000000000056e-01
1.807228915662650692e+01 4.000361337360643921e-01 1.000000000000000056e-01
1.847389558232931606e+01 4.750316586378922068e-01 1.000000000000000056e-01
1.887550200803212874e+01 7.750353013496725785e-01 1.000000000000000056e-01
1.927710843373493788e+01 7.689457596656634752e-01 1.000000000000000056e-01
1.967871485943775056e+01 7.874905322238281435e-01 1.000000000000000056e-01
2.008032128514056325e+01 5.173943900356897663e-01 1.000000000000000056e-01
2.048192771084337238e+01 8.439958919755277122e-01 1.000000000000000056e-01
2.088353413654618507e+01 1.080926196079309065e+00 1.000000000000000056e-01
2.128514056224899420e+01 1.175554647535141717e+00 1.000000000000000056e-01
2.168674698795180689e+01 9.178395682475825046e-01 1.000000000000000056e-01
2.208835341365461957e+01 9.718090602415326851e-01 1.000000000000000056e-01
2.248995983935742871e+01 5.470475889496837496e-01 1.000000000000000056e-01
2.289156626506024139e+01 7.711746405582559083e-02 1.000000000000000056e-01
2.329317269076305053e+01 -1.258408555292921671e-01 1.000000000000000056e-01
2.369477911646586321e+01 -4.796301111367622938e-01 1.000000000000000056e-01
2.409638554216867590e+01 -4.263379385286643619e-01 1.000000000000000056e-01
2.449799196787148503e+01 -5.495006499444525794e-01 1.000000000000000056e-01
2.489959839357429772e+01 -3.672455724270404787e-01 1.000000000000000056e-01
2.530120481927710685e+01 -3.966487387895713534e-01 1.000000000000000056e-01
2.570281124497991954e+01 -1.262831351771739608e-01 1.000000000000000056e-01
2.610441767068273222e+01 1.893163288390127819e-01 1.000000000000000056e-01
2.650602409638554136e+01 2.692054300082331042e-01 1.000000000000000056e-01
2.690763052208835404e+01 7.346349222753417729e-01 1.000000000000000056e-01
2.730923694779116317e+01 1.162915527722305997e+00 1.000000000000000056e-01
2.771084337349397586e+01 1.516993105587773671e+00 1.000000000000000056e-01
2.811244979919678855e+01 1.674602816201409494e+00 1.000000000000000056e-01
2.851405622489959768e+01 1.744232908955194672e+00 1.000000000000000056e-01
2.891566265060241037e+01 1.402921606263715093e+00 1.000000000000000056e-01
2.931726907630521950e+01 8.726092829852071242e-01 1.000000000000000056e-01
2.971887550200803219e+01 9.477854042420714720e-01 1.000000000000000056e-01
3.012048192771084487e+01 7.452039253486313353e-01 1.000000000000000056e-01
3.052208835341365400e+01 1.048467741399097264e+00 1.000000000000000056e-01
3.092369477911646669e+01 1.240521891733428861e+00 1.000000000000000056e-01
3.132530120481927582e+01 1.183467621910974321e+00 1.000000000000000056e-01
3.172690763052208851e+01 1.182753120652409340e+00 1.000000000000000056e-01
3.212851405622490120e+01 9.901516671882100162e-01 1.000000000000000056e-01
3.253012048192771033e+01 8.949961365932108670e-01 1.000000000000000056e-01
3.293172690763051946e+01 7.848641204149232609e-01 1.000000000000000056e-01
3.333333333333333570e+01 9.873029753827596844e-01 1.000000000000000056e-01
3.373493975903614484e+01 6.832513459207538720e-01 1.000000000000000056e-01
3.413654618473895397e+01 3.761092635738771950e-01 1.000000000000000056e-01
3.453815261044177021e+01 2.165348407293185840e-01 1.000000000000000056e-01
3.493975903614457934e+01 2.092525120833266250e-01 1.000000000000000056e-01
3.534136546184738847e+01 3.540330846922102315e-01 1.000000000000000056e-01
3.574297188755019761e+01 5.735676024051897803e-01 1.000000000000000056e-01
3.614457831325301385e+01 1.179037705904634414e+00 1.000000000000000056e-01
3.654618473895582298e+01 1.549266890464044755e+00 1.000000000000000056e-01
3.694779116465863211e+01 1.304518973837687890e+00 1.000000000000000056e-01
3.734939759036144835e+01 1.369529768717629992e+00 1.000000000000000056e-01
3.775100401606425748e+01 1.489433155581341595e+00 1.000000000000000056e-01
3.815261044176706662e+01 9.663019189515129614e-01 1.000000000000000056e-01
3.855421686746987575e+01 8.446646760940498266e-01 1.000000000000000056e-01
3.895582329317269199e+01 5.988230264206563236e-01 1.000000000000000056e-01
3.935742971887550112e+01 5.219077357870282041e-01 1.000000000000000056e-01
3.975903614457831026e+01 3.476185240789013697e-01 1.000000000000000056e-01
4.016064257028112650e+01 -3.107545749051010553e-01 1.000000000000000056e-01
4.056224899598393563e+01 -7.327543522114493557e-01 1.000000000000000056e-01
4.096385542168674476e+01 -1.043065840157881619e+00 1.000000000000000056e-01
4.136546184738956100e+01 -1.499606411100477432e+00 1.000000000000000056e-01
4.176706827309237013e+01 -1.873910410199394860e+00 1.000000000000000056e-01
4.216867469879517927e+01 -2.097006130227313747e+00 1.000000000000000056e-01
4.257028112449798840e+01 -2.328681127156754904e+00 1.000000000000000056e-01
4.297188755020080464e+01 -2.277251717462909220e+00 1.000000000000000056e-01
4.337349397590361377e+01 -1.911269077264742711e+00 1.000000000000000056e-01
4.377510040160642291e+01 -1.292571154982648629e+00 1.000000000000000056e-01
4.417670682730923915e+01 -3.803909087270863076e-01 1.000000000000000056e-01
4.457831325301204828e+01 2.210553154934323250e-01 1.000000000000000056e-01
4.497991967871485741e+01 1.193786798572165964e+00 1.000000000000000056e-01
4.538152610441767365e+01 1.468418904418971049e+00 1.000000000000000056e-01
4.578313253012048278e+01 1.483071690962120659e+00 1.000000000000000056e-01
4.618473895582329192e+01 1.306541543849742970e+00 1.000000000000000056e-01
4.658634538152610105e+01 7.436677722828717307e-01 1.000000000000000056e-01
4.698795180722891729e+01 2.556903275073310611e-02 1.000000000000000056e-01
4.738955823293172642e+01 -6.568227658399078406e-01 1.000000000000000056e-01
4.779116465863453556e+01 -1.070008353670286017e+00 1.000000000000000056e-01
4.819277108433735179e+01 -1.179609737759426125e+00 1.000000000000000056e-01
4.859437751004016093e+01 -1.369249149737107984e+00 1.000000000000000056e-01
4.899598393574297006e+01 -9.832230707982480000e-01 1.000000000000000056e-01
4.939759036144578630e+01 -8.596058720411574594e-01 1.000000000000000056e-01
4.979919678714859543e+01 -1.277418115980452518e+00 1.000000000000000056e-01
5.020080321285140457e+01 -1.085831182315407872e+00 1.000000000000000056e-01
5.060240963855421370e+01 -1.249944920424783890e+00 1.000000000000000056e-01
5.100401606425702994e+01 -1.248522450487705271e+00 1.000000000000000056e-01
5.140562248995983907e+01 -1.322194543985173887e+00 1.000000000000000056e-01
5.180722891566264821e+01 -1.348223577830340858e+00 1.000000000000000056e-01
5.220883534136546444e+01 -1.451990820577240271e+00 1.000000000000000056e-01
5.261044176706827358e+01 -1.352522330344736901e+00 1.000000000000000056e-01
5.301204819277108271e+01 -1.259892336691618375e+00 1.000000000000000056e-01
5.341365461847389184e+01 -1.043721757754411117e+00 1.000000000000000056e-01
5.381526104417670808e+01 -6.624720022450472090e-01 1.000000000000000056e-01
5.421686746987951722e+01 -5.161683786162124532e-01 1.000000000000000056e-01
5.461847389558232635e+01 -1.385097325456832451e-01 1.000000000000000056e-01
5.502008032128514259e+01 -8.939584322229371383e-02 1.000000000000000056e-01
5.542168674698795172e+01 2.793814467312324412e-01 1.000000000000000056e-01
5.582329317269076085e+01 3.318713293146267063e-01 1.000000000000000056e-01
5.622489959839357709e+01 5.449503676973290744e-01 1.000000000000000056e-01
5.662650602409638623e+01 7.786435958065179852e-02 1.000000000000000056e-01
5.702811244979919536e+01 -5.155159065825153375e-01 1.000000000000000056e-01
5.742971887550200449e+01 -1.251174381908742417e+00 1.000000000000000056e-01
5.783132530120482073e+01 -1.831641039818017846e+00 1.000000000000000056e-01
5.823293172690762987e+01 -2.189964419934854689e+00 1.000000000000000056e-01
5.863453815261043900e+01 -2.175344893635557053e+00 1.000000000000000056e-01
5.903614457831325524e+01 -1.782143954138160069e+00 1.000000000000000056e-01
5.943775100401606437e+01 -8.664355446291237550e-01 1.000000000000000056e-01
5.983935742971887350e+01 -3.292224496364459796e-01 1.000000000000000056e-01
6.024096385542168974e+01 -1.653847152359132211e-02 1.000000000000000056e-01
6.064257028112449888e+01 9.173803603600139134e-02 1.000000000000000056e-01
6.104417670682730801e+01 -5.454664162951243511e-02 1.000000000000000056e-01
6.144578313253011714e+01 -3.430695669894688327e-01 1.000000000000000056e-01
6.184738955823293338e+01 -5.900715114129568839e-01 1.000000000000000056e-01
6.224899598393574252e+01 -8.526693750061732358e-01 1.000000000000000056e-01
6.265060240963855165e+01 -9.338288069828606375e-01 1.000000000000000056e-01
6.305220883534136789e+01 -1.286758239053148456e+00 1.000000000000000056e-01
6.345381526104417702e+01 -1.648448822978719530e+00 1.000000000000000056e-01
6.385542168674698615e+01 -1.877646011970193651e+00 1.000000000000000056e-01
6.425702811244980239e+01 -2.345666932405521710e+00 1.000000000000000056e-01
6.465863453815261153e+01 -2.469316639502658894e+00 1.000000000000000056e-01
6.506024096385542066e+01 -2.101623541888185898e+00 1.000000000000000056e-01
6.546184738955822979e+01 -1.817829127818261892e+00 1.000000000000000056e-01
6.586345381526103893e+01 -9.434173325448491632e-01 1.000000000000000056e-01
6.626506024096384806e+01 -1.719202749594109236e-01 1.000000000000000056e-01
6.666666666666667140e+01 4.970211486405073376e-01 1.000000000000000056e-01
6.706827309236948054e+01 1.100743510207922826e+00 1.000000000000000056e-01
6.746987951807228967e+01 1.599964811457307068e+00 1.000000000000000056e-01
6.787148594377509880e+01 1.826430572039625000e+00 1.000000000000000056e-01
6.827309236947790794e+01 1.669074939901545207e+00 1.000000000000000056e-01
6.867469879518071707e+01 1.121525179660003424e+00 1.000000000000000056e-01
6.907630522088354041e+01 3.310782743668205241e-01 1.000000000000000056e-01
6.947791164658634955e+01 -4.413208609357809342e-01 1.000000000000000056e-01
6.987951807228915868e+01 -8.398909311027688007e-01 1.000000000000000056e-01
7.028112449799196781e+01 -6.432420660304426496e-01 1.000000000000000056e-01
7.068273092369477695e+01 -5.897668556663830941e-01 1.000000000000000056e-01
7.108433734939758608e+01 8.469435344438218383e-02 1.000000000000000056e-01
7.148594377510039521e+01 6.498922880802773250e-01 1.000000000000000056e-01
7.188755020080321856e+01 9.531360289509579475e-01 1.000000000000000056e-01
7.228915662650602769e+01 1.407918745345549283e+00 1.000000000000000056e-01
7.269076305220883683e+01 1.387871125485728108e+00 1.000000000000000056e-01
7.309236947791164596e+01 1.391398313103941797e+00 1.000000000000000056e-01
7.349397590361445509e+01 1.837337419221833912e+00 1.000000000000000056e-01
7.389558232931726423e+01 2.478583137977559581e+00 1.000000000000000056e-01
7.429718875502007336e+01 3.063187254237144330e+00 1.000000000000000056e-01
7.469879518072289670e+01 3.833377740999316163e+00 1.000000000000000056e-01
7.510040160642570584e+01 3.719371777293155823e+00 1.000000000000000056e-01
7.550200803212851497e+01 3.821766077835692776e+00 1.000000000000000056e-01
7.590361445783132410e+01 3.851140407124541643e+00 1.000000000000000056e-01
7.630522088353413324e+01 3.797669344267216029e+00 1.000000000000000056e-01
7.670682730923694237e+01 3.243832454833824652e+00 1.000000000000000056e-01
7.710843373493975150e+01 2.861013155443722145e+00 1.000000000000000056e-01
7.751004016064257485e+01 2.477449030765055848e+00 1.000000000000000056e-01
7.791164658634538398e+01 1.902628752661262634e+00 1.000000000000000056e-01
7.831325301204819311e+01 1.362307248298332940e+00 1.000000000000000056e-01
7.871485943775100225e+01 1.214888534167463563e+00 1.000000000000000056e-01
7.911646586345381138e+01 9.739964960683427098e-01 1.000000000000000056e-01
7.951807228915662051e+01 1.204044583454885853e+00 1.000000000000000056e-01
7.991967871485944386e+01 1.545503854827322998e+00 1.000000000000000056e-01
8.032128514056225299e+01 1.822953767611076081e+00 1.000000000000000056e-01
8.072289156626506212e+01 2.310739931014916593e+00 1.000000000000000056e-01
8.112449799196787126e+01 2.306261972252637626e+00 1.000000000000000056e-01
8.152610441767068039e+01 2.264088168555745906e+00 1.000000000000000056e-01
8.192771084337348952e+01 2.653265048044387786e+00 1.000000000000000056e-01
8.232931726907629866e+01 2.783361672941503606e+00 1.000000000000000056e-01
8.273092369477912200e+01 2.605238651780247938e+00 1.000000000000000056e-01
8.313253012048193114e+01 2.679631526628666105e+00 1.000000000000000056e-01
8.353413654618474027e+01 2.355737560278443610e+00 1.000000000000000056e-01
8.393574297188754940e+01 2.420467973983022603e+00 1.000000000000000056e-01
8.433734939759035854e+01 2.241803342769543406e+00 1.000000000000000056e-01
8.473895582329316767e+01 2.076513076971035154e+00 1.000000000000000056e-01
8.514056224899597680e+01 1.635355227726957184e+00 1.000000000000000056e-01
8.554216867469880015e+01 1.422718016019964171e+00 1.000000000000000056e-01
8.594377510040160928e+01 1.085706814571528955e+00 1.000000000000000056e-01
8.634538152610441841e+01 8.099399190073124366e-01 1.000000000000000056e-01
8.674698795180722755e+01 7.940932091677743720e-01 1.000000000000000056e-01
8.714859437751003668e+01 7.243437527451872526e-01 1.000000000000000056e-01
8.755020080321284581e+01 5.714414730345471760e-01 1.000000000000000056e-01
8.795180722891566916e+01 2.037012687657907273e-01 1.000000000000000056e-01
8.835341365461847829e+01 1.095998917362952380e-01 1.000000000000000056e-01
8.875502008032128742e+01 -1.705302036379189312e-01 1.000000000000000056e-01
8.915662650602409656e+01 1.648861390820700878e-01 1.000000000000000056e-01
8.955823293172690569e+01 2.655112429694393983e-01 1.000000000000000056e-01
8.995983935742971482e+01 7.755587454780632495e-01 1.000000000000000056e-01
9.036144578313252396e+01 9.511843627472963414e-01 1.000000000000000056e-01
9.076305220883534730e+01 1.225074339798432055e+00 1.000000000000000056e-01
9.116465863453815643e+01 1.451870643214707934e+00 1.000000000000000056e-01
9.156626506024096557e+01 1.241664641364885746e+00 1.000000000000000056e-01
9.196787148594377470e+01 1.221232474544027946e+00 1.000000000000000056e-01
9.236947791164658383e+01 1.120376434330370152e+00 1.000000000000000056e-01
9.277108433734939297e+01 1.206333033191820503e+00 1.000000000000000056e-01
9.317269076305220210e+01 1.069690108814594920e+00 1.000000000000000056e-01
9.357429718875502545e+01 1.007748225211923199e+00 1.000000000000000056e-01
9.397590361445783458e+01 7.083808237099257221e-01 1.000000000000000056e-01
9.437751004016064371e+01 1.191512241367558567e-01 1.000000000000000056e-01
9.477911646586345285e+01 -6.792829805164103396e-01 1.000000000000000056e-01
9.518072289156626198e+01 -1.334106828302597414e+00 1.000000000000000056e-01
9.558232931726907111e+01 -2.302031253833860092e+00 1.000000000000000056e-01
9.598393574297188025e+01 -2.851898982189569054e+00 1.000000000000000056e-01
9.638554216867470359e+01 -3.222269949591922700e+00 1.000000000000000056e-01
9.678714859437751272e+01 -3.488738901593247732e+00 1.000000000000000056e-01
9.718875502008032186e+01 -3.401147788809269823e+00 1.000000000000000056e-01
9.759036144578313099e+01 -3.537606727425422370e+00 1.000000000000000056e-01
9.799196787148594012e+01 -2.952123779439341344e+00 1.000000000000000056e-01
9.839357429718874926e+01 -2.645383292356522364e+00 1.000000000000000056e-01
9.879518072289157260e+01 -2.339636693139454771e+00 1.000000000000000056e-01
9.919678714859438173e+01 -1.896534121810024009e+00 1.000000000000000056e-01
9.959839357429719087e+01 -1.429151836964780653e+00 1.000000000000000056e-01
1.000000000000000000e+02 -1.411929070542004006e+00 1.000000000000000056e-01
