0.000000000000000000e+00 2.241145880516699496e+00 1.000000000000000056e-01
4.016064257028112428e-01 1.743401100484032407e+00 1.000000000000000056e-01
8.032128514056224855e-01 1.332605621521631312e+00 1.000000000000000056e-01
1.204819277108433617e+00 1.337109624692271348e+00 1.000000000000000056e-01
1.606425702811244971e+00 1.228067412309308715e+00 1.000000000000000056e-01
2.008032128514056325e+00 1.059493136799358748e+00 1.000000000000000056e-01
2.409638554216867234e+00 1.355284328429887220e+00 1.000000000000000056e-01
2.811244979919678588e+00 1.233639051938224762e+00 1.000000000000000056e-01
3.212851405622489942e+00 7.130672232658892273e-01 1.000000000000000056e-01
3.614457831325301296e+00 2.239330126338353877e-01 1.000000000000000056e-01
4.016064257028112650e+00 -2.273413155853730161e-01 1.000000000000000056e-01
4.417670682730923559e+00 -7.915307698062353792e-01 1.000000000000000056e-01
4.819277108433734469e+00 -9.162105029019740332e-01 1.000000000000000056e-01
5.220883534136546267e+00 -7.466603058504216461e-01 1.000000000000000056e-01
5.622489959839357176e+00 -3.877198476933442772e-01 1.000000000000000056e-01
6.024096385542168974e+00 -3.195269598728021632e-01 1.000000000000000056e-01
6.425702811244979884e+00 5.148533765890450642e-01 1.000000000000000056e-01
6.827309236947790794e+00 8.650400057580218682e-01 1.000000000000000056e-01
7.228915662650602592e+00 1.269857023006781604e+00 1.000000000000000056e-01
7.630522088353413501e+00 1.477180459473806273e+00 1.000000000000000056e-01
8.032128514056225299e+00 1.564575352539219200e+00 1.000000000000000056e-01
8.433734939759036209e+00 1.690730620778362558e+00 1.000000000000000056e-01
8.835341365461847118e+00 1.432018086400424828e+00 1.000000000000000056e-01
9.236947791164658028e+00 1.070243101731304547e+00 1.000000000000000056e-01
9.638554216867468938e+00 8.473676692399592092e-01 1.000000000000000056e-01
1.004016064257028162e+01 5.140067548348508097e-01 1.000000000000000056e-01
1.044176706827309253e+01 4.482361024962712714e-01 1.000000000000000056e-01
1.084337349397590344e+01 3.461016656415139003e-01 1.000000000000000056e-01
1.124497991967871435e+01 1.461938356940018294e-02 1.000000000000000056e-01
1.164658634538152526e+01 -2.583183681191901782e-01 1.000000000000000056e-01
1.204819277108433795e+01 -4.551559834961281803e-01 1.000000000000000056e-01
1.244979919678714886e+01 -4.379270028700216200e-01 1.000000000000000056e-01
1.285140562248995977e+01 -7.415061314173148066e-01 1.000000000000000056e-01
1.325301204819277068e+01 -1.084918338051572340e+00 1.000000000000000056e-01
1.365461847389558159e+01 -1.396904528048027672e+00 1.000000000000000056e-01
1.405622489959839427e+01 -1.416253474317042516e+00 1.000000000000000056e-01
1.445783132530120518e+01 -1.436782626893170933e+00 1.000000000000000056e-01
1.485943775100401609e+01 -1.075099179514675374e+00 1.000000000000000056e-01
1.526104417670682700e+01 -2.922301175450360278e-01 1.000000000000000056e-01
1.566265060240963791e+01 4.912818424463120115e-01 1.000000000000000056e-01
1.606425702811245060e+01 9.167756383870085957e-01 1.000000000000000056e-01
1.646586345381525973e+01 1.412940561027169917e+00 1.000000000000000056e-01
1.686746987951807242e+01 1.649957351010588713e+00 1.000000000000000056e-01
1.726907630522088510e+01 1.759543615225123814e+00 1.000000000000000056e-01
1.767068273092369424e+01 1.941071126847943029e+00 1.000000000000000056e-01
1.807228915662650692e+01 2.061372025196068769e+00 1.000000000000000056e-01
1.847389558232931606e+01 2.139145462138789533e+00 1.000000000000000056e-01
1.887550200803212874e+01 2.391823475240378194e+00 1.000000000000000056e-01
1.927710843373493788e+01 2.369633853456768691e+00 1.000000000000000056e-01
1.967871485943775056e+01 2.344659343243926664e+00 1.000000000000000056e-01
2.008032128514056325e+01 2.424123542926259756e+00 1.000000000000000056e-01
2.048192771084337238e+01 2.423778945115980132e+00 1.000000000000000056e-01
2.088353413654618507e+01 2.170631085684741279e+00 1.000000000000000056e-01
2.128514056224899420e+01 1.599552871992576009e+00 1.000000000000000056e-01
2.168674698795180689e+01 8.710962528184954534e-01 1.000000000000000056e-01
2.208835341365461957e+01 2.595973157417757471e-01 1.000000000000000056e-01
2.248995983935742871e+01 -3.599966500904469013e-01 1.000000000000000056e-01
2.289156626506024139e+01 -5.902755013822829078e-01 1.000000000000000056e-01
2.329317269076305053e+01 -8.218242339607920721e-01 1.000000000000000056e-01
2.369477911646586321e+01 -9.509596153858562717e-01 1.000000000000000056e-01
2.409638554216867590e+01 -1.219056505798192802e+00 1.000000000000000056e-01
2.449799196787148503e+01 -1.087224759713302236e+00 1.000000000000000056e-01
2.489959839357429772e+01 -8.710488562361781151e-01 1.000000000000000056e-01
2.530120481927710685e+01 -5.475252650649878872e-01 1.000000000000000056e-01
2.570281124497991954e+01 1.572475174717242741e-01 1.000000000000000056e-01
2.610441767068273222e+01 5.831070831992892778e-01 1.000000000000000056e-01
2.650602409638554136e+01 8.368601392801626737e-01 1.000000000000000056e-01
2.690763052208835404e+01 1.189561489531010041e+00 1.000000000000000056e-01
2.730923694779116317e+01 1.153579131500544586e+00 1.000000000000000056e-01
2.771084337349397586e+01 1.531435416766301794e+00 1.000000000000000056e-01
2.811244979919678855e+01 1.493134846795070469e+00 1.000000000000000056e-01
2.851405622489959768e+01 1.416833765424780456e+00 1.000000000000000056e-01
2.891566265060241037e+01 1.336275906888353182e+00 1.000000000000000056e-01
2.931726907630521950e+01 1.260949655884170850e+00 1.000000000000000056e-01
2.971887550200803219e+01 1.092632179078084409e+00 1.000000000000000056e-01
3.012048192771084487e+01 7.374297347650656809e-01 1.000000000000000056e-01
3.052208835341365400e+01 4.978971849190779730e-01 1.000000000000000056e-01
3.092369477911646669e+01 1.220530532277116498e-01 1.000000000000000056e-01
3.132530120481927582e+01 -5.992263294218146408e-01 1.000000000000000056e-01
3.172690763052208851e+01 -1.085954987130801186e+00 1.000000000000000056e-01
3.212851405622490120e+01 -1.656475672285149248e+00 1.000000000000000056e-01
3.253012048192771033e+01 -1.635834540889802735e+00 1.000000000000000056e-01
3.293172690763051946e+01 -1.850753994567065464e+00 1.000000000000000056e-01
3.333333333333333570e+01 -1.834457360311249730e+00 1.000000000000000056e-01
3.373493975903614484e+01 -1.830545553800444925e+00 1.000000000000000056e-01
3.413654618473895397e+01 -1.848505288320406503e+00 1.000000000000000056e-01
3.453815261044177021e+01 -1.813772937025263987e+00 1.000000000000000056e-01
3.493975903614457934e+01 -1.675923377034113537e+00 1.000000000000000056e-01
3.534136546184738847e+01 -1.316791391933925803e+00 1.000000000000000056e-01
3.574297188755019761e+01 -9.913454629985624100e-01 1.000000000000000056e-01
3.614457831325301385e+01 -1.548301728304988800e-01 1.000000000000000056e-01
3.654618473895582298e+01 1.133536693276940427e-01 1.000000000000000056e-01
3.694779116465863211e+01 4.725908775718166144e-01 1.000000000000000056e-01
3.734939759036144835e+01 6.427508571030500217e-01 1.000000000000000056e-01
3.775100401606425748e+01 5.886467820873944046e-01 1.000000000000000056e-01
3.815261044176706662e+01 3.949986193498745690e-01 1.000000000000000056e-01
3.855421686746987575e+01 -1.841142157819100622e-02 1.000000000000000056e-01
3.895582329317269199e+01 -9.625088807580868266e-01 1.000000000000000056e-01
3.935742971887550112e+01 -1.396931286217105050e+00 1.000000000000000056e-01
3.975903614457831026e+01 -1.928763276553988604e+00 1.000000000000000056e-01
4.016064257028112650e+01 -1.676198873685504465e+00 1.000000000000000056e-01
4.056224899598393563e+01 -1.493920502650341042e+00 1.000000000000000056e-01
4.096385542168674476e+01 -1.007975248031523163e+00 1.000000000000000056e-01
4.136546184738956100e+01 -8.028709522027561718e-01 1.000000000000000056e-01
4.176706827309237013e+01 -6.445904661846343364e-01 1.000000000000000056e-01
4.216867469879517927e+01 -4.591792394377569586e-01 1.000000000000000056e-01
4.257028112449798840e+01 -6.000680445736717994e-01 1.000000000000000056e-01
4.297188755020080464e+01 -5.354690538602757677e-01 1.000000000000000056e-01
4.337349397590361377e+01 -7.714622282773958561e-01 1.000000000000000056e-01
4.377510040160642291e+01 -5.096852275043536329e-01 1.000000000000000056e-01
4.417670682730923915e+01 -6.226389735584232366e-01 1.000000000000000056e-01
4.457831325301204828e+01 -5.753873097601286402e-01 1.000000000000000056e-01
4.497991967871485741e+01 -3.955037492303821178e-01 1.000000000000000056e-01
4.538152610441767365e+01 -2.175918575447048364e-01 1.000000000000000056e-01
4.578313253012048278e+01 -1.670257231221547456e-01 1.000000000000000056e-01
4.618473895582329192e+01 -4.752781411030956860e-03 1.000000000000000056e-01
4.658634538152610105e+01 -1.261544253696942897e-01 1.000000000000000056e-01
4.698795180722891729e+01 -3.187531983222381404e-01 1.000000000000000056e-01
4.738955823293172642e+01 -3.896004022198433225e-01 1.000000000000000056e-01
4.779116465863453556e+01 -1.618901177792624047e-01 1.000000000000000056e-01
4.819277108433735179e+01 -3.179746781083184204e-01 1.000000000000000056e-01
4.859437751004016093e+01 -1.767834264749614526e-01 1.000000000000000056e-01
4.899598393574297006e+01 -2.198705550056723190e-01 1.000000000000000056e-01
4.939759036144578630e+01 -1.303690882330643119e-01 1.000000000000000056e-01
4.979919678714859543e+01 -1.130038518421277727e-01 1.000000000000000056e-01
5.020080321285140457e+01 -1.877634394987596766e-01 1.000000000000000056e-01
5.060240963855421370e+01 3.654709014018497348e-01 1.000000000000000056e-01
5.100401606425702994e+01 5.954436546208119463e-01 1.000000000000000056e-01
5.140562248995983907e+01 6.472282452644431139e-01 1.000000000000000056e-01
5.180722891566264821e+01 7.290805604500971704e-01 1.000000000000000056e-01
5.220883534136546444e+01 3.528995500524614859e-01 1.000000000000000056e-01
5.261044176706827358e+01 -3.319954884899312120e-02 1.000000000000000056e-01
5.301204819277108271e+01 -5.092509054995651985e-01 1.000000000000000056e-01
5.341365461847389184e+01 -9.611859879044758470e-01 1.000000000000000056e-01
5.381526104417670808e+01 -8.623524300008179599e-01 1.000000000000000056e-01
5.421686746987951722e+01 -6.444777797954873710e-01 1.000000000000000056e-01
5.461847389558232635e+01 -1.087086165609961602e-01 1.000000000000000056e-01
5.502008032128514259e+01 2.835794936684705170e-01 1.000000000000000056e-01
5.542168674698795172e+01 6.432449647276510252e-01 1.000000000000000056e-01
5.582329317269076085e+01 6.461786456454143845e-01 1.000000000000000056e-01
5.622489959839357709e+01 5.581919278322580169e-01 1.000000000000000056e-01
5.662650602409638623e+01 4.122641781245200976e-02 1.000000000000000056e-01
5.702811244979919536e+01 -3.447880517911310339e-01 1.000000000000000056e-01
5.742971887550200449e+01 -8.553802508759424938e-01 1.000000000000000056e-01
5.783132530120482073e+01 -8.949431049783866943e-01 1.000000000000000056e-01
5.823293172690762987e+01 -1.042450514918881632e+00 1.000000000000000056e-01
5.863453815261043900e+01 -7.862014609544352162e-01 1.000000000000000056e-01
5.903614457831325524e+01 -5.991036692778199946e-01 1.000000000000000056e-01
5.943775100401606437e+01 -5.884995796365515286e-01 1.000000000000000056e-01
5.983935742971887350e+01 -1.075157282123830882e-01 1.000000000000000056e-01
6.024096385542168974e+01 3.407722197760640337e-02 1.000000000000000056e-01
6.064257028112449888e+01 2.674600069967707494e-01 1.000000000000000056e-01
6.104417670682730801e+01 5.612275299818235696e-01 1.000000000000000056e-01
6.144578313253011714e+01 3.275707631562666533e-01 1.000000000000000056e-01
6.184738955823293338e+01 -2.588640537568845379e-02 1.000000000000000056e-01
6.224899598393574252e+01 -5.555555068561125465e-01 1.000000000000000056e-01
6.265060240963855165e+01 -1.176576182365506984e+00 1.000000000000000056e-01
6.305220883534136789e+01 -1.944118386462908354e+00 1.000000000000000056e-01
6.345381526104417702e+01 -1.957902126929200293e+00 1.000000000000000056e-01
6.385542168674698615e+01 -1.516783738228840939e+00 1.000000000000000056e-01
6.425702811244980239e+01 -1.446978220693539763e+00 1.000000000000000056e-01
6.465863453815261153e+01 -8.912350994702472606e-01 1.000000000000000056e-01
6.506024096385542066e+01 -2.713142374995555217e-01 1.000000000000000056e-01
6.546184738955822979e+01 -1.047526517969585153e-01 1.000000000000000056e-01
6.586345381526103893e+01 -2.868657411109092337e-01 1.000000000000000056e-01
6.626506024096384806e+01 -4.104561097040494433e-01 1.000000000000000056e-01
6.666666666666667140e+01 -7.630722316767959423e-01 1.000000000000000056e-01
6.706827309236948054e+01 -1.058181962000356968e+00 1.000000000000000056e-01
6.746987951807228967e+01 -1.117499172029408072e+00 1.000000000000000056e-01
6.787148594377509880e+01 -1.200013963327599686e+00 1.000000000000000056e-01
6.827309236947790794e+01 -1.218463000081887460e+00 1.000000000000000056e-01
6.867469879518071707e+01 -7.308041427627528508e-01 1.000000000000000056e-01
6.907630522088354041e+01 -5.179054073230338062e-02 1.000000000000000056e-01
6.947791164658634955e+01 3.920038993302273345e-01 1.000000000000000056e-01
6.987951807228915868e+01 9.172582914271838472e-01 1.000000000000000056e-01
7.028112449799196781e+01 1.534652713919314682e+00 1.000000000000000056e-01
7.068273092369477695e+01 1.741411908504729489e+00 1.000000000000000056e-01
7.108433734939758608e+01 1.670895713409515926e+00 1.000000000000000056e-01
7.148594377510039521e+01 1.330578113977165522e+00 1.000000000000000056e-01
7.188755020080321856e+01 7.578199827422755774e-01 1.000000000000000056e-01
7.228915662650602769e+01 1.517866184342653857e-01 1.000000000000000056e-01
7.269076305220883683e+01 -3.052738123938582016e-01 1.000000000000000056e-01
7.309236947791164596e+01 -4.853596337171702801e-01 1.000000000000000056e-01
7.349397590361445509e+01 -8.562565185204061846e-01 1.000000000000000056e-01
7.389558232931726423e+01 -8.002335513448591842e-01 1.000000000000000056e-01
7.429718875502007336e+01 -6.857431552565015354e-01 1.000000000000000056e-01
7.469879518072289670e+01 -8.481898320317409201e-01 1.000000000000000056e-01
7.510040160642570584e+01 -6.034475847850240271e-01 1.000000000000000056e-01
7.550200803212851497e+01 -6.917839172852515706e-01 1.000000000000000056e-01
7.590361445783132410e+01 -2.890499796753720485e-01 1.000000000000000056e-01
7.630522088353413324e+01 -2.381854733396083779e-01 1.000000000000000056e-01
7.670682730923694237e+01 2.940312292438877484e-01 1.000000000000000056e-01
7.710843373493975150e+01 5.867866412895198502e-01 1.000000000000000056e-01
7.751004016064257485e+01 8.667329638916438928e-01 1.000000000000000056e-01
7.791164658634538398e+01 8.673688547552492745e-01 1.000000000000000056e-01
7.831325301204819311e+01 1.302002983273734982e+00 1.000000000000000056e-01
7.871485943775100225e+01 1.945362626861871114e+00 1.000000000000000056e-01
7.911646586345381138e+01 2.037944702052176815e+00 1.000000000000000056e-01
7.951807228915662051e+01 2.337751364240085117e+00 1.000000000000000056e-01
7.991967871485944386e+01 2.583736497090860063e+00 1.000000000000000056e-01
8.032128514056225299e+01 2.314196199390082587e+00 1.000000000000000056e-01
8.072289156626506212e+01 1.933119718520099450e+00 1.000000000000000056e-01
8.112449799196787126e+01 1.530043288464699280e+00 1.000000000000000056e-01
8.152610441767068039e+01 1.387724223224511277e+00 1.000000000000000056e-01
8.192771084337348952e+01 1.227241386673496359e+00 1.000000000000000056e-01
8.232931726907629866e+01 1.278472572212464353e+00 1.000000000000000056e-01
8.273092369477912200e+01 1.425684655118318211e+00 1.000000000000000056e-01
8.313253012048193114e+01 1.692269671112932361e+00 1.000000000000000056e-01
8.353413654618474027e+01 2.053224749466537435e+00 1.000000000000000056e-01
8.393574297188754940e+01 2.189957158038413620e+00 1.000000000000000056e-01
8.433734939759035854e+01 2.321253288935646975e+00 1.000000000000000056e-01
8.473895582329316767e+01 2.204856324527288525e+00 1.000000000000000056e-01
8.514056224899597680e+01 2.607632578632457676e+00 1.000000000000000056e-01
8.554216867469880015e+01 2.471067395417761769e+00 1.000000000000000056e-01
8.594377510040160928e+01 2.600058043471010549e+00 1.000000000000000056e-01
8.634538152610441841e+01 2.629537342004010902e+00 1.000000000000000056e-01
8.674698795180722755e+01 2.706009969153670980e+00 1.000000000000000056e-01
8.714859437751003668e+01 2.541791961974812608e+00 1.000000000000000056e-01
8.755020080321284581e+01 2.341455001270138503e+00 1.000000000000000056e-01
8.795180722891566916e+01 2.221116921473226036e+00 1.000000000000000056e-01
8.835341365461847829e+01 2.274166952524251606e+00 1.000000000000000056e-01
8.875502008032128742e+01 2.343913131196607491e+00 1.000000000000000056e-01
8.915662650602409656e+01 2.468993069764300330e+00 1.000000000000000056e-01
8.955823293172690569e+01 2.481215820540868755e+00 1.000000000000000056e-01
8.995983935742971482e+01 2.207825728374387619e+00 1.000000000000000056e-01
9.036144578313252396e+01 1.962093661682355439e+00 1.000000000000000056e-01
9.076305220883534730e+01 1.766151889793003749e+00 1.000000000000000056e-01
9.116465863453815643e+01 1.615662842692450418e+00 1.000000000000000056e-01
9.156626506024096557e+01 1.757384377876342496e+00 1.000000000000000056e-01
9.196787148594377470e+01 1.909666301837817048e+00 1.000000000000000056e-01
9.236947791164658383e+01 2.288728212886276037e+00 1.000000000000000056e-01
9.277108433734939297e+01 2.483338245811658851e+00 1.000000000000000056e-01
9.317269076305220210e+01 2.585931268972418984e+00 1.000000000000000056e-01
9.357429718875502545e+01 2.640028022398748231e+00 1.000000000000000056e-01
9.397590361445783458e+01 2.155119974054634735e+00 1.000000000000000056e-01
9.437751004016064371e+01 2.067281917586644813e+00 1.000000000000000056e-01
9.477911646586345285e+01 1.740956658820086655e+00 1.000000000000000056e-01
9.518072289156626198e+01 1.884608205153911031e+00 1.000000000000000056e-01
9.558232931726907111e+01 2.122622380366109063e+00 1.000000000000000056e-01
9.598393574297188025e+01 2.102297303547709273e+00 1.000000000000000056e-01
9.638554216867470359e+01 1.799761108202367010e+00 1.000000000000000056e-01
9.678714859437751272e+01 1.500728594451251618e+00 1.000000000000000056e-01
9.718875502008032186e+01 1.289374397466980682e+00 1.000000000000000056e-01
9.759036144578313099e+01 6.818250063969009123e-01 1.000000000000000056e-01
9.799196787148594012e+01 5.535071218212649358e-01 1.000000000000000056e-01
9.839357429718874926e+01 6.186599572823194837e-01 1.000000000000000056e-01
9.879518072289157260e+01 2.190854601707014071e-01 1.000000000000000056e-01
9.919678714859438173e+01 -1.192982476287737931e-01 1.000000000000000056e-01
9.959839357429719087e+01 -4.145127431492571235e-01 1.000000000000000056e-01
1.000000000000000000e+02 -7.878644484859934627e-01 1.000000000000000056e-01
