0.000000000000000000e+00 6.493724790732878782e-01 1.000000000000000056e-01
4.016064257028112428e-01 1.089431192730988762e+00 1.000000000000000056e-01
8.032128514056224855e-01 1.669163912419155515e+00 1.000000000000000056e-01
1.204819277108433617e+00 1.790188710355566037e+00 1.000000000000000056e-01
1.606425702811244971e+00 1.681543227603587098e+00 1.000000000000000056e-01
2.008032128514056325e+00 1.067788131618706560e+00 1.000000000000000056e-01
2.409638554216867234e+00 3.060828506200701793e-01 1.000000000000000056e-01
2.811244979919678588e+00 -3.016725810910927397e-01 1.000000000000000056e-01
3.212851405622489942e+00 -5.584741192136951637e-01 1.000000000000000056e-01
3.614457831325301296e+00 -8.903812293777552123e-01 1.000000000000000056e-01
4.016064257028112650e+00 -1.394373451211363468e+00 1.000000000000000056e-01
4.417670682730923559e+00 -1.340468979566346697e+00 1.000000000000000056e-01
4.819277108433734469e+00 -1.428834759435753776e+00 1.000000000000000056e-01
5.220883534136546267e+00 -1.463048584303733302e+00 1.000000000000000056e-01
5.622489959839357176e+00 -1.127765411714798605e+00 1.000000000000000056e-01
6.024096385542168974e+00 -1.171888609629965217e+00 1.000000000000000056e-01
6.425702811244979884e+00 -7.426952836039539818e-01 1.000000000000000056e-01
6.827309236947790794e+00 -3.872969240516491163e-01 1.000000000000000056e-01
7.228915662650602592e+00 1.302007396416776652e-02 1.000000000000000056e-01
7.630522088353413501e+00 5.706817670554105160e-01 1.000000000000000056e-01
8.032128514056225299e+00 1.291923698537498444e+00 1.000000000000000056e-01
8.433734939759036209e+00 1.291326528196734547e+00 1.000000000000000056e-01
8.835341365461847118e+00 1.651238570413804396e+00 1.000000000000000056e-01
9.236947791164658028e+00 2.118586211859236013e+00 1.000000000000000056e-01
9.638554216867468938e+00 2.655027008343273653e+00 1.000000000000000056e-01
1.004016064257028162e+01 3.165315131942036064e+00 1.000000000000000056e-01
1.044176706827309253e+01 3.402462459768373026e+00 1.000000000000000056e-01
1.084337349397590344e+01 3.937381665813939335e+00 1.000000000000000056e-01
1.124497991967871435e+01 3.322077210664585500e+00 1.000000000000000056e-01
1.164658634538152526e+01 2.682626495987344928e+00 1.000000000000000056e-01
1.204819277108433795e+01 1.988301033733603562e+00 1.000000000000000056e-01
1.244979919678714886e+01 1.100265326178945902e+00 1.000000000000000056e-01
1.285140562248995977e+01 6.950224623490640630e-01 1.000000000000000056e-01
1.325301204819277068e+01 3.054911022626489725e-01 1.000000000000000056e-01
1.365461847389558159e+01 1.474788470188241329e-01 1.000000000000000056e-01
1.405622489959839427e+01 -3.167095834687259637e-01 1.000000000000000056e-01
1.445783132530120518e+01 -4.483504118600303290e-01 1.000000000000000056e-01
1.485943775100401609e+01 -4.149568371676799483e-01 1.000000000000000056e-01
1.526104417670682700e+01 -7.061938661136176743e-01 1.000000000000000056e-01
1.566265060240963791e+01 -7.102909279810056820e-01 1.000000000000000056e-01
1.606425702811245060e+01 -1.153262663321703574e+00 1.000000000000000056e-01
1.646586345381525973e+01 -1.593264449914723047e+00 1.000000000000000056e-01
1.686746987951807242e+01 -2.289289337192245366e+00 1.000000000000000056e-01
1.726907630522088510e+01 -2.752037063909985370e+00 1.000000000000000056e-01
1.767068273092369424e+01 -2.887957687496640613e+00 1.000000000000000056e-01
1.807228915662650692e+01 -3.211440203267626803e+00 1.000000000000000056e-01
1.847389558232931606e+01 -3.082209142544552360e+00 1.000000000000000056e-01
1.887550200803212874e+01 -2.753454298035969305e+00 1.000000000000000056e-01
1.927710843373493788e+01 -2.485062549237222917e+00 1.000000000000000056e-01
1.967871485943775056e+01 -2.425322043647806236e+00 1.000000000000000056e-01
2.008032128514056325e+01 -2.307844720236992497e+00 1.000000000000000056e-01
2.048192771084337238e+01 -2.165299596335147125e+00 1.000000000000000056e-01
2.088353413654618507e+01 -2.270814290134823832e+00 1.000000000000000056e-01
2.128514056224899420e+01 -1.876794676365202363e+00 1.000000000000000056e-01
2.168674698795180689e+01 -1.267765004202210610e+00 1.000000000000000056e-01
2.208835341365461957e+01 -8.911829640186607060e-01 1.000000000000000056e-01
2.248995983935742871e+01 -1.317432337666215592e-01 1.000000000000000056e-01
2.289156626506024139e+01 1.785703084489046466e-01 1.000000000000000056e-01
2.329317269076305053e+01 5.642576614988989991e-01 1.000000000000000056e-01
2.369477911646586321e+01 8.753329956432694958e-01 1.000000000000000056e-01
2.409638554216867590e+01 8.301638911277687827e-01 1.000000000000000056e-01
2.449799196787148503e+01 1.417463479916455382e+00 1.000000000000000056e-01
2.489959839357429772e+01 1.338572510806218752e+00 1.000000000000000056e-01
2.530120481927710685e+01 1.417382486793294039e+00 1.000000000000000056e-01
2.570281124497991954e+01 1.462848647743304031e+00 1.000000000000000056e-01
2.610441767068273222e+01 1.304614172376417081e+00 1.000000000000000056e-01
2.650602409638554136e+01 9.234452747212689161e-01 1.000000000000000056e-01
2.690763052208835404e+01 2.819347055340071795e-01 1.000000000000000056e-01
2.730923694779116317e+01 -7.225652009658481978e-01 1.000000000000000056e-01
2.771084337349397586e+01 -1.368895088597471110e+00 1.000000000000000056e-01
2.811244979919678855e+01 -1.725897747967268803e+00 1.000000000000000056e-01
2.851405622489959768e+01 -1.660115931243921539e+00 1.000000000000000056e-01
2.891566265060241037e+01 -9.719692795945741315e-01 1.000000000000000056e-01
2.931726907630521950e+01 -7.656135154050242031e-01 1.000000000000000056e-01
2.971887550200803219e+01 -3.426240454827100268e-01 1.000000000000000056e-01
3.012048192771084487e+01 -2.502165362688494876e-01 1.000000000000000056e-01
3.052208835341365400e+01 2.855305490133203672e-01 1.000000000000000056e-01
3.092369477911646669e+01 1.829325782533333666e-01 1.000000000000000056e-01
3.132530120481927582e+01 2.243632798567595232e-01 1.000000000000000056e-01
3.172690763052208851e+01 -3.051552895239333374e-01 1.000000000000000056e-01
3.212851405622490120e+01 -6.432915591035373026e-01 1.000000000000000056e-01
3.253012048192771033e+01 -1.507204227103107863e+00 1.000000000000000056e-01
3.293172690763051946e+01 -2.018630783211390334e+00 1.000000000000000056e-01
3.333333333333333570e+01 -2.430562222787010285e+00 1.000000000000000056e-01
3.373493975903614484e+01 -2.385680412075595225e+00 1.000000000000000056e-01
3.413654618473895397e+01 -2.452676062813732294e+00 1.000000000000000056e-01
3.453815261044177021e+01 -2.416231729865546463e+00 1.000000000000000056e-01
3.493975903614457934e+01 -2.365920993723237942e+00 1.000000000000000056e-01
3.534136546184738847e+01 -2.029105163069939710e+00 1.000000000000000056e-01
3.574297188755019761e+01 -1.674784840505693762e+00 1.000000000000000056e-01
3.614457831325301385e+01 -1.205271337430841694e+00 1.000000000000000056e-01
3.654618473895582298e+01 -4.243217755200662800e-01 1.000000000000000056e-01
3.694779116465863211e+01 -1.970365238748237602e-01 1.000000000000000056e-01
3.734939759036144835e+01 3.264271299289606132e-03 1.000000000000000056e-01
3.775100401606425748e+01 -2.303216451033329171e-01 1.000000000000000056e-01
3.815261044176706662e+01 -2.311848035505044141e-01 1.000000000000000056e-01
3.855421686746987575e+01 1.100903569726272013e-01 1.000000000000000056e-01
3.895582329317269199e+01 4.063487390121729437e-01 1.000000000000000056e-01
3.935742971887550112e+01 8.086313620148607439e-01 1.000000000000000056e-01
3.975903614457831026e+01 9.800655858781138763e-01 1.000000000000000056e-01
4.016064257028112650e+01 8.199555619295654241e-01 1.000000000000000056e-01
4.056224899598393563e+01 9.529763049254422747e-01 1.000000000000000056e-01
4.096385542168674476e+01 8.543999567161845166e-01 1.000000000000000056e-01
4.136546184738956100e+01 6.848906714574396482e-01 1.000000000000000056e-01
4.176706827309237013e+01 7.120887826075789073e-01 1.000000000000000056e-01
4.216867469879517927e+01 2.785000185043888798e-01 1.000000000000000056e-01
4.257028112449798840e+01 -2.123488824799316388e-01 1.000000000000000056e-01
4.297188755020080464e+01 -7.311171087533969715e-01 1.000000000000000056e-01
4.337349397590361377e+01 -1.156454186821593844e+00 1.000000000000000056e-01
4.377510040160642291e+01 -9.331433593866840237e-01 1.000000000000000056e-01
4.417670682730923915e+01 -9.495093179667747352e-01 1.000000000000000056e-01
4.457831325301204828e+01 -4.327921930153780794e-01 1.000000000000000056e-01
4.497991967871485741e+01 1.047483666252146395e-01 1.000000000000000056e-01
4.538152610441767365e+01 -7.176288102878065900e-02 1.000000000000000056e-01
4.578313253012048278e+01 -1.667321851173073355e-01 1.000000000000000056e-01
4.618473895582329192e+01 -2.740818565877709556e-01 1.000000000000000056e-01
4.658634538152610105e+01 -6.120698290527071261e-01 1.000000000000000056e-01
4.698795180722891729e+01 -4.593079412114540738e-01 1.000000000000000056e-01
4.738955823293172642e+01 -2.078488194195637906e-01 1.000000000000000056e-01
4.779116465863453556e+01 -2.015370132864280350e-01 1.000000000000000056e-01
4.819277108433735179e+01 2.759775704497724469e-02 1.000000000000000056e-01
4.859437751004016093e+01 3.485822459524021699e-01 1.000000000000000056e-01
4.899598393574297006e+01 8.478938639164735891e-01 1.000000000000000056e-01
4.939759036144578630e+01 1.073287300889076201e+00 1.000000000000000056e-01
4.979919678714859543e+01 1.417791278588221182e+00 1.000000000000000056e-01
5.020080321285140457e+01 1.238750637388178699e+00 1.000000000000000056e-01
5.060240963855421370e+01 8.123551444471955874e-01 1.000000000000000056e-01
5.100401606425702994e+01 4.982616016040040119e-01 1.000000000000000056e-01
5.140562248995983907e+01 2.203624403673010435e-01 1.000000000000000056e-01
5.180722891566264821e+01 2.973922590016839229e-01 1.000000000000000056e-01
5.220883534136546444e+01 3.125136400829701122e-01 1.000000000000000056e-01
5.261044176706827358e+01 6.341948358261441099e-01 1.000000000000000056e-01
5.301204819277108271e+01 9.371039601025586974e-01 1.000000000000000056e-01
5.341365461847389184e+01 8.853919477489179402e-01 1.000000000000000056e-01
5.381526104417670808e+01 1.141331026500855605e+00 1.000000000000000056e-01
5.421686746987951722e+01 1.064620582452781017e+00 1.000000000000000056e-01
5.461847389558232635e+01 1.022387529909223547e+00 1.000000000000000056e-01
5.502008032128514259e+01 1.207109725390415722e+00 1.000000000000000056e-01
5.542168674698795172e+01 1.156853234293211852e+00 1.000000000000000056e-01
5.582329317269076085e+01 1.282654023270908716e+00 1.000000000000000056e-01
5.622489959839357709e+01 1.092112635081717631e+00 1.000000000000000056e-01
5.662650602409638623e+01 1.019164859794503109e+00 1.000000000000000056e-01
5.702811244979919536e+01 6.878261465030516275e-01 1.000000000000000056e-01
5.742971887550200449e+01 -1.318086936017440203e-03 1.000000000000000056e-01
5.783132530120482073e+01 -1.011623257485688043e+00 1.000000000000000056e-01
5.823293172690762987e+01 -1.710928785935357244e+00 1.000000000000000056e-01
5.863453815261043900e+01 -2.016264466223320007e+00 1.000000000000000056e-01
5.903614457831325524e+01 -1.918135744734799308e+00 1.000000000000000056e-01
5.943775100401606437e+01 -1.562684666324944960e+00 1.000000000000000056e-01
5.983935742971887350e+01 -8.894031544088093488e-01 1.000000000000000056e-01
6.024096385542168974e+01 3.335183690432663717e-02 1.000000000000000056e-01
6.064257028112449888e+01 8.421894822720339402e-01 1.000000000000000056e-01
6.104417670682730801e+01 1.192187932072710232e+00 1.000000000000000056e-01
6.144578313253011714e+01 1.159841607366604910e+00 1.000000000000000056e-01
6.184738955823293338e+01 1.213806487392474098e+00 1.000000000000000056e-01
6.224899598393574252e+01 1.262687210991134457e+00 1.000000000000000056e-01
6.265060240963855165e+01 1.516383988731221821e+00 1.000000000000000056e-01
6.305220883534136789e+01 1.450656587588459168e+00 1.000000000000000056e-01
6.345381526104417702e+01 1.446742485137428202e+00 1.000000000000000056e-01
6.385542168674698615e+01 1.006905783780582375e+00 1.000000000000000056e-01
6.425702811244980239e+01 6.713192767972583352e-01 1.000000000000000056e-01
6.465863453815261153e+01 6.286757872207247022e-01 1.000000000000000056e-01
6.506024096385542066e+01 7.678801683609878248e-01 1.000000000000000056e-01
6.546184738955822979e+01 1.232091848224365238e+00 1.000000000000000056e-01
6.586345381526103893e+01 1.196053722235849603e+00 1.000000000000000056e-01
6.626506024096384806e+01 1.332040466125448575e+00 1.000000000000000056e-01
6.666666666666667140e+01 6.472495907217160616e-01 1.000000000000000056e-01
6.706827309236948054e+01 3.332327409465960510e-01 1.000000000000000056e-01
6.746987951807228967e+01 -6.185466457170486765e-02 1.000000000000000056e-01
6.787148594377509880e+01 -2.374124876586112265e-01 1.000000000000000056e-01
6.827309236947790794e+01 -2.498994468624832765e-01 1.000000000000000056e-01
6.867469879518071707e+01 -2.320775516691393481e-01 1.000000000000000056e-01
6.907630522088354041e+01 -3.913578792045466770e-01 1.000000000000000056e-01
6.947791164658634955e+01 -4.084617116075409671e-01 1.000000000000000056e-01
6.987951807228915868e+01 -2.047744186526549159e-01 1.000000000000000056e-01
7.028112449799196781e+01 2.204869750439360510e-01 1.000000000000000056e-01
7.068273092369477695e+01 3.088768844806001335e-01 1.000000000000000056e-01
7.108433734939758608e+01 6.874115551858914763e-01 1.000000000000000056e-01
7.148594377510039521e+01 5.537432727125739529e-01 1.000000000000000056e-01
7.188755020080321856e+01 5.940498026170472068e-01 1.000000000000000056e-01
7.228915662650602769e+01 5.144346214516942739e-01 1.000000000000000056e-01
7.269076305220883683e+01 3.435400866847405643e-01 1.000000000000000056e-01
7.309236947791164596e+01 6.605854028311670678e-01 1.000000000000000056e-01
7.349397590361445509e+01 5.693719773612028190e-01 1.000000000000000056e-01
7.389558232931726423e+01 8.004624328415409495e-01 1.000000000000000056e-01
7.429718875502007336e+01 7.843684250659721524e-01 1.000000000000000056e-01
7.469879518072289670e+01 1.055332575527283989e+00 1.000000000000000056e-01
7.510040160642570584e+01 8.674166312580861016e-01 1.000000000000000056e-01
7.550200803212851497e+01 1.198948394289454988e+00 1.000000000000000056e-01
7.590361445783132410e+01 1.195741748227014067e+00 1.000000000000000056e-01
7.630522088353413324e+01 9.073726915178083052e-01 1.000000000000000056e-01
7.670682730923694237e+01 1.250050055990545417e+00 1.000000000000000056e-01
7.710843373493975150e+01 8.787957861952337968e-01 1.000000000000000056e-01
7.751004016064257485e+01 1.287218280421352334e+00 1.000000000000000056e-01
7.791164658634538398e+01 1.121322996105914127e+00 1.000000000000000056e-01
7.831325301204819311e+01 1.487990260056761826e+00 1.000000000000000056e-01
7.871485943775100225e+01 1.297022146308336454e+00 1.000000000000000056e-01
7.911646586345381138e+01 1.051234856094942938e+00 1.000000000000000056e-01
7.951807228915662051e+01 1.314566283684507564e+00 1.000000000000000056e-01
7.991967871485944386e+01 1.558259234104052648e+00 1.000000000000000056e-01
8.032128514056225299e+01 1.869002632277660059e+00 1.000000000000000056e-01
8.072289156626506212e+01 2.536971924325063910e+00 1.000000000000000056e-01
8.112449799196787126e+01 2.888865709691254668e+00 1.000000000000000056e-01
8.152610441767068039e+01 2.902863721952949838e+00 1.000000000000000056e-01
8.192771084337348952e+01 3.214020863321496169e+00 1.000000000000000056e-01
8.232931726907629866e+01 3.238993043855650455e+00 1.000000000000000056e-01
8.273092369477912200e+01 3.417483901993930040e+00 1.000000000000000056e-01
8.313253012048193114e+01 3.375977984061552473e+00 1.000000000000000056e-01
8.353413654618474027e+01 3.206707684329388464e+00 1.000000000000000056e-01
8.393574297188754940e+01 2.776193224065433895e+00 1.000000000000000056e-01
8.433734939759035854e+01 1.882990486840379285e+00 1.000000000000000056e-01
8.473895582329316767e+01 1.185892723140942628e+00 1.000000000000000056e-01
8.514056224899597680e+01 -8.220162010707227074e-02 1.000000000000000056e-01
8.554216867469880015e+01 -1.064045704680460114e+00 1.000000000000000056e-01
8.594377510040160928e+01 -1.627795294099976253e+00 1.000000000000000056e-01
8.634538152610441841e+01 -2.146352776893833081e+00 1.000000000000000056e-01
8.674698795180722755e+01 -1.918115717353118033e+00 1.000000000000000056e-01
8.714859437751003668e+01 -1.381764902449514221e+00 1.000000000000000056e-01
8.755020080321284581e+01 -4.614931489227211969e-01 1.000000000000000056e-01
8.795180722891566916e+01 3.988596284184878771e-01 1.000000000000000056e-01
8.835341365461847829e+01 1.102835427370515431e+00 1.000000000000000056e-01
8.875502008032128742e+01 1.591611123942578976e+00 1.000000000000000056e-01
8.915662650602409656e+01 1.839216857108884939e+00 1.000000000000000056e-01
8.955823293172690569e+01 2.081589917375976206e+00 1.000000000000000056e-01
8.995983935742971482e+01 1.944078187698675020e+00 1.000000000000000056e-01
9.036144578313252396e+01 1.903119498902520412e+00 1.000000000000000056e-01
9.076305220883534730e+01 1.937339977194602492e+00 1.000000000000000056e-01
9.116465863453815643e+01 1.798907321046782082e+00 1.000000000000000056e-01
9.156626506024096557e+01 1.493316845601956100e+00 1.000000000000000056e-01
9.196787148594377470e+01 1.088406365352119654e+00 1.000000000000000056e-01
9.236947791164658383e+01 5.189423807661425192e-01 1.000000000000000056e-01
9.277108433734939297e+01 1.461338278806089408e-01 1.000000000000000056e-01
9.317269076305220210e+01 1.992105856831932753e-03 1.000000000000000056e-01
9.357429718875502545e+01 -3.512348056497179849e-01 1.000000000000000056e-01
9.397590361445783458e+01 -3.802318394201260054e-01 1.000000000000000056e-01
9.437751004016064371e+01 -6.480454845748484516e-01 1.000000000000000056e-01
9.477911646586345285e+01 -4.881493800269075534e-01 1.000000000000000056e-01
9.518072289156626198e+01 -2.417164020815853742e-01 1.000000000000000056e-01
9.558232931726907111e+01 7.991670838937023347e-03 1.000000000000000056e-01
9.598393574297188025e+01 3.740733932924009686e-01 1.000000000000000056e-01
9.638554216867470359e+01 6.103570698902951452e-01 1.000000000000000056e-01
9.678714859437751272e+01 6.973068826289823274e-01 1.000000000000000056e-01
9.718875502008032186e+01 5.738997693542402523e-01 1.000000000000000056e-01
9.759036144578313099e+01 1.150910605434322942e-02 1.000000000000000056e-01
9.799196787148594012e+01 -3.157820675795562360e-01 1.000000000000000056e-01
9.839357429718874926e+01 -8.412286818849616932e-01 1.000000000000000056e-01
9.879518072289157260e+01 -1.486692981121083168e+00 1.000000000000000056e-01
9.919678714859438173e+01 -1.704953428359929690e+00 1.000000000000000056e-01
9.959839357429719087e+01 -1.726770041688702628e+00 1.000000000000000056e-01
1.000000000000000000e+02 -1.276716661951982745e+00 1.000000000000000056e-01
