0.000000000000000000e+00 -1.788094689554496020e+00 1.000000000000000056e-01
4.016064257028112428e-01 -1.265399526227492633e+00 1.000000000000000056e-01
8.032128514056224855e-01 -8.103929246944470144e-01 1.000000000000000056e-01
1.204819277108433617e+00 -5.727542584885284560e-01 1.000000000000000056e-01
1.606425702811244971e+00 -8.934322902108042808e-01 1.000000000000000056e-01
2.008032128514056325e+00 -5.879275147894158504e-01 1.000000000000000056e-01
2.409638554216867234e+00 -9.145494775601412663e-01 1.000000000000000056e-01
2.811244979919678588e+00 -6.229655638766997683e-01 1.000000000000000056e-01
3.212851405622489942e+00 -5.117783844671718319e-01 1.000000000000000056e-01
3.614457831325301296e+00 -5.673221226385789517e-01 1.000000000000000056e-01
4.016064257028112650e+00 -7.204198781347461722e-01 1.000000000000000056e-01
4.417670682730923559e+00 -1.164137960167904939e+00 1.000000000000000056e-01
4.819277108433734469e+00 -1.342792698011449071e+00 1.000000000000000056e-01
5.220883534136546267e+00 -1.490524988843578091e+00 1.000000000000000056e-01
5.622489959839357176e+00 -1.429067819407440432e+00 1.000000000000000056e-01
6.024096385542168974e+00 -9.510556609528354466e-01 1.000000000000000056e-01
6.425702811244979884e+00 -2.282288552363511136e-01 1.000000000000000056e-01
6.827309236947790794e+00 1.968090050827296933e-01 1.000000000000000056e-01
7.228915662650602592e+00 5.955637279318851673e-01 1.000000000000000056e-01
7.630522088353413501e+00 3.695268896441676887e-01 1.000000000000000056e-01
8.032128514056225299e+00 1.186879996524237008e-01 1.000000000000000056e-01
8.433734939759036209e+00 -6.055308414632785963e-02 1.000000000000000056e-01
8.835341365461847118e+00 -3.952192717176082892e-01 1.000000000000000056e-01
9.236947791164658028e+00 -6.247449816946979428e-01 1.000000000000000056e-01
9.638554216867468938e+00 -5.852587675977463100e-01 1.000000000000000056e-01
1.004016064257028162e+01 -4.119620348830299594e-01 1.000000000000000056e-01
1.044176706827309253e+01 1.742702115250979733e-01 1.000000000000000056e-01
1.084337349397590344e+01 8.191320004813974487e-01 1.000000000000000056e-01
1.124497991967871435e+01 1.521756091924925558e+00 1.000000000000000056e-01
1.164658634538152526e+01 1.866454604929572714e+00 1.000000000000000056e-01
1.204819277108433795e+01 1.989360826512891478e+00 1.000000000000000056e-01
1.244979919678714886e+01 1.976720077563756561e+00 1.000000000000000056e-01
1.285140562248995977e+01 1.912063017303311963e+00 1.000000000000000056e-01
1.325301204819277068e+01 1.757647958287303247e+00 1.000000000000000056e-01
1.365461847389558159e+01 1.623154281698474533e+00 1.000000000000000056e-01
1.405622489959839427e+01 1.865623364692718944e+00 1.000000000000000056e-01
1.445783132530120518e+01 2.297355429178539854e+00 1.000000000000000056e-01
1.485943775100401609e+01 2.336301073368847625e+00 1.000000000000000056e-01
1.526104417670682700e+01 1.792438198775507363e+00 1.000000000000000056e-01
1.566265060240963791e+01 1.295984068586105709e+00 1.000000000000000056e-01
1.606425702811245060e+01 5.264534150383067823e-01 1.000000000000000056e-01
1.646586345381525973e+01 1.041034755931157463e+00 1.000000000000000056e-01
1.686746987951807242e+01 1.283169517403421001e+00 1.000000000000000056e-01
1.726907630522088510e+01 1.442799132720006705e+00 1.000000000000000056e-01
1.767068273092369424e+01 5.468434661943217812e-01 1.000000000000000056e-01
1.807228915662650692e+01 -1.324746843089516513e-01 1.000000000000000056e-01
1.847389558232931606e+01 -5.249110266975244299e-01 1.000000000000000056e-01
1.887550200803212874e+01 2.345878881507665326e-02 1.000000000000000056e-01
1.927710843373493788e+01 7.327752535605921991e-02 1.000000000000000056e-01
1.967871485943775056e+01 3.718392702749063194e-01 1.000000000000000056e-01
2.008032128514056325e+01 9.565333373690939611e-01 1.000000000000000056e-01
2.048192771084337238e+01 1.186096275420540191e+00 1.000000000000000056e-01
2.088353413654618507e+01 1.162205964908864297e+00 1.000000000000000056e-01
2.128514056224899420e+01 8.559139687797826523e-01 1.000000000000000056e-01
2.168674698795180689e+01 6.366462853494513352e-01 1.000000000000000056e-01
2.208835341365461957e+01 6.601275784079850828e-01 1.000000000000000056e-01
2.248995983935742871e+01 6.968838756469086793e-01 1.000000000000000056e-01
2.289156626506024139e+01 5.410274786210070852e-01 1.000000000000000056e-01
2.329317269076305053e+01 7.041213858144286242e-01 1.000000000000000056e-01
2.369477911646586321e+01 9.706531952317805079e-01 1.000000000000000056e-01
2.409638554216867590e+01 1.253858091324228985e+00 1.000000000000000056e-01
2.449799196787148503e+01 6.653696180933018622e-01 1.000000000000000056e-01
2.489959839357429772e+01 5.131985462041280810e-01 1.000000000000000056e-01
2.530120481927710685e+01 1.266719269776147572e-01 1.000000000000000056e-01
2.570281124497991954e+01 -2.774502708739515766e-01 1.000000000000000056e-01
2.610441767068273222e+01 -8.225872230140981456e-01 1.000000000000000056e-01
2.650602409638554136e+01 -1.066463390694714519e+00 1.000000000000000056e-01
2.690763052208835404e+01 -1.415558809855604006e+00 1.000000000000000056e-01
2.730923694779116317e+01 -1.274073852197630918e+00 1.000000000000000056e-01
2.771084337349397586e+01 -1.172564429749889614e+00 1.000000000000000056e-01
2.811244979919678855e+01 -3.963133907177799342e-01 1.000000000000000056e-01
2.851405622489959768e+01 4.253669870438629985e-01 1.000000000000000056e-01
2.891566265060241037e+01 1.076677913720267776e+00 1.000000000000000056e-01
2.931726907630521950e+01 1.232869282061446858e+00 1.000000000000000056e-01
2.971887550200803219e+01 1.190301173656279632e+00 1.000000000000000056e-01
3.012048192771084487e+01 6.431478322784001112e-01 1.000000000000000056e-01
3.052208835341365400e+01 4.034062732518326477e-01 1.000000000000000056e-01
3.092369477911646669e+01 2.189348340116668568e-01 1.000000000000000056e-01
3.132530120481927582e+01 3.000100150228987017e-01 1.000000000000000056e-01
3.172690763052208851e+01 4.541672680003730478e-01 1.000000000000000056e-01
3.212851405622490120e+01 3.523237808807090365e-01 1.000000000000000056e-01
3.253012048192771033e+01 -3.122055419679977684e-01 1.000000000000000056e-01
3.293172690763051946e+01 -1.053027860693557471e+00 1.000000000000000056e-01
3.333333333333333570e+01 -1.782678364963443007e+00 1.000000000000000056e-01
3.373493975903614484e+01 -1.958077572744780115e+00 1.000000000000000056e-01
3.413654618473895397e+01 -1.362746261408620319e+00 1.000000000000000056e-01
3.453815261044177021e+01 -5.989592424331291465e-01 1.000000000000000056e-01
3.493975903614457934e+01 5.301425532779874272e-02 1.000000000000000056e-01
3.534136546184738847e+01 8.026078854795036799e-01 1.000000000000000056e-01
3.574297188755019761e+01 9.702507370939644771e-01 1.000000000000000056e-01
3.614457831325301385e+01 9.452606951506312694e-01 1.000000000000000056e-01
3.654618473895582298e+01 6.587637583791935425e-01 1.000000000000000056e-01
3.694779116465863211e+01 5.255213629000426989e-01 1.000000000000000056e-01
3.734939759036144835e+01 1.928528231399451176e-02 1.000000000000000056e-01
3.775100401606425748e+01 -2.537114778135258764e-01 1.000000000000000056e-01
3.815261044176706662e+01 -3.943725628003886818e-01 1.000000000000000056e-01
3.855421686746987575e+01 -6.760800077889723703e-01 1.000000000000000056e-01
3.895582329317269199e+01 -9.280483751850626684e-01 1.000000000000000056e-01
3.935742971887550112e+01 -7.012308790652356238e-01 1.000000000000000056e-01
3.975903614457831026e+01 -7.873119587607443348e-01 1.000000000000000056e-01
4.016064257028112650e+01 -7.390846743744783343e-01 1.000000000000000056e-01
4.056224899598393563e+01 -6.461921568924128279e-01 1.000000000000000056e-01
4.096385542168674476e+01 -2.606530974556577895e-01 1.000000000000000056e-01
4.136546184738956100e+01 1.535175182769091262e-01 1.000000000000000056e-01
4.176706827309237013e+01 1.065310655518613425e-01 1.000000000000000056e-01
4.216867469879517927e+01 9.111402482904921996e-03 1.000000000000000056e-01
4.257028112449798840e+01 -1.708106655048642342e-01 1.000000000000000056e-01
4.297188755020080464e+01 -4.936579085289934943e-01 1.000000000000000056e-01
4.337349397590361377e+01 -5.216748069549136391e-01 1.000000000000000056e-01
4.377510040160642291e+01 -3.420162618279826150e-01 1.000000000000000056e-01
4.417670682730923915e+01 1.404533735085282120e-01 1.000000000000000056e-01
4.457831325301204828e+01 8.468741878791761213e-01 1.000000000000000056e-01
4.497991967871485741e+01 1.528163729382097991e+00 1.000000000000000056e-01
4.538152610441767365e+01 1.711474647919619896e+00 1.000000000000000056e-01
4.578313253012048278e+01 9.885636550648132514e-01 1.000000000000000056e-01
4.618473895582329192e+01 -1.704000152064558127e-01 1.000000000000000056e-01
4.658634538152610105e+01 -1.154126819828595218e+00 1.000000000000000056e-01
4.698795180722891729e+01 -1.424429943102390350e+00 1.000000000000000056e-01
4.738955823293172642e+01 -1.072577905476875815e+00 1.000000000000000056e-01
4.779116465863453556e+01 -7.893622860341851233e-01 1.000000000000000056e-01
4.819277108433735179e+01 -9.534682791797403079e-01 1.000000000000000056e-01
4.859437751004016093e+01 -1.161362507801916077e+00 1.000000000000000056e-01
4.899598393574297006e+01 -3.232686115980376584e-01 1.000000000000000056e-01
4.939759036144578630e+01 3.188477609620318787e-01 1.000000000000000056e-01
4.979919678714859543e+01 7.580198398962672002e-01 1.000000000000000056e-01
5.020080321285140457e+01 5.840089027973660585e-01 1.000000000000000056e-01
5.060240963855421370e+01 3.008725044981486185e-02 1.000000000000000056e-01
5.100401606425702994e+01 -5.269836467681386916e-01 1.000000000000000056e-01
5.140562248995983907e+01 -7.727239138036418042e-01 1.000000000000000056e-01
5.180722891566264821e+01 -7.408917832378929536e-01 1.000000000000000056e-01
5.220883534136546444e+01 -3.382847776266137418e-01 1.000000000000000056e-01
5.261044176706827358e+01 3.206995894454076623e-01 1.000000000000000056e-01
5.301204819277108271e+01 -1.239470501515688161e-01 1.000000000000000056e-01
5.341365461847389184e+01 -7.457361785950822330e-01 1.000000000000000056e-01
5.381526104417670808e+01 -1.271370286511551928e+00 1.000000000000000056e-01
5.421686746987951722e+01 -1.800430397456207920e+00 1.000000000000000056e-01
5.461847389558232635e+01 -1.627117762027190384e+00 1.000000000000000056e-01
5.502008032128514259e+01 -1.282260443047574583e+00 1.000000000000000056e-01
5.542168674698795172e+01 -1.297077867090744574e+00 1.000000000000000056e-01
5.582329317269076085e+01 -1.530368068946887483e+00 1.000000000000000056e-01
5.622489959839357709e+01 -1.444256864036269183e+00 1.000000000000000056e-01
5.662650602409638623e+01 -9.623632152982442012e-01 1.000000000000000056e-01
5.702811244979919536e+01 4.803497471767069760e-01 1.000000000000000056e-01
5.742971887550200449e+01 2.183207921470744051e+00 1.000000000000000056e-01
5.783132530120482073e+01 2.850792254385392965e+00 1.000000000000000056e-01
5.823293172690762987e+01 3.089658704277476353e+00 1.000000000000000056e-01
5.863453815261043900e+01 2.399541411991045869e+00 1.000000000000000056e-01
5.903614457831325524e+01 1.064214292605894174e+00 1.000000000000000056e-01
5.943775100401606437e+01 4.648559722180488629e-01 1.000000000000000056e-01
5.983935742971887350e+01 -1.220939899111618543e-01 1.000000000000000056e-01
6.024096385542168974e+01 -5.661968460502843081e-01 1.000000000000000056e-01
6.064257028112449888e+01 -4.639771419244128614e-01 1.000000000000000056e-01
6.104417670682730801e+01 -5.729785652517517258e-01 1.000000000000000056e-01
6.144578313253011714e+01 -7.812944135480698327e-02 1.000000000000000056e-01
6.184738955823293338e+01 -8.491060848608271427e-02 1.000000000000000056e-01
6.224899598393574252e+01 2.294413169017348042e-01 1.000000000000000056e-01
6.265060240963855165e+01 -7.601819407308244014e-02 1.000000000000000056e-01
6.305220883534136789e+01 2.778120239000944625e-02 1.000000000000000056e-01
6.345381526104417702e+01 1.670238483108571481e-02 1.000000000000000056e-01
6.385542168674698615e+01 9.001366682821598797e-02 1.000000000000000056e-01
6.425702811244980239e+01 -6.322230531966631373e-02 1.000000000000000056e-01
6.465863453815261153e+01 1.035670638296520008e-01 1.000000000000000056e-01
6.506024096385542066e+01 -3.328539067733147228e-01 1.000000000000000056e-01
6.546184738955822979e+01 -5.040043125698422388e-01 1.000000000000000056e-01
6.586345381526103893e+01 -6.429039055060058461e-01 1.000000000000000056e-01
6.626506024096384806e+01 -8.885672098993616097e-02 1.000000000000000056e-01
6.666666666666667140e+01 4.961770850580748404e-01 1.000000000000000056e-01
6.706827309236948054e+01 9.160270326976037714e-01 1.000000000000000056e-01
6.746987951807228967e+01 1.648224432995691435e+00 1.000000000000000056e-01
6.787148594377509880e+01 1.561742652213407023e+00 1.000000000000000056e-01
6.827309236947790794e+01 1.477349733420522337e+00 1.000000000000000056e-01
6.867469879518071707e+01 1.150894224667198706e+00 1.000000000000000056e-01
6.907630522088354041e+01 9.554181605575758907e-01 1.000000000000000056e-01
6.947791164658634955e+01 6.265728452411419847e-01 1.000000000000000056e-01
6.987951807228915868e+01 -3.181464069973279074e-03 1.000000000000000056e-01
7.028112449799196781e+01 -5.065870409234128902e-01 1.000000000000000056e-01
7.068273092369477695e+01 -1.014479761103401767e+00 1.000000000000000056e-01
7.108433734939758608e+01 -1.200638592582506714e+00 1.000000000000000056e-01
7.148594377510039521e+01 -1.001734143676753730e+00 1.000000000000000056e-01
7.188755020080321856e+01 -3.665547500881417564e-01 1.000000000000000056e-01
7.228915662650602769e+01 9.778433478143755408e-02 1.000000000000000056e-01
7.269076305220883683e+01 5.024880415208902162e-01 1.000000000000000056e-01
7.309236947791164596e+01 7.507149479618148158e-01 1.000000000000000056e-01
7.349397590361445509e+01 6.625357974848302689e-01 1.000000000000000056e-01
7.389558232931726423e+01 1.810190682050519251e-01 1.000000000000000056e-01
7.429718875502007336e+01 -1.097950911128776214e-01 1.000000000000000056e-01
7.469879518072289670e+01 -3.614608262931580107e-01 1.000000000000000056e-01
7.510040160642570584e+01 -7.105294482720656557e-01 1.000000000000000056e-01
7.550200803212851497e+01 -1.124704456223141857e+00 1.000000000000000056e-01
7.590361445783132410e+01 -1.309973022639946860e+00 1.000000000000000056e-01
7.630522088353413324e+01 -1.294619074717236584e+00 1.000000000000000056e-01
7.670682730923694237e+01 -9.778701487055526664e-01 1.000000000000000056e-01
7.710843373493975150e+01 -1.162280490024774293e+00 1.000000000000000056e-01
7.751004016064257485e+01 -1.391686338690967917e+00 1.000000000000000056e-01
7.791164658634538398e+01 -1.469767790372991989e+00 1.000000000000000056e-01
7.831325301204819311e+01 -1.296015070358051302e+00 1.000000000000000056e-01
7.871485943775100225e+01 -4.721540459274263801e-01 1.000000000000000056e-01
7.911646586345381138e+01 -2.651911729955035435e-01 1.000000000000000056e-01
7.951807228915662051e+01 -1.724464141237407044e-02 1.000000000000000056e-01
7.991967871485944386e+01 -4.084219469904853961e-02 1.000000000000000056e-01
8.032128514056225299e+01 -7.476483783259775251e-01 1.000000000000000056e-01
8.072289156626506212e+01 -1.115771124743562881e+00 1.000000000000000056e-01
8.112449799196787126e+01 -1.213239169647796434e+00 1.000000000000000056e-01
8.152610441767068039e+01 -7.258284338753913101e-01 1.000000000000000056e-01
8.192771084337348952e+01 -9.170490282754679701e-01 1.000000000000000056e-01
8.232931726907629866e+01 -1.109447398838125931e+00 1.000000000000000056e-01
8.273092369477912200e+01 -9.519569947583723657e-01 1.000000000000000056e-01
8.313253012048193114e+01 -6.422616546804769122e-01 1.000000000000000056e-01
8.353413654618474027e+01 -4.684809532072032878e-01 1.000000000000000056e-01
8.393574297188754940e+01 -1.731017731679153071e-01 1.000000000000000056e-01
8.433734939759035854e+01 3.022911716772154755e-01 1.000000000000000056e-01
8.473895582329316767e+01 1.940184594273434426e-01 1.000000000000000056e-01
8.514056224899597680e+01 1.854138655041195349e-01 1.000000000000000056e-01
8.554216867469880015e+01 6.726012201857194117e-02 1.000000000000000056e-01
8.594377510040160928e+01 3.761383761532006986e-02 1.000000000000000056e-01
8.634538152610441841e+01 3.511844311330785118e-01 1.000000000000000056e-01
8.674698795180722755e+01 8.383759778971936472e-01 1.000000000000000056e-01
8.714859437751003668e+01 1.332982137635739583e+00 1.000000000000000056e-01
8.755020080321284581e+01 2.286057489604623516e+00 1.000000000000000056e-01
8.795180722891566916e+01 2.475524463906645156e+00 1.000000000000000056e-01
8.835341365461847829e+01 2.149747379447659146e+00 1.000000000000000056e-01
8.875502008032128742e+01 1.113399567919661326e+00 1.000000000000000056e-01
8.915662650602409656e+01 3.432021381851450004e-01 1.000000000000000056e-01
8.955823293172690569e+01 -1.773823333282646963e-01 1.000000000000000056e-01
8.995983935742971482e+01 -3.292988771227368106e-01 1.000000000000000056e-01
9.036144578313252396e+01 -1.042869646279727669e-01 1.000000000000000056e-01
9.076305220883534730e+01 2.376355839833937111e-01 1.000000000000000056e-01
9.116465863453815643e+01 1.111734295990267629e+00 1.000000000000000056e-01
9.156626506024096557e+01 1.427052787403453982e+00 1.000000000000000056e-01
9.196787148594377470e+01 1.227878880674536211e+00 1.000000000000000056e-01
9.236947791164658383e+01 4.882089156610849856e-01 1.000000000000000056e-01
9.277108433734939297e+01 -4.187051638806149612e-01 1.000000000000000056e-01
9.317269076305220210e+01 -1.173411249979608773e+00 1.000000000000000056e-01
9.357429718875502545e+01 -1.362391433922832240e+00 1.000000000000000056e-01
9.397590361445783458e+01 -1.177252088834520816e+00 1.000000000000000056e-01
9.437751004016064371e+01 -1.076982557055020440e+00 1.000000000000000056e-01
9.477911646586345285e+01 -9.237652639697878643e-01 1.000000000000000056e-01
9.518072289156626198e+01 -6.413411166341600467e-01 1.000000000000000056e-01
9.558232931726907111e+01 -7.493112906913484972e-01 1.000000000000000056e-01
9.598393574297188025e+01 -7.282722106523527028e-01 1.000000000000000056e-01
9.638554216867470359e+01 -7.788927873918918277e-01 1.000000000000000056e-01
9.678714859437751272e+01 -6.454232685181124918e-01 1.000000000000000056e-01
9.718875502008032186e+01 -4.934646293093248870e-01 1.000000000000000056e-01
9.759036144578313099e+01 -4.966034997668622442e-01 1.000000000000000056e-01
9.799196787148594012e+01 -1.119765468105974104e+00 1.000000000000000056e-01
9.839357429718874926e+01 -1.983269614699690209e+00 1.000000000000000056e-01
9.879518072289157260e+01 -2.235307824778814734e+00 1.000000000000000056e-01
9.919678714859438173e+01 -1.937454545682459672e+00 1.000000000000000056e-01
9.959839357429719087e+01 -1.683659164489076820e+00 1.000000000000000056e-01
1.000000000000000000e+02 -1.249728358800170414e+00 1.000000000000000056e-01
