0.000000000000000000e+00 1.213382482429156362e+00 1.000000000000000056e-01
4.016064257028112428e-01 5.354832567244744990e-01 1.000000000000000056e-01
8.032128514056224855e-01 2.432983442677975616e-01 1.000000000000000056e-01
1.204819277108433617e+00 1.057351300597294957e-01 1.000000000000000056e-01
1.606425702811244971e+00 3.865752603640768004e-02 1.000000000000000056e-01
2.008032128514056325e+00 -9.940857106874700921e-03 1.000000000000000056e-01
2.409638554216867234e+00 -6.363066753371926509e-02 1.000000000000000056e-01
2.811244979919678588e+00 -5.777620870644935014e-01 1.000000000000000056e-01
3.212851405622489942e+00 -1.519823321355021406e+00 1.000000000000000056e-01
3.614457831325301296e+00 -2.423284103620182428e+00 1.000000000000000056e-01
4.016064257028112650e+00 -2.740913642507541326e+00 1.000000000000000056e-01
4.417670682730923559e+00 -2.828992910861816146e+00 1.000000000000000056e-01
4.819277108433734469e+00 -2.415621796665369470e+00 1.000000000000000056e-01
5.220883534136546267e+00 -1.600176085735645959e+00 1.000000000000000056e-01
5.622489959839357176e+00 -8.927256204566670350e-01 1.000000000000000056e-01
6.024096385542168974e+00 -2.438133658290834727e-01 1.000000000000000056e-01
6.425702811244979884e+00 -2.629885476079133477e-01 1.000000000000000056e-01
6.827309236947790794e+00 -4.828336927443537263e-01 1.000000000000000056e-01
7.228915662650602592e+00 -8.823399309202438756e-01 1.000000000000000056e-01
7.630522088353413501e+00 -1.595103062008253358e+00 1.000000000000000056e-01
8.032128514056225299e+00 -1.872005892679309502e+00 1.000000000000000056e-01
8.433734939759036209e+00 -1.913030079338064793e+00 1.000000000000000056e-01
8.835341365461847118e+00 -1.669068333583873631e+00 1.000000000000000056e-01
9.236947791164658028e+00 -1.628898301539865479e+00 1.000000000000000056e-01
9.638554216867468938e+00 -1.190465334897345517e+00 1.000000000000000056e-01
1.004016064257028162e+01 -9.034530853816901130e-01 1.000000000000000056e-01
1.044176706827309253e+01 -7.412191235692772162e-01 1.000000000000000056e-01
1.084337349397590344e+01 -3.252212655024315224e-01 1.000000000000000056e-01
1.124497991967871435e+01 2.304148098473641770e-01 1.000000000000000056e-01
1.164658634538152526e+01 6.900457514687068361e-01 1.000000000000000056e-01
1.204819277108433795e+01 6.835282089642850112e-01 1.000000000000000056e-01
1.244979919678714886e+01 3.969854560577775193e-01 1.000000000000000056e-01
1.285140562248995977e+01 -2.097303562543194333e-04 1.000000000000000056e-01
1.325301204819277068e+01 -5.127540257014522318e-01 1.000000000000000056e-01
1.365461847389558159e+01 -8.331059806060160389e-01 1.000000000000000056e-01
1.405622489959839427e+01 -1.294689074048472666e+00 1.000000000000000056e-01
1.445783132530120518e+01 -2.074502779162707977e+00 1.000000000000000056e-01
1.485943775100401609e+01 -2.550883573588900166e+00 1.000000000000000056e-01
1.526104417670682700e+01 -2.965929081039741178e+00 1.000000000000000056e-01
1.566265060240963791e+01 -3.128732370404631702e+00 1.000000000000000056e-01
1.606425702811245060e+01 -3.020712636565080267e+00 1.000000000000000056e-01
1.646586345381525973e+01 -2.449959492205109335e+00 1.000000000000000056e-01
1.686746987951807242e+01 -1.937383096086048084e+00 1.000000000000000056e-01
1.726907630522088510e+01 -1.369042376907865899e+00 1.000000000000000056e-01
1.767068273092369424e+01 -1.038681737135428218e+00 1.000000000000000056e-01
1.807228915662650692e+01 -6.280656021496983099e-01 1.000000000000000056e-01
1.847389558232931606e+01 -5.899801393159466167e-01 1.000000000000000056e-01
1.887550200803212874e+01 -7.023499435280051717e-01 1.000000000000000056e-01
1.927710843373493788e+01 -5.205351068408941018e-01 1.000000000000000056e-01
1.967871485943775056e+01 -7.146731231377545512e-02 1.000000000000000056e-01
2.008032128514056325e+01 3.658233832432589705e-01 1.000000000000000056e-01
2.048192771084337238e+01 4.003394053811927811e-01 1.000000000000000056e-01
2.088353413654618507e+01 2.440108723183014583e-01 1.000000000000000056e-01
2.128514056224899420e+01 -3.612344965716546286e-02 1.000000000000000056e-01
2.168674698795180689e+01 -6.011219989978973111e-01 1.000000000000000056e-01
2.208835341365461957e+01 -9.207915031394583449e-01 1.000000000000000056e-01
2.248995983935742871e+01 -6.479817614002328918e-01 1.000000000000000056e-01
2.289156626506024139e+01 5.374039778033843501e-02 1.000000000000000056e-01
2.329317269076305053e+01 8.857685735301549235e-01 1.000000000000000056e-01
2.369477911646586321e+01 1.663111540085375317e+00 1.000000000000000056e-01
2.409638554216867590e+01 2.070692317775729929e+00 1.000000000000000056e-01
2.449799196787148503e+01 2.346311417991543635e+00 1.000000000000000056e-01
2.489959839357429772e+01 2.226200388447277412e+00 1.000000000000000056e-01
2.530120481927710685e+01 1.884032104391888396e+00 1.000000000000000056e-01
2.570281124497991954e+01 1.267923537989684935e+00 1.000000000000000056e-01
2.610441767068273222e+01 4.578572353263948291e-01 1.000000000000000056e-01
2.650602409638554136e+01 -1.738299660581724693e-01 1.000000000000000056e-01
2.690763052208835404e+01 -7.081519140248213606e-01 1.000000000000000056e-01
2.730923694779116317e+01 -1.469552144192512344e+00 1.000000000000000056e-01
2.771084337349397586e+01 -1.621008473430225250e+00 1.000000000000000056e-01
2.811244979919678855e+01 -2.109026857217144002e+00 1.000000000000000056e-01
2.851405622489959768e+01 -2.383069749987946739e+00 1.000000000000000056e-01
2.891566265060241037e+01 -2.622972557523874482e+00 1.000000000000000056e-01
2.931726907630521950e+01 -2.406930422491682098e+00 1.000000000000000056e-01
2.971887550200803219e+01 -1.964522488515511700e+00 1.000000000000000056e-01
3.012048192771084487e+01 -1.792512007684420983e+00 1.000000000000000056e-01
3.052208835341365400e+01 -1.011026819842471891e+00 1.000000000000000056e-01
3.092369477911646669e+01 -5.765271182477788026e-01 1.000000000000000056e-01
3.132530120481927582e+01 -1.658306593839221077e-01 1.000000000000000056e-01
3.172690763052208851e+01 -4.440156460518613901e-01 1.000000000000000056e-01
3.212851405622490120e+01 -5.864887648970327216e-01 1.000000000000000056e-01
3.253012048192771033e+01 -1.298290218498538318e+00 1.000000000000000056e-01
3.293172690763051946e+01 -1.873332393918098138e+00 1.000000000000000056e-01
3.333333333333333570e+01 -2.054653739579214822e+00 1.000000000000000056e-01
3.373493975903614484e+01 -2.383975395162709177e+00 1.000000000000000056e-01
3.413654618473895397e+01 -2.577379967343583544e+00 1.000000000000000056e-01
3.453815261044177021e+01 -2.418091251427143540e+00 1.000000000000000056e-01
3.493975903614457934e+01 -2.558087336377563581e+00 1.000000000000000056e-01
3.534136546184738847e+01 -2.340189387496008688e+00 1.000000000000000056e-01
3.574297188755019761e+01 -1.670548652656469901e+00 1.000000000000000056e-01
3.614457831325301385e+01 -4.376640508379473493e-01 1.000000000000000056e-01
3.654618473895582298e+01 7.783253456195972086e-01 1.000000000000000056e-01
3.694779116465863211e+01 2.015671018531928649e+00 1.000000000000000056e-01
3.734939759036144835e+01 2.992377824209077719e+00 1.000000000000000056e-01
3.775100401606425748e+01 3.701354682538507301e+00 1.000000000000000056e-01
3.815261044176706662e+01 3.951758502102398651e+00 1.000000000000000056e-01
3.855421686746987575e+01 3.678593963834542624e+00 1.000000000000000056e-01
3.895582329317269199e+01 3.327374454685601446e+00 1.000000000000000056e-01
3.935742971887550112e+01 2.600590088858968585e+00 1.000000000000000056e-01
3.975903614457831026e+01 2.206678992535827888e+00 1.000000000000000056e-01
4.016064257028112650e+01 1.263316842110844274e+00 1.000000000000000056e-01
4.056224899598393563e+01 8.553264516617664626e-01 1.000000000000000056e-01
4.096385542168674476e+01 -5.424290064700826308e-03 1.000000000000000056e-01
4.136546184738956100e+01 -3.316474450739332891e-01 1.000000000000000056e-01
4.176706827309237013e+01 -8.016689482183176896e-01 1.000000000000000056e-01
4.216867469879517927e+01 -1.089932536942436414e+00 1.000000000000000056e-01
4.257028112449798840e+01 -1.015748153345348959e+00 1.000000000000000056e-01
4.297188755020080464e+01 -7.101518757874678567e-01 1.000000000000000056e-01
4.337349397590361377e+01 -3.060412613043985153e-01 1.000000000000000056e-01
4.377510040160642291e+01 2.354390714776550264e-01 1.000000000000000056e-01
4.417670682730923915e+01 1.792946818221837491e-01 1.000000000000000056e-01
4.457831325301204828e+01 2.979838760686835397e-01 1.000000000000000056e-01
4.497991967871485741e+01 -2.936027927812230320e-01 1.000000000000000056e-01
4.538152610441767365e+01 -8.484123765489947067e-01 1.000000000000000056e-01
4.578313253012048278e+01 -1.363998766854063405e+00 1.000000000000000056e-01
4.618473895582329192e+01 -1.594906120737127564e+00 1.000000000000000056e-01
4.658634538152610105e+01 -1.232828620423855881e+00 1.000000000000000056e-01
4.698795180722891729e+01 -7.799055885699975876e-01 1.000000000000000056e-01
4.738955823293172642e+01 -1.081629282027172234e-01 1.000000000000000056e-01
4.779116465863453556e+01 4.175693267851737223e-01 1.000000000000000056e-01
4.819277108433735179e+01 1.019851839020828432e+00 1.000000000000000056e-01
4.859437751004016093e+01 9.877162447526287581e-01 1.000000000000000056e-01
4.899598393574297006e+01 1.043193142015883979e+00 1.000000000000000056e-01
4.939759036144578630e+01 8.252006670674013611e-01 1.000000000000000056e-01
4.979919678714859543e+01 6.873287952111538646e-01 1.000000000000000056e-01
5.020080321285140457e+01 3.182230574922733091e-01 1.000000000000000056e-01
5.060240963855421370e+01 3.532339365478642801e-01 1.000000000000000056e-01
5.100401606425702994e+01 3.029402418121895368e-01 1.000000000000000056e-01
5.140562248995983907e+01 3.254050527674954840e-01 1.000000000000000056e-01
5.180722891566264821e+01 5.494309727269583998e-01 1.000000000000000056e-01
5.220883534136546444e+01 3.519339048280469839e-01 1.000000000000000056e-01
5.261044176706827358e+01 2.002026200282618074e-01 1.000000000000000056e-01
5.301204819277108271e+01 2.473114884637105937e-01 1.000000000000000056e-01
5.341365461847389184e+01 -4.902435474428123996e-01 1.000000000000000056e-01
5.381526104417670808e+01 -9.043250463631620217e-01 1.000000000000000056e-01
5.421686746987951722e+01 -1.641240150578006762e+00 1.000000000000000056e-01
5.461847389558232635e+01 -2.581942650701804176e+00 1.000000000000000056e-01
5.502008032128514259e+01 -2.990783635264730567e+00 1.000000000000000056e-01
5.542168674698795172e+01 -3.552496553067559848e+00 1.000000000000000056e-01
5.582329317269076085e+01 -3.225800640870482461e+00 1.000000000000000056e-01
5.622489959839357709e+01 -2.868339668260910802e+00 1.000000000000000056e-01
5.662650602409638623e+01 -2.366154794750312984e+00 1.000000000000000056e-01
5.702811244979919536e+01 -1.985300413279483589e+00 1.000000000000000056e-01
5.742971887550200449e+01 -1.584523236781938182e+00 1.000000000000000056e-01
5.783132530120482073e+01 -1.417512818663538177e+00 1.000000000000000056e-01
5.823293172690762987e+01 -9.133376174501522948e-01 1.000000000000000056e-01
5.863453815261043900e+01 -2.408187482087930653e-01 1.000000000000000056e-01
5.903614457831325524e+01 5.891909137091024817e-01 1.000000000000000056e-01
5.943775100401606437e+01 9.318870307032519618e-01 1.000000000000000056e-01
5.983935742971887350e+01 8.905949160112771601e-01 1.000000000000000056e-01
6.024096385542168974e+01 7.940740220335152921e-01 1.000000000000000056e-01
6.064257028112449888e+01 3.847894542556635766e-01 1.000000000000000056e-01
6.104417670682730801e+01 -2.006608407276877504e-01 1.000000000000000056e-01
6.144578313253011714e+01 -8.106373927667165358e-01 1.000000000000000056e-01
6.184738955823293338e+01 -1.142267369350542738e+00 1.000000000000000056e-01
6.224899598393574252e+01 -1.153881133646742718e+00 1.000000000000000056e-01
6.265060240963855165e+01 -5.980980781123133028e-01 1.000000000000000056e-01
6.305220883534136789e+01 -4.772627280781716053e-01 1.000000000000000056e-01
6.345381526104417702e+01 -4.128568557996867283e-02 1.000000000000000056e-01
6.385542168674698615e+01 -1.853892128407779588e-02 1.000000000000000056e-01
6.425702811244980239e+01 -1.541028347980512025e-01 1.000000000000000056e-01
6.465863453815261153e+01 -1.309420376017578214e-02 1.000000000000000056e-01
6.506024096385542066e+01 3.231639242554171232e-01 1.000000000000000056e-01
6.546184738955822979e+01 3.210052213409811950e-01 1.000000000000000056e-01
6.586345381526103893e+01 7.273068398891683328e-01 1.000000000000000056e-01
6.626506024096384806e+01 8.878902124360010806e-01 1.000000000000000056e-01
6.666666666666667140e+01 7.849795496678789730e-01 1.000000000000000056e-01
6.706827309236948054e+01 3.217543478091698939e-01 1.000000000000000056e-01
6.746987951807228967e+01 1.312391258047236886e-01 1.000000000000000056e-01
6.787148594377509880e+01 3.995151693780502056e-02 1.000000000000000056e-01
6.827309236947790794e+01 -1.091315966339353738e-01 1.000000000000000056e-01
6.867469879518071707e+01 7.125966582408871375e-01 1.000000000000000056e-01
6.907630522088354041e+01 1.403494873677975541e+00 1.000000000000000056e-01
6.947791164658634955e+01 1.926668659660003780e+00 1.000000000000000056e-01
6.987951807228915868e+01 1.933323386357645335e+00 1.000000000000000056e-01
7.028112449799196781e+01 1.724725389190556735e+00 1.000000000000000056e-01
7.068273092369477695e+01 8.989444946518472257e-01 1.000000000000000056e-01
7.108433734939758608e+01 4.204209040532711494e-01 1.000000000000000056e-01
7.148594377510039521e+01 7.217863225327290910e-02 1.000000000000000056e-01
7.188755020080321856e+01 -3.359802308034695040e-01 1.000000000000000056e-01
7.228915662650602769e+01 -5.229100051143380501e-01 1.000000000000000056e-01
7.269076305220883683e+01 -8.538899116271434497e-01 1.000000000000000056e-01
7.309236947791164596e+01 -1.388864457152084730e+00 1.000000000000000056e-01
7.349397590361445509e+01 -1.782988864672233831e+00 1.000000000000000056e-01
7.389558232931726423e+01 -1.956217028976118710e+00 1.000000000000000056e-01
7.429718875502007336e+01 -2.494813307187540019e+00 1.000000000000000056e-01
7.469879518072289670e+01 -2.523865982177095457e+00 1.000000000000000056e-01
7.510040160642570584e+01 -2.527934367942175964e+00 1.000000000000000056e-01
7.550200803212851497e+01 -2.273640038737436253e+00 1.000000000000000056e-01
7.590361445783132410e+01 -1.806113514272566389e+00 1.000000000000000056e-01
7.630522088353413324e+01 -8.258118767023272522e-01 1.000000000000000056e-01
7.670682730923694237e+01 5.396273547539454096e-02 1.000000000000000056e-01
7.710843373493975150e+01 7.632845627410113076e-01 1.000000000000000056e-01
7.751004016064257485e+01 1.434519667832427015e+00 1.000000000000000056e-01
7.791164658634538398e+01 1.599706675517305499e+00 1.000000000000000056e-01
7.831325301204819311e+01 1.715847661020366788e+00 1.000000000000000056e-01
7.871485943775100225e+01 1.545902976788626315e+00 1.000000000000000056e-01
7.911646586345381138e+01 1.453149325439441197e+00 1.000000000000000056e-01
7.951807228915662051e+01 1.080821751138363540e+00 1.000000000000000056e-01
7.991967871485944386e+01 7.407723428251604680e-01 1.000000000000000056e-01
8.032128514056225299e+01 -2.432964170780329283e-01 1.000000000000000056e-01
8.072289156626506212e+01 -5.105211276889658478e-01 1.000000000000000056e-01
8.112449799196787126e+01 -1.364455341322988957e+00 1.000000000000000056e-01
8.152610441767068039e+01 -1.698819537626244269e+00 1.000000000000000056e-01
8.192771084337348952e+01 -1.585877961450378182e+00 1.000000000000000056e-01
8.232931726907629866e+01 -1.512986746399337612e+00 1.000000000000000056e-01
8.273092369477912200e+01 -9.682045677577940657e-01 1.000000000000000056e-01
8.313253012048193114e+01 -2.308516878147814644e-01 1.000000000000000056e-01
8.353413654618474027e+01 1.397802751581851133e-01 1.000000000000000056e-01
8.393574297188754940e+01 8.515410711220724460e-01 1.000000000000000056e-01
8.433734939759035854e+01 1.335180270018502258e+00 1.000000000000000056e-01
8.473895582329316767e+01 1.833633942418555707e+00 1.000000000000000056e-01
8.514056224899597680e+01 2.216002519172337593e+00 1.000000000000000056e-01
8.554216867469880015e+01 2.255149239515260362e+00 1.000000000000000056e-01
8.594377510040160928e+01 2.386281329845027166e+00 1.000000000000000056e-01
8.634538152610441841e+01 2.263082639704877774e+00 1.000000000000000056e-01
8.674698795180722755e+01 1.946508542469073566e+00 1.000000000000000056e-01
8.714859437751003668e+01 1.781238754151488246e+00 1.000000000000000056e-01
8.755020080321284581e+01 1.369634151132756772e+00 1.000000000000000056e-01
8.795180722891566916e+01 1.073011295893965933e+00 1.000000000000000056e-01
8.835341365461847829e+01 8.080724388786051371e-01 1.000000000000000056e-01
8.875502008032128742e+01 7.164043829134715269e-01 1.000000000000000056e-01
8.915662650602409656e+01 1.157923527065680136e-01 1.000000000000000056e-01
8.955823293172690569e+01 -2.023873867953728256e-01 1.000000000000000056e-01
8.995983935742971482e+01 6.729707402117857118e-02 1.000000000000000056e-01
9.036144578313252396e+01 5.824075647160578129e-01 1.000000000000000056e-01
9.076305220883534730e+01 1.273565153933073235e+00 1.000000000000000056e-01
9.116465863453815643e+01 1.887086939457907730e+00 1.000000000000000056e-01
9.156626506024096557e+01 2.472260968832665551e+00 1.000000000000000056e-01
9.196787148594377470e+01 2.479942644918485595e+00 1.000000000000000056e-01
9.236947791164658383e+01 1.954660663409995003e+00 1.000000000000000056e-01
9.277108433734939297e+01 1.295978994789014793e+00 1.000000000000000056e-01
9.317269076305220210e+01 1.098109658845797920e+00 1.000000000000000056e-01
9.357429718875502545e+01 7.886332644021905036e-01 1.000000000000000056e-01
9.397590361445783458e+01 6.351063549965644262e-01 1.000000000000000056e-01
9.437751004016064371e+01 5.599019284216246728e-01 1.000000000000000056e-01
9.477911646586345285e+01 8.334314734036087913e-01 1.000000000000000056e-01
9.518072289156626198e+01 8.979350992603699622e-01 1.000000000000000056e-01
9.558232931726907111e+01 4.976350286368046438e-01 1.000000000000000056e-01
9.598393574297188025e+01 7.143293827113670336e-01 1.000000000000000056e-01
9.638554216867470359e+01 8.343393495766805446e-01 1.000000000000000056e-01
9.678714859437751272e+01 1.341799759738485420e+00 1.000000000000000056e-01
9.718875502008032186e+01 1.904009943511919767e+00 1.000000000000000056e-01
9.759036144578313099e+01 2.039046035468267792e+00 1.000000000000000056e-01
9.799196787148594012e+01 2.075440327613981228e+00 1.000000000000000056e-01
9.839357429718874926e+01 1.599648271598341776e+00 1.000000000000000056e-01
9.879518072289157260e+01 5.657880308849994044e-01 1.000000000000000056e-01
9.919678714859438173e+01 -6.244982942638968026e-01 1.000000000000000056e-01
9.959839357429719087e+01 -1.433159068475183817e+00 1.000000000000000056e-01
1.000000000000000000e+02 -2.257737866370728597e+00 1.000000000000000056e-01
