0.000000000000000000e+00 -4.585841311967437384e-01 1.000000000000000056e-01
4.016064257028112428e-01 -8.001269297677544579e-01 1.000000000000000056e-01
8.032128514056224855e-01 -8.674020027609798955e-01 1.000000000000000056e-01
1.204819277108433617e+00 -6.762678678885959416e-01 1.000000000000000056e-01
1.606425702811244971e+00 -3.881459660364138253e-01 1.000000000000000056e-01
2.008032128514056325e+00 1.175462093411618336e-01 1.000000000000000056e-01
2.409638554216867234e+00 2.470231580079197964e-01 1.000000000000000056e-01
2.811244979919678588e+00 5.110777473175174279e-01 1.000000000000000056e-01
3.212851405622489942e+00 6.058384881636448283e-01 1.000000000000000056e-01
3.614457831325301296e+00 6.696734995135475987e-01 1.000000000000000056e-01
4.016064257028112650e+00 4.932747827577696476e-01 1.000000000000000056e-01
4.417670682730923559e+00 4.503101736108430231e-01 1.000000000000000056e-01
4.819277108433734469e+00 8.433402994715099021e-01 1.000000000000000056e-01
5.220883534136546267e+00 1.339632639611321396e+00 1.000000000000000056e-01
5.622489959839357176e+00 1.919330127138642039e+00 1.000000000000000056e-01
6.024096385542168974e+00 2.530567141943350418e+00 1.000000000000000056e-01
6.425702811244979884e+00 2.820544065829087454e+00 1.000000000000000056e-01
6.827309236947790794e+00 3.137551552339713723e+00 1.000000000000000056e-01
7.228915662650602592e+00 3.304609188194954861e+00 1.000000000000000056e-01
7.630522088353413501e+00 3.109532788381169865e+00 1.000000000000000056e-01
8.032128514056225299e+00 2.817019280200128595e+00 1.000000000000000056e-01
8.433734939759036209e+00 2.332067231325889001e+00 1.000000000000000056e-01
8.835341365461847118e+00 1.650305503905002524e+00 1.000000000000000056e-01
9.236947791164658028e+00 6.641155908446714218e-01 1.000000000000000056e-01
9.638554216867468938e+00 -1.796085922397458179e-01 1.000000000000000056e-01
1.004016064257028162e+01 -5.278517229001874478e-01 1.000000000000000056e-01
1.044176706827309253e+01 -9.589112753906710029e-01 1.000000000000000056e-01
1.084337349397590344e+01 -9.450459730373101941e-01 1.000000000000000056e-01
1.124497991967871435e+01 -6.810784957535328532e-01 1.000000000000000056e-01
1.164658634538152526e+01 -2.303803158364186032e-01 1.000000000000000056e-01
1.204819277108433795e+01 -7.303865477672490114e-02 1.000000000000000056e-01
1.244979919678714886e+01 1.986072895519147841e-01 1.000000000000000056e-01
1.285140562248995977e+01 1.914871827185396780e-01 1.000000000000000056e-01
1.325301204819277068e+01 2.525345064420397856e-04 1.000000000000000056e-01
1.365461847389558159e+01 1.057366453248135135e-01 1.000000000000000056e-01
1.405622489959839427e+01 9.086878241517885868e-02 1.000000000000000056e-01
1.445783132530120518e+01 2.380205791127797121e-01 1.000000000000000056e-01
1.485943775100401609e+01 8.767354538409002362e-01 1.000000000000000056e-01
1.526104417670682700e+01 8.315783234837816895e-01 1.000000000000000056e-01
1.566265060240963791e+01 1.130619932945147843e+00 1.000000000000000056e-01
1.606425702811245060e+01 1.304256332701168253e+00 1.000000000000000056e-01
1.646586345381525973e+01 1.639001532855005161e+00 1.000000000000000056e-01
1.686746987951807242e+01 1.682049423306892111e+00 1.000000000000000056e-01
1.726907630522088510e+01 1.603496947543368467e+00 1.000000000000000056e-01
1.767068273092369424e+01 1.163826308990119074e+00 1.000000000000000056e-01
1.807228915662650692e+01 7.179104134275238192e-01 1.000000000000000056e-01
1.847389558232931606e+01 2.581718372832195740e-01 1.000000000000000056e-01
1.887550200803212874e+01 -3.053970343694424328e-01 1.000000000000000056e-01
1.927710843373493788e+01 -2.396942552540800020e-01 1.000000000000000056e-01
1.967871485943775056e+01 -7.068113030290270604e-01 1.000000000000000056e-01
2.008032128514056325e+01 -7.044449986042153888e-01 1.000000000000000056e-01
2.048192771084337238e+01 -3.292853894927869618e-01 1.000000000000000056e-01
2.088353413654618507e+01 -6.080371357740671501e-03 1.000000000000000056e-01
2.128514056224899420e+01 9.593537127668642917e-02 1.000000000000000056e-01
2.168674698795180689e+01 6.726369257691051651e-01 1.000000000000000056e-01
2.208835341365461957e+01 7.830749509911338890e-01 1.000000000000000056e-01
2.248995983935742871e+01 6.829458299594884929e-01 1.000000000000000056e-01
2.289156626506024139e+01 3.797633022936192648e-01 1.000000000000000056e-01
2.329317269076305053e+01 1.167214153575252544e-01 1.000000000000000056e-01
2.369477911646586321e+01 -2.450015651413614826e-01 1.000000000000000056e-01
2.409638554216867590e+01 -4.837958231476964799e-01 1.000000000000000056e-01
2.449799196787148503e+01 -5.969199408432911413e-01 1.000000000000000056e-01
2.489959839357429772e+01 -8.035449976150478291e-01 1.000000000000000056e-01
2.530120481927710685e+01 -7.758187406867341762e-01 1.000000000000000056e-01
2.570281124497991954e+01 -4.888004570403489679e-01 1.000000000000000056e-01
2.610441767068273222e+01 -2.879612609792430167e-01 1.000000000000000056e-01
2.650602409638554136e+01 3.574920874918612324e-01 1.000000000000000056e-01
2.690763052208835404e+01 3.080703377677723731e-01 1.000000000000000056e-01
2.730923694779116317e+01 3.701326175293877530e-01 1.000000000000000056e-01
2.771084337349397586e+01 9.333866795739158284e-02 1.000000000000000056e-01
2.811244979919678855e+01 -1.020091333156326607e-01 1.000000000000000056e-01
2.851405622489959768e+01 -7.117382849776360265e-01 1.000000000000000056e-01
2.891566265060241037e+01 -9.266504978114427082e-01 1.000000000000000056e-01
2.931726907630521950e+01 -8.275959970831729962e-01 1.000000000000000056e-01
2.971887550200803219e+01 -5.505098936297090351e-01 1.000000000000000056e-01
3.012048192771084487e+01 -4.132442773648788426e-01 1.000000000000000056e-01
3.052208835341365400e+01 2.438299764246383283e-01 1.000000000000000056e-01
3.092369477911646669e+01 9.149788516253222204e-01 1.000000000000000056e-01
3.132530120481927582e+01 1.399192595835424546e+00 1.000000000000000056e-01
3.172690763052208851e+01 1.600016437738205344e+00 1.000000000000000056e-01
3.212851405622490120e+01 1.626393091068294439e+00 1.000000000000000056e-01
3.253012048192771033e+01 1.072460222381510064e+00 1.000000000000000056e-01
3.293172690763051946e+01 9.747175244832864127e-01 1.000000000000000056e-01
3.333333333333333570e+01 7.507125952716330319e-01 1.000000000000000056e-01
3.373493975903614484e+01 3.671349303100138184e-01 1.000000000000000056e-01
3.413654618473895397e+01 1.083301294648835733e-01 1.000000000000000056e-01
3.453815261044177021e+01 -2.148775379210427633e-02 1.000000000000000056e-01
3.493975903614457934e+01 -2.618471240784059351e-02 1.000000000000000056e-01
3.534136546184738847e+01 -3.528517828997222439e-01 1.000000000000000056e-01
3.574297188755019761e+01 -3.223022683080131734e-01 1.000000000000000056e-01
3.614457831325301385e+01 8.878892117802247852e-02 1.000000000000000056e-01
3.654618473895582298e+01 3.440818422557090916e-01 1.000000000000000056e-01
3.694779116465863211e+01 2.550636538471833248e-01 1.000000000000000056e-01
3.734939759036144835e+01 3.877243844330633959e-01 1.000000000000000056e-01
3.775100401606425748e+01 6.227782605524562892e-02 1.000000000000000056e-01
3.815261044176706662e+01 -1.921541021697143192e-01 1.000000000000000056e-01
3.855421686746987575e+01 -6.997309621851359740e-01 1.000000000000000056e-01
3.895582329317269199e+01 -1.594591126344676590e+00 1.000000000000000056e-01
3.935742971887550112e+01 -1.595199558037985188e+00 1.000000000000000056e-01
3.975903614457831026e+01 -1.620231638877834612e+00 1.000000000000000056e-01
4.016064257028112650e+01 -9.614336595310886135e-01 1.000000000000000056e-01
4.056224899598393563e+01 -3.466901609247974303e-01 1.000000000000000056e-01
4.096385542168674476e+01 7.652433096833348436e-02 1.000000000000000056e-01
4.136546184738956100e+01 4.816318050526968153e-01 1.000000000000000056e-01
4.176706827309237013e+01 7.903630989551619912e-01 1.000000000000000056e-01
4.216867469879517927e+01 9.381513152027713964e-01 1.000000000000000056e-01
4.257028112449798840e+01 1.034390375973893272e+00 1.000000000000000056e-01
4.297188755020080464e+01 1.316055759557147153e+00 1.000000000000000056e-01
4.337349397590361377e+01 1.372164162212100802e+00 1.000000000000000056e-01
4.377510040160642291e+01 1.328960752914420285e+00 1.000000000000000056e-01
4.417670682730923915e+01 1.374059665316782475e+00 1.000000000000000056e-01
4.457831325301204828e+01 1.451174620005001081e+00 1.000000000000000056e-01
4.497991967871485741e+01 1.408541575730985373e+00 1.000000000000000056e-01
4.538152610441767365e+01 1.229444102408053574e+00 1.000000000000000056e-01
4.578313253012048278e+01 1.289808103243712312e+00 1.000000000000000056e-01
4.618473895582329192e+01 1.349790009970895044e+00 1.000000000000000056e-01
4.658634538152610105e+01 1.636749254338552673e+00 1.000000000000000056e-01
4.698795180722891729e+01 1.677053000728876420e+00 1.000000000000000056e-01
4.738955823293172642e+01 1.661827580504427582e+00 1.000000000000000056e-01
4.779116465863453556e+01 1.161005516543173410e+00 1.000000000000000056e-01
4.819277108433735179e+01 5.583397349647281072e-01 1.000000000000000056e-01
4.859437751004016093e+01 4.566669914098785144e-02 1.000000000000000056e-01
4.899598393574297006e+01 -2.818928892683066900e-01 1.000000000000000056e-01
4.939759036144578630e+01 -5.228451139894567667e-01 1.000000000000000056e-01
4.979919678714859543e+01 -3.863007884317745666e-01 1.000000000000000056e-01
5.020080321285140457e+01 7.307798123751412661e-03 1.000000000000000056e-01
5.060240963855421370e+01 4.727525648875613440e-01 1.000000000000000056e-01
5.100401606425702994e+01 1.113583326242705951e+00 1.000000000000000056e-01
5.140562248995983907e+01 1.449352592440091625e+00 1.000000000000000056e-01
5.180722891566264821e+01 1.802580777419365177e+00 1.000000000000000056e-01
5.220883534136546444e+01 2.193193719351317128e+00 1.000000000000000056e-01
5.261044176706827358e+01 2.527955195697279667e+00 1.000000000000000056e-01
5.301204819277108271e+01 2.531633026522021712e+00 1.000000000000000056e-01
5.341365461847389184e+01 2.865721906451980772e+00 1.000000000000000056e-01
5.381526104417670808e+01 2.875582350614402483e+00 1.000000000000000056e-01
5.421686746987951722e+01 2.920333076064251632e+00 1.000000000000000056e-01
5.461847389558232635e+01 2.987997635451119738e+00 1.000000000000000056e-01
5.502008032128514259e+01 2.676906377318120978e+00 1.000000000000000056e-01
5.542168674698795172e+01 2.882450752107780900e+00 1.000000000000000056e-01
5.582329317269076085e+01 2.804124545764021814e+00 1.000000000000000056e-01
5.622489959839357709e+01 2.998258606353594313e+00 1.000000000000000056e-01
5.662650602409638623e+01 2.979625904282163784e+00 1.000000000000000056e-01
5.702811244979919536e+01 3.039569896547041239e+00 1.000000000000000056e-01
5.742971887550200449e+01 2.865241312503979287e+00 1.000000000000000056e-01
5.783132530120482073e+01 2.824748869707844889e+00 1.000000000000000056e-01
5.823293172690762987e+01 2.544702146310191093e+00 1.000000000000000056e-01
5.863453815261043900e+01 2.688800051045889372e+00 1.000000000000000056e-01
5.903614457831325524e+01 2.252948918134930256e+00 1.000000000000000056e-01
5.943775100401606437e+01 2.042046517654096949e+00 1.000000000000000056e-01
5.983935742971887350e+01 2.216321467892809594e+00 1.000000000000000056e-01
6.024096385542168974e+01 2.183195506423601273e+00 1.000000000000000056e-01
6.064257028112449888e+01 2.312213492865894171e+00 1.000000000000000056e-01
6.104417670682730801e+01 2.273821808689163504e+00 1.000000000000000056e-01
6.144578313253011714e+01 2.774352543560961504e+00 1.000000000000000056e-01
6.184738955823293338e+01 2.941186768262114448e+00 1.000000000000000056e-01
6.224899598393574252e+01 2.909275675380001758e+00 1.000000000000000056e-01
6.265060240963855165e+01 3.076559960914337477e+00 1.000000000000000056e-01
6.305220883534136789e+01 2.988558341228936932e+00 1.000000000000000056e-01
6.345381526104417702e+01 2.461515894351294254e+00 1.000000000000000056e-01
6.385542168674698615e+01 2.112749349309847702e+00 1.000000000000000056e-01
6.425702811244980239e+01 1.839899249846746798e+00 1.000000000000000056e-01
6.465863453815261153e+01 1.359719944493327892e+00 1.000000000000000056e-01
6.506024096385542066e+01 1.171848279039305885e+00 1.000000000000000056e-01
6.546184738955822979e+01 1.271407112454941757e+00 1.000000000000000056e-01
6.586345381526103893e+01 1.370729515617094441e+00 1.000000000000000056e-01
6.626506024096384806e+01 1.816888518685193299e+00 1.000000000000000056e-01
6.666666666666667140e+01 2.071849592812272434e+00 1.000000000000000056e-01
6.706827309236948054e+01 2.436218527724711702e+00 1.000000000000000056e-01
6.746987951807228967e+01 2.519889160137357642e+00 1.000000000000000056e-01
6.787148594377509880e+01 2.672237233579825677e+00 1.000000000000000056e-01
6.827309236947790794e+01 2.840062121543085905e+00 1.000000000000000056e-01
6.867469879518071707e+01 2.361910536067244770e+00 1.000000000000000056e-01
6.907630522088354041e+01 2.454008891113538038e+00 1.000000000000000056e-01
6.947791164658634955e+01 2.265408690924420654e+00 1.000000000000000056e-01
6.987951807228915868e+01 2.143602126073367309e+00 1.000000000000000056e-01
7.028112449799196781e+01 2.342764325672905379e+00 1.000000000000000056e-01
7.068273092369477695e+01 2.383469590724987430e+00 1.000000000000000056e-01
7.108433734939758608e+01 2.543274586315251273e+00 1.000000000000000056e-01
7.148594377510039521e+01 2.638472774353243011e+00 1.000000000000000056e-01
7.188755020080321856e+01 2.579897727915243522e+00 1.000000000000000056e-01
7.228915662650602769e+01 2.120660070664039498e+00 1.000000000000000056e-01
7.269076305220883683e+01 1.736043783669251273e+00 1.000000000000000056e-01
7.309236947791164596e+01 1.455319552179818121e+00 1.000000000000000056e-01
7.349397590361445509e+01 8.557295105620632558e-01 1.000000000000000056e-01
7.389558232931726423e+01 4.682888707260595695e-01 1.000000000000000056e-01
7.429718875502007336e+01 2.410606042957877393e-01 1.000000000000000056e-01
7.469879518072289670e+01 8.996807100185805206e-02 1.000000000000000056e-01
7.510040160642570584e+01 -9.605555481850494570e-02 1.000000000000000056e-01
7.550200803212851497e+01 1.543402318030479003e-01 1.000000000000000056e-01
7.590361445783132410e+01 6.025068457342074302e-01 1.000000000000000056e-01
7.630522088353413324e+01 1.086030453613269442e+00 1.000000000000000056e-01
7.670682730923694237e+01 1.331402400772982331e+00 1.000000000000000056e-01
7.710843373493975150e+01 1.773116027843727682e+00 1.000000000000000056e-01
7.751004016064257485e+01 1.845376653533169709e+00 1.000000000000000056e-01
7.791164658634538398e+01 1.761117492883786495e+00 1.000000000000000056e-01
7.831325301204819311e+01 1.381043576134796336e+00 1.000000000000000056e-01
7.871485943775100225e+01 1.448225115696628373e+00 1.000000000000000056e-01
7.911646586345381138e+01 1.395968240594818388e+00 1.000000000000000056e-01
7.951807228915662051e+01 1.366844464935697889e+00 1.000000000000000056e-01
7.991967871485944386e+01 1.164681779546243412e+00 1.000000000000000056e-01
8.032128514056225299e+01 9.620275547814167716e-01 1.000000000000000056e-01
8.072289156626506212e+01 8.277883123201672522e-01 1.000000000000000056e-01
8.112449799196787126e+01 8.502323925371384483e-01 1.000000000000000056e-01
8.152610441767068039e+01 3.228342861815414744e-01 1.000000000000000056e-01
8.192771084337348952e+01 -1.274011109936343256e-03 1.000000000000000056e-01
8.232931726907629866e+01 -6.779957225579570368e-01 1.000000000000000056e-01
8.273092369477912200e+01 -1.030445019175163957e+00 1.000000000000000056e-01
8.313253012048193114e+01 -1.309780824540321964e+00 1.000000000000000056e-01
8.353413654618474027e+01 -1.427281288848091023e+00 1.000000000000000056e-01
8.393574297188754940e+01 -1.675266437850865264e+00 1.000000000000000056e-01
8.433734939759035854e+01 -1.544037203145561810e+00 1.000000000000000056e-01
8.473895582329316767e+01 -1.319575100530967271e+00 1.000000000000000056e-01
8.514056224899597680e+01 -1.060097772071436628e+00 1.000000000000000056e-01
8.554216867469880015e+01 -7.506956700554152651e-01 1.000000000000000056e-01
8.594377510040160928e+01 -1.963689891413039346e-01 1.000000000000000056e-01
8.634538152610441841e+01 2.659460929472071133e-02 1.000000000000000056e-01
8.674698795180722755e+01 2.534793991878316333e-01 1.000000000000000056e-01
8.714859437751003668e+01 3.888092406095688958e-01 1.000000000000000056e-01
8.755020080321284581e+01 5.074575446264341094e-01 1.000000000000000056e-01
8.795180722891566916e+01 7.647703029852632728e-01 1.000000000000000056e-01
8.835341365461847829e+01 9.508255792782825955e-01 1.000000000000000056e-01
8.875502008032128742e+01 1.038602029399352533e+00 1.000000000000000056e-01
8.915662650602409656e+01 1.099231569612077131e+00 1.000000000000000056e-01
8.955823293172690569e+01 1.002415145425064491e+00 1.000000000000000056e-01
8.995983935742971482e+01 1.211228569787639708e+00 1.000000000000000056e-01
9.036144578313252396e+01 6.020164135525319926e-01 1.000000000000000056e-01
9.076305220883534730e+01 2.207240882047184494e-02 1.000000000000000056e-01
9.116465863453815643e+01 -3.397411677236185645e-01 1.000000000000000056e-01
9.156626506024096557e+01 -9.704047831356766851e-01 1.000000000000000056e-01
9.196787148594377470e+01 -1.184960700371317177e+00 1.000000000000000056e-01
9.236947791164658383e+01 -1.414063670089040992e+00 1.000000000000000056e-01
9.277108433734939297e+01 -1.734082211898459125e+00 1.000000000000000056e-01
9.317269076305220210e+01 -1.875319334532846938e+00 1.000000000000000056e-01
9.357429718875502545e+01 -1.618892717336863685e+00 1.000000000000000056e-01
9.397590361445783458e+01 -1.544383759868219519e+00 1.000000000000000056e-01
9.437751004016064371e+01 -1.312760411612153622e+00 1.000000000000000056e-01
9.477911646586345285e+01 -8.910544825076704978e-01 1.000000000000000056e-01
9.518072289156626198e+01 -8.614832540371880620e-01 1.000000000000000056e-01
9.558232931726907111e+01 -4.255503828917848730e-01 1.000000000000000056e-01
9.598393574297188025e+01 -1.907788427303895862e-01 1.000000000000000056e-01
9.638554216867470359e+01 8.188242189058966836e-02 1.000000000000000056e-01
9.678714859437751272e+01 -3.300609114606591898e-01 1.000000000000000056e-01
9.718875502008032186e+01 -2.294699075104763841e-01 1.000000000000000056e-01
9.759036144578313099e+01 -3.402201800386908115e-01 1.000000000000000056e-01
9.799196787148594012e+01 -2.655525012144836494e-01 1.000000000000000056e-01
9.839357429718874926e+01 -2.203446637281777920e-01 1.000000000000000056e-01
9.879518072289157260e+01 -7.810717265895111838e-02 1.000000000000000056e-01
9.919678714859438173e+01 1.903909768748159037e-02 1.000000000000000056e-01
9.959839357429719087e+01 7.738413122144516265e-02 1.000000000000000056e-01
1.000000000000000000e+02 -1.900613977209736905e-01 1.000000000000000056e-01
