0.000000000000000000e+00 1.024157760358850977e+00 1.000000000000000056e-01
4.016064257028112428e-01 5.707147249042953119e-01 1.000000000000000056e-01
8.032128514056224855e-01 2.971299823393787065e-01 1.000000000000000056e-01
1.204819277108433617e+00 -1.754085449301944211e-01 1.000000000000000056e-01
1.606425702811244971e+00 -4.854049128276590186e-01 1.000000000000000056e-01
2.008032128514056325e+00 -6.429402418007755804e-01 1.000000000000000056e-01
2.409638554216867234e+00 -8.378690174570002647e-01 1.000000000000000056e-01
2.811244979919678588e+00 -7.696113299315051615e-01 1.000000000000000056e-01
3.212851405622489942e+00 1.729109078291744817e-02 1.000000000000000056e-01
3.614457831325301296e+00 1.142928003914332802e+00 1.000000000000000056e-01
4.016064257028112650e+00 2.659927187942958238e+00 1.000000000000000056e-01
4.417670682730923559e+00 3.542541911906556873e+00 1.000000000000000056e-01
4.819277108433734469e+00 3.581204163592370815e+00 1.000000000000000056e-01
5.220883534136546267e+00 2.786624854837516985e+00 1.000000000000000056e-01
5.622489959839357176e+00 1.746398032786723009e+00 1.000000000000000056e-01
6.024096385542168974e+00 9.240437526832099291e-01 1.000000000000000056e-01
6.425702811244979884e+00 7.111449600770529678e-01 1.000000000000000056e-01
6.827309236947790794e+00 6.681841404892923109e-01 1.000000000000000056e-01
7.228915662650602592e+00 1.124900384326117164e+00 1.000000000000000056e-01
7.630522088353413501e+00 1.655961371825125594e+00 1.000000000000000056e-01
8.032128514056225299e+00 1.988643940791378739e+00 1.000000000000000056e-01
8.433734939759036209e+00 2.556988470343507291e+00 1.000000000000000056e-01
8.835341365461847118e+00 2.852640061613515243e+00 1.000000000000000056e-01
9.236947791164658028e+00 2.972333977074760991e+00 1.000000000000000056e-01
9.638554216867468938e+00 2.903597787031093169e+00 1.000000000000000056e-01
1.004016064257028162e+01 3.229968458724231883e+00 1.000000000000000056e-01
1.044176706827309253e+01 2.792239676036595508e+00 1.000000000000000056e-01
1.084337349397590344e+01 2.012801873103799544e+00 1.000000000000000056e-01
1.124497991967871435e+01 9.363754586674829516e-01 1.000000000000000056e-01
1.164658634538152526e+01 9.066076087934030192e-02 1.000000000000000056e-01
1.204819277108433795e+01 -4.292236701830440815e-01 1.000000000000000056e-01
1.244979919678714886e+01 -4.949207881909508666e-01 1.000000000000000056e-01
1.285140562248995977e+01 -8.469269467226364645e-01 1.000000000000000056e-01
1.325301204819277068e+01 -1.092571587925295074e+00 1.000000000000000056e-01
1.365461847389558159e+01 -1.458089357009431986e+00 1.000000000000000056e-01
1.405622489959839427e+01 -1.096888555834972800e+00 1.000000000000000056e-01
1.445783132530120518e+01 -1.609931102788611790e-01 1.000000000000000056e-01
1.485943775100401609e+01 7.721333096409591645e-01 1.000000000000000056e-01
1.526104417670682700e+01 9.867311121523069106e-01 1.000000000000000056e-01
1.566265060240963791e+01 8.472473194985652434e-01 1.000000000000000056e-01
1.606425702811245060e+01 4.259419519548791611e-01 1.000000000000000056e-01
1.646586345381525973e+01 5.920947536321885529e-01 1.000000000000000056e-01
1.686746987951807242e+01 1.203044309458979111e+00 1.000000000000000056e-01
1.726907630522088510e+01 1.616456245749440912e+00 1.000000000000000056e-01
1.767068273092369424e+01 2.272292753208591698e+00 1.000000000000000056e-01
1.807228915662650692e+01 2.529810947745404714e+00 1.000000000000000056e-01
1.847389558232931606e+01 2.384226250513448608e+00 1.000000000000000056e-01
1.887550200803212874e+01 2.057012162442390935e+00 1.000000000000000056e-01
1.927710843373493788e+01 1.823904056875888857e+00 1.000000000000000056e-01
1.967871485943775056e+01 1.587281467703628879e+00 1.000000000000000056e-01
2.008032128514056325e+01 1.677831672965306442e+00 1.000000000000000056e-01
2.048192771084337238e+01 1.642709531876626272e+00 1.000000000000000056e-01
2.088353413654618507e+01 1.563455914339631825e+00 1.000000000000000056e-01
2.128514056224899420e+01 1.587680697447523492e+00 1.000000000000000056e-01
2.168674698795180689e+01 1.979873894519305511e+00 1.000000000000000056e-01
2.208835341365461957e+01 1.857421817850386292e+00 1.000000000000000056e-01
2.248995983935742871e+01 1.722632186035907065e+00 1.000000000000000056e-01
2.289156626506024139e+01 1.132964886211597300e+00 1.000000000000000056e-01
2.329317269076305053e+01 5.306652618390210741e-01 1.000000000000000056e-01
2.369477911646586321e+01 -4.926245380517492445e-02 1.000000000000000056e-01
2.409638554216867590e+01 -7.656760822827207713e-01 1.000000000000000056e-01
2.449799196787148503e+01 -1.048464629835861528e+00 1.000000000000000056e-01
2.489959839357429772e+01 -1.176329861467518612e+00 1.000000000000000056e-01
2.530120481927710685e+01 -1.303419523720391604e+00 1.000000000000000056e-01
2.570281124497991954e+01 -9.990977090797739102e-01 1.000000000000000056e-01
2.610441767068273222e+01 -1.635164053970431519e-01 1.000000000000000056e-01
2.650602409638554136e+01 1.440328628325301952e-01 1.000000000000000056e-01
2.690763052208835404e+01 -6.951109241998867927e-02 1.000000000000000056e-01
2.730923694779116317e+01 -4.181599758812013512e-01 1.000000000000000056e-01
2.771084337349397586e+01 -7.967745761959869055e-01 1.000000000000000056e-01
2.811244979919678855e+01 -9.577377228125736330e-01 1.000000000000000056e-01
2.851405622489959768e+01 -1.208281459004781233e+00 1.000000000000000056e-01
2.891566265060241037e+01 -1.839120123420812547e+00 1.000000000000000056e-01
2.931726907630521950e+01 -1.603449668200548794e+00 1.000000000000000056e-01
2.971887550200803219e+01 -1.240389358891594629e+00 1.000000000000000056e-01
3.012048192771084487e+01 -5.355623988067039765e-01 1.000000000000000056e-01
3.052208835341365400e+01 -7.053820546831096605e-02 1.000000000000000056e-01
3.092369477911646669e+01 6.374096593790966603e-01 1.000000000000000056e-01
3.132530120481927582e+01 1.298015904657846109e+00 1.000000000000000056e-01
3.172690763052208851e+01 1.532682110743417425e+00 1.000000000000000056e-01
3.212851405622490120e+01 1.489728024564381803e+00 1.000000000000000056e-01
3.253012048192771033e+01 1.195472432227727921e+00 1.000000000000000056e-01
3.293172690763051946e+01 9.323395605378352879e-01 1.000000000000000056e-01
3.333333333333333570e+01 7.802455035683225626e-01 1.000000000000000056e-01
3.373493975903614484e+01 7.105418083867982570e-01 1.000000000000000056e-01
3.413654618473895397e+01 7.703152415507358297e-01 1.000000000000000056e-01
3.453815261044177021e+01 1.264640770818947102e+00 1.000000000000000056e-01
3.493975903614457934e+01 1.270378428225784173e+00 1.000000000000000056e-01
3.534136546184738847e+01 1.509160547988379841e+00 1.000000000000000056e-01
3.574297188755019761e+01 1.557274550808948943e+00 1.000000000000000056e-01
3.614457831325301385e+01 1.324745583326525367e+00 1.000000000000000056e-01
3.654618473895582298e+01 4.682623830582545166e-01 1.000000000000000056e-01
3.694779116465863211e+01 8.497515339474559504e-02 1.000000000000000056e-01
3.734939759036144835e+01 -2.494369297021190035e-01 1.000000000000000056e-01
3.775100401606425748e+01 -3.246289384782061749e-01 1.000000000000000056e-01
3.815261044176706662e+01 1.194461138296577657e-01 1.000000000000000056e-01
3.855421686746987575e+01 5.792154610793867064e-01 1.000000000000000056e-01
3.895582329317269199e+01 1.210381532759498668e+00 1.000000000000000056e-01
3.935742971887550112e+01 1.567795546658785399e+00 1.000000000000000056e-01
3.975903614457831026e+01 1.307257356757653310e+00 1.000000000000000056e-01
4.016064257028112650e+01 4.933491795232979316e-01 1.000000000000000056e-01
4.056224899598393563e+01 6.927564899379851093e-02 1.000000000000000056e-01
4.096385542168674476e+01 -3.143130519546878388e-01 1.000000000000000056e-01
4.136546184738956100e+01 -1.940628532733332801e-01 1.000000000000000056e-01
4.176706827309237013e+01 -2.187038949480266947e-01 1.000000000000000056e-01
4.216867469879517927e+01 1.897399860422810114e-01 1.000000000000000056e-01
4.257028112449798840e+01 1.717298559375571299e-01 1.000000000000000056e-01
4.297188755020080464e+01 -3.263221453996222876e-01 1.000000000000000056e-01
4.337349397590361377e+01 -1.281108739278821185e+00 1.000000000000000056e-01
4.377510040160642291e+01 -1.894212135185563639e+00 1.000000000000000056e-01
4.417670682730923915e+01 -2.682899535276380032e+00 1.000000000000000056e-01
4.457831325301204828e+01 -3.183385485709623985e+00 1.000000000000000056e-01
4.497991967871485741e+01 -3.475940823812448954e+00 1.000000000000000056e-01
4.538152610441767365e+01 -3.456066215181526680e+00 1.000000000000000056e-01
4.578313253012048278e+01 -3.401807536883139971e+00 1.000000000000000056e-01
4.618473895582329192e+01 -3.165149922547441097e+00 1.000000000000000056e-01
4.658634538152610105e+01 -2.957419622205652576e+00 1.000000000000000056e-01
4.698795180722891729e+01 -2.843129979333170354e+00 1.000000000000000056e-01
4.738955823293172642e+01 -2.780051471735825341e+00 1.000000000000000056e-01
4.779116465863453556e+01 -2.823464890900574620e+00 1.000000000000000056e-01
4.819277108433735179e+01 -2.695283589179093831e+00 1.000000000000000056e-01
4.859437751004016093e+01 -2.202286716617263274e+00 1.000000000000000056e-01
4.899598393574297006e+01 -1.346039065521220657e+00 1.000000000000000056e-01
4.939759036144578630e+01 -5.530109864880797810e-01 1.000000000000000056e-01
4.979919678714859543e+01 -2.966349065408654395e-01 1.000000000000000056e-01
5.020080321285140457e+01 -1.532413055059571039e-01 1.000000000000000056e-01
5.060240963855421370e+01 -5.141731642942374281e-01 1.000000000000000056e-01
5.100401606425702994e+01 -5.625840538743542840e-01 1.000000000000000056e-01
5.140562248995983907e+01 -5.016467673316082898e-01 1.000000000000000056e-01
5.180722891566264821e+01 -2.078869074234821479e-01 1.000000000000000056e-01
5.220883534136546444e+01 5.302226155752541581e-02 1.000000000000000056e-01
5.261044176706827358e+01 3.293711217185485984e-01 1.000000000000000056e-01
5.301204819277108271e+01 5.619140237973008212e-01 1.000000000000000056e-01
5.341365461847389184e+01 5.776248794707007361e-01 1.000000000000000056e-01
5.381526104417670808e+01 -2.585115357110623902e-01 1.000000000000000056e-01
5.421686746987951722e+01 -8.956082461745087375e-01 1.000000000000000056e-01
5.461847389558232635e+01 -1.143614109412335544e+00 1.000000000000000056e-01
5.502008032128514259e+01 -1.014512966540350281e+00 1.000000000000000056e-01
5.542168674698795172e+01 -6.948364740554052732e-01 1.000000000000000056e-01
5.582329317269076085e+01 -3.298824932379989527e-01 1.000000000000000056e-01
5.622489959839357709e+01 -1.595493382328318777e-01 1.000000000000000056e-01
5.662650602409638623e+01 -3.109367948977491136e-01 1.000000000000000056e-01
5.702811244979919536e+01 -1.830092756622974659e-01 1.000000000000000056e-01
5.742971887550200449e+01 -5.018183989607650775e-01 1.000000000000000056e-01
5.783132530120482073e+01 -9.548491417136032444e-01 1.000000000000000056e-01
5.823293172690762987e+01 -1.546303440460925938e+00 1.000000000000000056e-01
5.863453815261043900e+01 -1.822217170911355044e+00 1.000000000000000056e-01
5.903614457831325524e+01 -1.705385734520834973e+00 1.000000000000000056e-01
5.943775100401606437e+01 -1.443794914378261351e+00 1.000000000000000056e-01
5.983935742971887350e+01 -8.322350797093616137e-01 1.000000000000000056e-01
6.024096385542168974e+01 3.175447617035174336e-02 1.000000000000000056e-01
6.064257028112449888e+01 9.862334812036820386e-01 1.000000000000000056e-01
6.104417670682730801e+01 1.342178998341806206e+00 1.000000000000000056e-01
6.144578313253011714e+01 1.931063022409110097e+00 1.000000000000000056e-01
6.184738955823293338e+01 2.010772621888546663e+00 1.000000000000000056e-01
6.224899598393574252e+01 1.947374450217067343e+00 1.000000000000000056e-01
6.265060240963855165e+01 1.654434732559443288e+00 1.000000000000000056e-01
6.305220883534136789e+01 1.128192579483427327e+00 1.000000000000000056e-01
6.345381526104417702e+01 7.926761532811645861e-01 1.000000000000000056e-01
6.385542168674698615e+01 4.924448460974035768e-01 1.000000000000000056e-01
6.425702811244980239e+01 -2.180486018607399185e-02 1.000000000000000056e-01
6.465863453815261153e+01 -6.491711474964662054e-01 1.000000000000000056e-01
6.506024096385542066e+01 -1.291292035488018408e+00 1.000000000000000056e-01
6.546184738955822979e+01 -1.788556331600723803e+00 1.000000000000000056e-01
6.586345381526103893e+01 -2.098176580258745094e+00 1.000000000000000056e-01
6.626506024096384806e+01 -1.546128013685446279e+00 1.000000000000000056e-01
6.666666666666667140e+01 -1.156930675604224135e+00 1.000000000000000056e-01
6.706827309236948054e+01 -9.021853823759464763e-01 1.000000000000000056e-01
6.746987951807228967e+01 -1.236394091801475525e+00 1.000000000000000056e-01
6.787148594377509880e+01 -1.307373643011212616e+00 1.000000000000000056e-01
6.827309236947790794e+01 -1.256318167245700224e+00 1.000000000000000056e-01
6.867469879518071707e+01 -1.021605411606943292e+00 1.000000000000000056e-01
6.907630522088354041e+01 -9.142533246283024440e-01 1.000000000000000056e-01
6.947791164658634955e+01 -8.572984564381694872e-01 1.000000000000000056e-01
6.987951807228915868e+01 -8.522532382680527707e-01 1.000000000000000056e-01
7.028112449799196781e+01 -7.680421279893938635e-01 1.000000000000000056e-01
7.068273092369477695e+01 -7.734000319397074108e-01 1.000000000000000056e-01
7.108433734939758608e+01 -8.621739410965306716e-01 1.000000000000000056e-01
7.148594377510039521e+01 -7.738734545310902435e-01 1.000000000000000056e-01
7.188755020080321856e+01 -6.381532393253533941e-01 1.000000000000000056e-01
7.228915662650602769e+01 -5.388645591838969739e-01 1.000000000000000056e-01
7.269076305220883683e+01 -2.046167253232841210e-01 1.000000000000000056e-01
7.309236947791164596e+01 2.098867649922771805e-01 1.000000000000000056e-01
7.349397590361445509e+01 -2.244596281928203790e-02 1.000000000000000056e-01
7.389558232931726423e+01 -4.435179563877737485e-01 1.000000000000000056e-01
7.429718875502007336e+01 -9.970179541855567207e-01 1.000000000000000056e-01
7.469879518072289670e+01 -1.992125322750881056e+00 1.000000000000000056e-01
7.510040160642570584e+01 -2.162794918918780951e+00 1.000000000000000056e-01
7.550200803212851497e+01 -1.910976385018854362e+00 1.000000000000000056e-01
7.590361445783132410e+01 -1.580743196334733813e+00 1.000000000000000056e-01
7.630522088353413324e+01 -1.188338458655823660e+00 1.000000000000000056e-01
7.670682730923694237e+01 -7.376634808229824980e-01 1.000000000000000056e-01
7.710843373493975150e+01 -1.230157411197893014e-01 1.000000000000000056e-01
7.751004016064257485e+01 2.493921604549487192e-02 1.000000000000000056e-01
7.791164658634538398e+01 -3.279889757320676447e-01 1.000000000000000056e-01
7.831325301204819311e+01 -3.357039961517400695e-01 1.000000000000000056e-01
7.871485943775100225e+01 -6.469991355839309621e-01 1.000000000000000056e-01
7.911646586345381138e+01 -5.134808111367712424e-01 1.000000000000000056e-01
7.951807228915662051e+01 -2.528760082520051244e-01 1.000000000000000056e-01
7.991967871485944386e+01 2.333491469704809529e-01 1.000000000000000056e-01
8.032128514056225299e+01 8.510748295377510431e-01 1.000000000000000056e-01
8.072289156626506212e+01 1.460528802114481994e+00 1.000000000000000056e-01
8.112449799196787126e+01 2.350609580842590862e+00 1.000000000000000056e-01
8.152610441767068039e+01 2.904598712840371189e+00 1.000000000000000056e-01
8.192771084337348952e+01 2.879771609365048057e+00 1.000000000000000056e-01
8.232931726907629866e+01 2.647008811156180030e+00 1.000000000000000056e-01
8.273092369477912200e+01 2.673633305007020233e+00 1.000000000000000056e-01
8.313253012048193114e+01 2.651924440436870700e+00 1.000000000000000056e-01
8.353413654618474027e+01 2.444297140502096344e+00 1.000000000000000056e-01
8.393574297188754940e+01 2.619651926535228714e+00 1.000000000000000056e-01
8.433734939759035854e+01 1.798152757810554281e+00 1.000000000000000056e-01
8.473895582329316767e+01 6.253006261540423605e-01 1.000000000000000056e-01
8.514056224899597680e+01 -4.906818637106912240e-01 1.000000000000000056e-01
8.554216867469880015e+01 -1.716385881134060654e+00 1.000000000000000056e-01
8.594377510040160928e+01 -2.246324612153379086e+00 1.000000000000000056e-01
8.634538152610441841e+01 -2.422281206233761530e+00 1.000000000000000056e-01
8.674698795180722755e+01 -2.011413930870608713e+00 1.000000000000000056e-01
8.714859437751003668e+01 -9.940901169084404021e-01 1.000000000000000056e-01
8.755020080321284581e+01 3.645641238767421410e-01 1.000000000000000056e-01
8.795180722891566916e+01 1.148492801011962161e+00 1.000000000000000056e-01
8.835341365461847829e+01 1.844989858917437386e+00 1.000000000000000056e-01
8.875502008032128742e+01 1.394603381118785013e+00 1.000000000000000056e-01
8.915662650602409656e+01 6.921885438933929047e-01 1.000000000000000056e-01
8.955823293172690569e+01 4.183130540736962333e-03 1.000000000000000056e-01
8.995983935742971482e+01 -3.547183426476824275e-01 1.000000000000000056e-01
9.036144578313252396e+01 -5.695046948644537643e-01 1.000000000000000056e-01
9.076305220883534730e+01 -8.613334555963253480e-01 1.000000000000000056e-01
9.116465863453815643e+01 -1.422401544936831463e+00 1.000000000000000056e-01
9.156626506024096557e+01 -1.739605706371320393e+00 1.000000000000000056e-01
9.196787148594377470e+01 -1.807432756197995705e+00 1.000000000000000056e-01
9.236947791164658383e+01 -2.112160619237811510e+00 1.000000000000000056e-01
9.277108433734939297e+01 -1.908734190378671647e+00 1.000000000000000056e-01
9.317269076305220210e+01 -1.199118216776966950e+00 1.000000000000000056e-01
9.357429718875502545e+01 -3.453743052620341092e-01 1.000000000000000056e-01
9.397590361445783458e+01 1.359649191939117374e+00 1.000000000000000056e-01
9.437751004016064371e+01 2.556764511141230489e+00 1.000000000000000056e-01
9.477911646586345285e+01 3.762442199963884182e+00 1.000000000000000056e-01
9.518072289156626198e+01 3.982388150385208547e+00 1.000000000000000056e-01
9.558232931726907111e+01 3.542255000374251672e+00 1.000000000000000056e-01
9.598393574297188025e+01 2.195029082613483062e+00 1.000000000000000056e-01
9.638554216867470359e+01 1.475820860278177937e+00 1.000000000000000056e-01
9.678714859437751272e+01 7.128051655699695344e-01 1.000000000000000056e-01
9.718875502008032186e+01 5.433143982242996106e-01 1.000000000000000056e-01
9.759036144578313099e+01 6.672386179589193667e-01 1.000000000000000056e-01
9.799196787148594012e+01 2.227815737796734752e-01 1.000000000000000056e-01
9.839357429718874926e+01 -1.251935545117095205e-01 1.000000000000000056e-01
9.879518072289157260e+01 -1.165853738955471286e+00 1.000000000000000056e-01
9.919678714859438173e+01 -1.611323162109243645e+00 1.000000000000000056e-01
9.959839357429719087e+01 -1.758263291186771049e+00 1.000000000000000056e-01
1.000000000000000000e+02 -1.573119792141284723e+00 1.000000000000000056e-01
