0.000000000000000000e+00 9.430681752495922998e-01 1.000000000000000056e-01
4.016064257028112428e-01 9.429147938234678783e-01 1.000000000000000056e-01
8.032128514056224855e-01 6.461093134906364943e-01 1.000000000000000056e-01
1.204819277108433617e+00 2.051019817087154917e-01 1.000000000000000056e-01
1.606425702811244971e+00 -1.457438927156610442e-01 1.000000000000000056e-01
2.008032128514056325e+00 -2.675474926042749613e-01 1.000000000000000056e-01
2.409638554216867234e+00 -8.228665241153696464e-01 1.000000000000000056e-01
2.811244979919678588e+00 -9.500055703174522526e-01 1.000000000000000056e-01
3.212851405622489942e+00 -1.220861307320482592e+00 1.000000000000000056e-01
3.614457831325301296e+00 -1.323434744687227216e+00 1.000000000000000056e-01
4.016064257028112650e+00 -1.415989656632165694e+00 1.000000000000000056e-01
4.417670682730923559e+00 -1.703474904719006533e+00 1.000000000000000056e-01
4.819277108433734469e+00 -1.809897923844965506e+00 1.000000000000000056e-01
5.220883534136546267e+00 -1.912516624283372657e+00 1.000000000000000056e-01
5.622489959839357176e+00 -1.557868836987258643e+00 1.000000000000000056e-01
6.024096385542168974e+00 -1.364988061947536968e+00 1.000000000000000056e-01
6.425702811244979884e+00 -1.053254078061961252e+00 1.000000000000000056e-01
6.827309236947790794e+00 -6.996308845307869229e-01 1.000000000000000056e-01
7.228915662650602592e+00 -3.267133212905370954e-01 1.000000000000000056e-01
7.630522088353413501e+00 -4.882194833718311866e-02 1.000000000000000056e-01
8.032128514056225299e+00 1.062710934421682574e-01 1.000000000000000056e-01
8.433734939759036209e+00 -1.628102898413362476e-01 1.000000000000000056e-01
8.835341365461847118e+00 -3.479955903083944979e-01 1.000000000000000056e-01
9.236947791164658028e+00 -6.612206517662994054e-01 1.000000000000000056e-01
9.638554216867468938e+00 -9.858507605153492559e-01 1.000000000000000056e-01
1.004016064257028162e+01 -1.345758549383146097e+00 1.000000000000000056e-01
1.044176706827309253e+01 -1.713397854428536871e+00 1.000000000000000056e-01
1.084337349397590344e+01 -1.824790869312420849e+00 1.000000000000000056e-01
1.124497991967871435e+01 -2.095017950965815778e+00 1.000000000000000056e-01
1.164658634538152526e+01 -2.295141796230484310e+00 1.000000000000000056e-01
1.204819277108433795e+01 -2.414363073167824947e+00 1.000000000000000056e-01
1.244979919678714886e+01 -2.512549367570482417e+00 1.000000000000000056e-01
1.285140562248995977e+01 -2.360547870408845839e+00 1.000000000000000056e-01
1.325301204819277068e+01 -2.562076334600698946e+00 1.000000000000000056e-01
1.365461847389558159e+01 -2.530682765299069992e+00 1.000000000000000056e-01
1.405622489959839427e+01 -2.596737588435258370e+00 1.000000000000000056e-01
1.445783132530120518e+01 -2.316424401864709992e+00 1.000000000000000056e-01
1.485943775100401609e+01 -1.982664359404931576e+00 1.000000000000000056e-01
1.526104417670682700e+01 -1.844056051246582895e+00 1.000000000000000056e-01
1.566265060240963791e+01 -1.422782314958307426e+00 1.000000000000000056e-01
1.606425702811245060e+01 -9.896265662122204487e-01 1.000000000000000056e-01
1.646586345381525973e+01 -3.107287285767393326e-01 1.000000000000000056e-01
1.686746987951807242e+01 -1.411489145336367046e-02 1.000000000000000056e-01
1.726907630522088510e+01 1.757380887830732041e-01 1.000000000000000056e-01
1.767068273092369424e+01 4.011447417127330661e-01 1.000000000000000056e-01
1.807228915662650692e+01 2.504196407335577135e-01 1.000000000000000056e-01
1.847389558232931606e+01 -6.421957256130858549e-02 1.000000000000000056e-01
1.887550200803212874e+01 -1.405406360511659014e-01 1.000000000000000056e-01
1.927710843373493788e+01 -6.694530814472614555e-01 1.000000000000000056e-01
1.967871485943775056e+01 -8.023499460520810977e-01 1.000000000000000056e-01
2.008032128514056325e+01 -1.108300069069322769e+00 1.000000000000000056e-01
2.048192771084337238e+01 -1.145850985116989351e+00 1.000000000000000056e-01
2.088353413654618507e+01 -1.192745814803221727e+00 1.000000000000000056e-01
2.128514056224899420e+01 -1.149349327366611329e+00 1.000000000000000056e-01
2.168674698795180689e+01 -9.536840701658623187e-01 1.000000000000000056e-01
2.208835341365461957e+01 -7.737763802769855870e-01 1.000000000000000056e-01
2.248995983935742871e+01 -4.611862751490005130e-01 1.000000000000000056e-01
2.289156626506024139e+01 -4.295331845582164298e-01 1.000000000000000056e-01
2.329317269076305053e+01 -6.126016457086080891e-01 1.000000000000000056e-01
2.369477911646586321e+01 -4.782608737007761346e-01 1.000000000000000056e-01
2.409638554216867590e+01 -5.989585634146021853e-01 1.000000000000000056e-01
2.449799196787148503e+01 -6.584063246641330691e-01 1.000000000000000056e-01
2.489959839357429772e+01 -6.841091621757531271e-01 1.000000000000000056e-01
2.530120481927710685e+01 -5.162296047729368897e-01 1.000000000000000056e-01
2.570281124497991954e+01 -7.133482453796442524e-01 1.000000000000000056e-01
2.610441767068273222e+01 -9.796706293180471592e-01 1.000000000000000056e-01
2.650602409638554136e+01 -5.804680953789902453e-01 1.000000000000000056e-01
2.690763052208835404e+01 -3.723291423810373701e-01 1.000000000000000056e-01
2.730923694779116317e+01 4.845950681639102364e-02 1.000000000000000056e-01
2.771084337349397586e+01 3.480530866609454765e-01 1.000000000000000056e-01
2.811244979919678855e+01 6.040726746097897504e-01 1.000000000000000056e-01
2.851405622489959768e+01 9.445031847139717662e-01 1.000000000000000056e-01
2.891566265060241037e+01 9.129327645738857244e-01 1.000000000000000056e-01
2.931726907630521950e+01 1.147682641494624844e+00 1.000000000000000056e-01
2.971887550200803219e+01 9.524532965194238976e-01 1.000000000000000056e-01
3.012048192771084487e+01 9.693662628543227022e-01 1.000000000000000056e-01
3.052208835341365400e+01 8.057019914092045099e-01 1.000000000000000056e-01
3.092369477911646669e+01 9.237718973260726774e-01 1.000000000000000056e-01
3.132530120481927582e+01 1.153134798668198568e+00 1.000000000000000056e-01
3.172690763052208851e+01 1.126665817085794608e+00 1.000000000000000056e-01
3.212851405622490120e+01 1.256015182493052329e+00 1.000000000000000056e-01
3.253012048192771033e+01 1.521473153376783127e+00 1.000000000000000056e-01
3.293172690763051946e+01 1.396686752743616644e+00 1.000000000000000056e-01
3.333333333333333570e+01 1.558847126452880705e+00 1.000000000000000056e-01
3.373493975903614484e+01 1.350457766064224963e+00 1.000000000000000056e-01
3.413654618473895397e+01 1.285539959010573607e+00 1.000000000000000056e-01
3.453815261044177021e+01 1.120475651092361913e+00 1.000000000000000056e-01
3.493975903614457934e+01 9.853666963168397075e-01 1.000000000000000056e-01
3.534136546184738847e+01 5.411649478318916184e-01 1.000000000000000056e-01
3.574297188755019761e+01 2.074243822346528154e-01 1.000000000000000056e-01
3.614457831325301385e+01 -8.057753642023202101e-02 1.000000000000000056e-01
3.654618473895582298e+01 -3.248975509112630444e-01 1.000000000000000056e-01
3.694779116465863211e+01 -7.839985131158992981e-01 1.000000000000000056e-01
3.734939759036144835e+01 -1.023850872211886198e+00 1.000000000000000056e-01
3.775100401606425748e+01 -1.063761184999476583e+00 1.000000000000000056e-01
3.815261044176706662e+01 -1.052444338030878779e+00 1.000000000000000056e-01
3.855421686746987575e+01 -1.077680788601001360e+00 1.000000000000000056e-01
3.895582329317269199e+01 -8.102429624151148424e-01 1.000000000000000056e-01
3.935742971887550112e+01 -7.517055349111483320e-01 1.000000000000000056e-01
3.975903614457831026e+01 -8.667209454015827319e-01 1.000000000000000056e-01
4.016064257028112650e+01 -7.065498754176031682e-01 1.000000000000000056e-01
4.056224899598393563e+01 -7.130511598672973905e-01 1.000000000000000056e-01
4.096385542168674476e+01 -8.190640692375023013e-01 1.000000000000000056e-01
4.136546184738956100e+01 -6.723130308723027637e-01 1.000000000000000056e-01
4.176706827309237013e+01 -7.542384035892767402e-01 1.000000000000000056e-01
4.216867469879517927e+01 -9.907096074561212440e-01 1.000000000000000056e-01
4.257028112449798840e+01 -9.311045238382200662e-01 1.000000000000000056e-01
4.297188755020080464e+01 -8.735969236614021804e-01 1.000000000000000056e-01
4.337349397590361377e+01 -1.085946291485017756e+00 1.000000000000000056e-01
4.377510040160642291e+01 -8.113903111231550724e-01 1.000000000000000056e-01
4.417670682730923915e+01 -1.010458620461706758e+00 1.000000000000000056e-01
4.457831325301204828e+01 -9.532909750727337483e-01 1.000000000000000056e-01
4.497991967871485741e+01 -9.720167375281669742e-01 1.000000000000000056e-01
4.538152610441767365e+01 -9.102827307150518354e-01 1.000000000000000056e-01
4.578313253012048278e+01 -1.296144717315201422e+00 1.000000000000000056e-01
4.618473895582329192e+01 -1.365148126278723950e+00 1.000000000000000056e-01
4.658634538152610105e+01 -1.748392075696401537e+00 1.000000000000000056e-01
4.698795180722891729e+01 -1.750885434480388581e+00 1.000000000000000056e-01
4.738955823293172642e+01 -1.661923872058322926e+00 1.000000000000000056e-01
4.779116465863453556e+01 -1.473260543491430541e+00 1.000000000000000056e-01
4.819277108433735179e+01 -1.181562823183972100e+00 1.000000000000000056e-01
4.859437751004016093e+01 -1.000653218711833325e+00 1.000000000000000056e-01
4.899598393574297006e+01 -7.023962062666793127e-01 1.000000000000000056e-01
4.939759036144578630e+01 -6.291835096361844126e-01 1.000000000000000056e-01
4.979919678714859543e+01 -4.969537664251933995e-01 1.000000000000000056e-01
5.020080321285140457e+01 -5.383670442105007448e-01 1.000000000000000056e-01
5.060240963855421370e+01 -5.083250950980713334e-01 1.000000000000000056e-01
5.100401606425702994e+01 -6.826225506999417103e-01 1.000000000000000056e-01
5.140562248995983907e+01 -1.118724807845857594e+00 1.000000000000000056e-01
5.180722891566264821e+01 -9.665728119320496914e-01 1.000000000000000056e-01
5.220883534136546444e+01 -1.160608497494229674e+00 1.000000000000000056e-01
5.261044176706827358e+01 -7.933217344817873329e-01 1.000000000000000056e-01
5.301204819277108271e+01 -5.705263156151522130e-01 1.000000000000000056e-01
5.341365461847389184e+01 5.339605213685411078e-02 1.000000000000000056e-01
5.381526104417670808e+01 4.886672804139349791e-02 1.000000000000000056e-01
5.421686746987951722e+01 2.860543656780336064e-01 1.000000000000000056e-01
5.461847389558232635e+01 6.615087494712577065e-01 1.000000000000000056e-01
5.502008032128514259e+01 7.475351415746984696e-01 1.000000000000000056e-01
5.542168674698795172e+01 6.578231154484197596e-01 1.000000000000000056e-01
5.582329317269076085e+01 9.334674626452954538e-01 1.000000000000000056e-01
5.622489959839357709e+01 6.212734452337098645e-01 1.000000000000000056e-01
5.662650602409638623e+01 9.542068973374271401e-01 1.000000000000000056e-01
5.702811244979919536e+01 1.265616268462764316e+00 1.000000000000000056e-01
5.742971887550200449e+01 1.048459668941361000e+00 1.000000000000000056e-01
5.783132530120482073e+01 1.223473669163736233e+00 1.000000000000000056e-01
5.823293172690762987e+01 1.327154917995982286e+00 1.000000000000000056e-01
5.863453815261043900e+01 1.193037285228538025e+00 1.000000000000000056e-01
5.903614457831325524e+01 1.107535842308523755e+00 1.000000000000000056e-01
5.943775100401606437e+01 1.089816364887354228e+00 1.000000000000000056e-01
5.983935742971887350e+01 8.098114787632447742e-01 1.000000000000000056e-01
6.024096385542168974e+01 4.293373904811390585e-01 1.000000000000000056e-01
6.064257028112449888e+01 4.111139653430088137e-01 1.000000000000000056e-01
6.104417670682730801e+01 4.969112268556254985e-01 1.000000000000000056e-01
6.144578313253011714e+01 4.097254412630042530e-01 1.000000000000000056e-01
6.184738955823293338e+01 7.098687917640706946e-01 1.000000000000000056e-01
6.224899598393574252e+01 7.620160198836644083e-01 1.000000000000000056e-01
6.265060240963855165e+01 9.323503859976749464e-01 1.000000000000000056e-01
6.305220883534136789e+01 1.059427593066310402e+00 1.000000000000000056e-01
6.345381526104417702e+01 1.236748820931908632e+00 1.000000000000000056e-01
6.385542168674698615e+01 1.125610661074252228e+00 1.000000000000000056e-01
6.425702811244980239e+01 8.869353061363687285e-01 1.000000000000000056e-01
6.465863453815261153e+01 5.748509370186167811e-01 1.000000000000000056e-01
6.506024096385542066e+01 3.866125091910954659e-01 1.000000000000000056e-01
6.546184738955822979e+01 5.415266799151536858e-01 1.000000000000000056e-01
6.586345381526103893e+01 7.957930935603044764e-01 1.000000000000000056e-01
6.626506024096384806e+01 7.459505377484022537e-01 1.000000000000000056e-01
6.666666666666667140e+01 8.562474770071784036e-01 1.000000000000000056e-01
6.706827309236948054e+01 8.664480548768879187e-01 1.000000000000000056e-01
6.746987951807228967e+01 7.842658080704952850e-01 1.000000000000000056e-01
6.787148594377509880e+01 7.817135927704264020e-01 1.000000000000000056e-01
6.827309236947790794e+01 3.587699833956489726e-01 1.000000000000000056e-01
6.867469879518071707e+01 9.600210506204308325e-02 1.000000000000000056e-01
6.907630522088354041e+01 -2.914344411508424937e-01 1.000000000000000056e-01
6.947791164658634955e+01 -4.444678813009682039e-01 1.000000000000000056e-01
6.987951807228915868e+01 -5.951624277649466555e-01 1.000000000000000056e-01
7.028112449799196781e+01 -5.508675739450344944e-01 1.000000000000000056e-01
7.068273092369477695e+01 -6.671818114406227185e-01 1.000000000000000056e-01
7.108433734939758608e+01 -5.559887637739339139e-01 1.000000000000000056e-01
7.148594377510039521e+01 -7.134963228867428064e-01 1.000000000000000056e-01
7.188755020080321856e+01 -7.748059004254441717e-01 1.000000000000000056e-01
7.228915662650602769e+01 -6.049387007921807058e-01 1.000000000000000056e-01
7.269076305220883683e+01 -5.116841948647719018e-01 1.000000000000000056e-01
7.309236947791164596e+01 -6.297935900347249039e-01 1.000000000000000056e-01
7.349397590361445509e+01 -6.622389635167733601e-01 1.000000000000000056e-01
7.389558232931726423e+01 -5.643542115054573927e-01 1.000000000000000056e-01
7.429718875502007336e+01 -7.427465138155975310e-01 1.000000000000000056e-01
7.469879518072289670e+01 -6.799957971959863512e-01 1.000000000000000056e-01
7.510040160642570584e+01 -4.729151226425393206e-01 1.000000000000000056e-01
7.550200803212851497e+01 -1.448840424490433210e-01 1.000000000000000056e-01
7.590361445783132410e+01 1.018121517324106079e-01 1.000000000000000056e-01
7.630522088353413324e+01 2.248781954087728796e-01 1.000000000000000056e-01
7.670682730923694237e+01 3.581837147720055015e-01 1.000000000000000056e-01
7.710843373493975150e+01 1.315800574577915827e-01 1.000000000000000056e-01
7.751004016064257485e+01 3.405847574153477719e-01 1.000000000000000056e-01
7.791164658634538398e+01 -7.292138478024287607e-02 1.000000000000000056e-01
7.831325301204819311e+01 -2.704966062818047190e-01 1.000000000000000056e-01
7.871485943775100225e+01 -3.355405666158611799e-01 1.000000000000000056e-01
7.911646586345381138e+01 -3.515230073454070903e-01 1.000000000000000056e-01
7.951807228915662051e+01 -3.293761122218912818e-01 1.000000000000000056e-01
7.991967871485944386e+01 -3.267157826379256114e-01 1.000000000000000056e-01
8.032128514056225299e+01 3.715173428542892231e-02 1.000000000000000056e-01
8.072289156626506212e+01 6.207155743472521359e-02 1.000000000000000056e-01
8.112449799196787126e+01 1.776119718403785797e-01 1.000000000000000056e-01
8.152610441767068039e+01 3.158337754493310001e-01 1.000000000000000056e-01
8.192771084337348952e+01 3.216704945978147157e-01 1.000000000000000056e-01
8.232931726907629866e+01 4.208720256529281389e-01 1.000000000000000056e-01
8.273092369477912200e+01 7.401337375596268586e-01 1.000000000000000056e-01
8.313253012048193114e+01 7.672696763656284835e-01 1.000000000000000056e-01
8.353413654618474027e+01 9.003910568321911168e-01 1.000000000000000056e-01
8.393574297188754940e+01 1.111120696944674302e+00 1.000000000000000056e-01
8.433734939759035854e+01 1.254963303371406935e+00 1.000000000000000056e-01
8.473895582329316767e+01 1.548704775958216429e+00 1.000000000000000056e-01
8.514056224899597680e+01 1.769130652799824288e+00 1.000000000000000056e-01
8.554216867469880015e+01 1.800391486392221907e+00 1.000000000000000056e-01
8.594377510040160928e+01 1.700107492560200217e+00 1.000000000000000056e-01
8.634538152610441841e+01 1.781123949473365276e+00 1.000000000000000056e-01
8.674698795180722755e+01 1.363682295902731711e+00 1.000000000000000056e-01
8.714859437751003668e+01 1.126272797595192943e+00 1.000000000000000056e-01
8.755020080321284581e+01 9.606344714042356348e-01 1.000000000000000056e-01
8.795180722891566916e+01 5.890859965845726132e-01 1.000000000000000056e-01
8.835341365461847829e+01 4.475385319713134358e-01 1.000000000000000056e-01
8.875502008032128742e+01 4.423853578076888948e-01 1.000000000000000056e-01
8.915662650602409656e+01 3.943040765802938163e-01 1.000000000000000056e-01
8.955823293172690569e+01 5.874316002382397039e-01 1.000000000000000056e-01
8.995983935742971482e+01 8.821615490824887829e-01 1.000000000000000056e-01
9.036144578313252396e+01 9.844356505332358953e-01 1.000000000000000056e-01
9.076305220883534730e+01 1.066368740083671662e+00 1.000000000000000056e-01
9.116465863453815643e+01 1.144705983694236595e+00 1.000000000000000056e-01
9.156626506024096557e+01 1.128689830212384448e+00 1.000000000000000056e-01
9.196787148594377470e+01 8.452332890741008908e-01 1.000000000000000056e-01
9.236947791164658383e+01 1.185083768779731539e+00 1.000000000000000056e-01
9.277108433734939297e+01 9.205195196656518197e-01 1.000000000000000056e-01
9.317269076305220210e+01 7.821212819276881500e-01 1.000000000000000056e-01
9.357429718875502545e+01 5.765717039310513936e-01 1.000000000000000056e-01
9.397590361445783458e+01 6.175604587835203940e-01 1.000000000000000056e-01
9.437751004016064371e+01 4.933905831614531223e-01 1.000000000000000056e-01
9.477911646586345285e+01 6.884183965188898080e-01 1.000000000000000056e-01
9.518072289156626198e+01 7.473748798019300699e-01 1.000000000000000056e-01
9.558232931726907111e+01 8.158402986154267289e-01 1.000000000000000056e-01
9.598393574297188025e+01 1.079594646853234474e+00 1.000000000000000056e-01
9.638554216867470359e+01 7.901839805442500975e-01 1.000000000000000056e-01
9.678714859437751272e+01 7.025536111611483392e-01 1.000000000000000056e-01
9.718875502008032186e+01 3.193930947051822899e-01 1.000000000000000056e-01
9.759036144578313099e+01 5.970207283185539893e-02 1.000000000000000056e-01
9.799196787148594012e+01 -4.417320362721557370e-01 1.000000000000000056e-01
9.839357429718874926e+01 -5.138772422329407341e-01 1.000000000000000056e-01
9.879518072289157260e+01 -8.326071221709167025e-01 1.000000000000000056e-01
9.919678714859438173e+01 -1.086035907810774637e+00 1.000000000000000056e-01
9.959839357429719087e+01 -1.139453826426544580e+00 1.000000000000000056e-01
1.000000000000000000e+02 -1.316012913152569741e+00 1.000000000000000056e-01
