0.000000000000000000e+00 9.738146381778598482e-01 1.000000000000000056e-01
4.016064257028112428e-01 1.157495387991281710e+00 1.000000000000000056e-01
8.032128514056224855e-01 8.898497394534955474e-01 1.000000000000000056e-01
1.204819277108433617e+00 9.564452955098858844e-01 1.000000000000000056e-01
1.606425702811244971e+00 9.161257232714252741e-01 1.000000000000000056e-01
2.008032128514056325e+00 3.571094421554502074e-01 1.000000000000000056e-01
2.409638554216867234e+00 -9.489851172536116486e-02 1.000000000000000056e-01
2.811244979919678588e+00 -3.806769138768630878e-01 1.000000000000000056e-01
3.212851405622489942e+00 -1.112903698390972140e+00 1.000000000000000056e-01
3.614457831325301296e+00 -2.005504852959392625e+00 1.000000000000000056e-01
4.016064257028112650e+00 -3.111581485033771965e+00 1.000000000000000056e-01
4.417670682730923559e+00 -3.947910886875956926e+00 1.000000000000000056e-01
4.819277108433734469e+00 -4.262864001224249577e+00 1.000000000000000056e-01
5.220883534136546267e+00 -3.738181313799088912e+00 1.000000000000000056e-01
5.622489959839357176e+00 -3.088941718125850500e+00 1.000000000000000056e-01
6.024096385542168974e+00 -1.668492388514668301e+00 1.000000000000000056e-01
6.425702811244979884e+00 -6.828863621366766390e-01 1.000000000000000056e-01
6.827309236947790794e+00 -7.156097825729547390e-02 1.000000000000000056e-01
7.228915662650602592e+00 -3.488332030320430710e-01 1.000000000000000056e-01
7.630522088353413501e+00 -2.099916094457136007e-01 1.000000000000000056e-01
8.032128514056225299e+00 -1.272305298570478305e-01 1.000000000000000056e-01
8.433734939759036209e+00 6.003545384397005469e-01 1.000000000000000056e-01
8.835341365461847118e+00 1.677012022871327002e+00 1.000000000000000056e-01
9.236947791164658028e+00 2.913667564119874598e+00 1.000000000000000056e-01
9.638554216867468938e+00 2.642715742347391039e+00 1.000000000000000056e-01
1.004016064257028162e+01 1.643895597568606259e+00 1.000000000000000056e-01
1.044176706827309253e+01 5.673933217844320254e-01 1.000000000000000056e-01
1.084337349397590344e+01 8.379305996382238053e-01 1.000000000000000056e-01
1.124497991967871435e+01 1.251413123308642517e+00 1.000000000000000056e-01
1.164658634538152526e+01 1.192865211056532981e+00 1.000000000000000056e-01
1.204819277108433795e+01 6.681514103872481236e-01 1.000000000000000056e-01
1.244979919678714886e+01 9.270816379780512095e-01 1.000000000000000056e-01
1.285140562248995977e+01 2.013226324596350203e+00 1.000000000000000056e-01
1.325301204819277068e+01 2.661688205115027461e+00 1.000000000000000056e-01
1.365461847389558159e+01 2.711252783061606220e+00 1.000000000000000056e-01
1.405622489959839427e+01 1.801460991797152467e+00 1.000000000000000056e-01
1.445783132530120518e+01 3.229610986154286545e-01 1.000000000000000056e-01
1.485943775100401609e+01 -3.523033415071528118e-01 1.000000000000000056e-01
1.526104417670682700e+01 -1.865179839042526710e-01 1.000000000000000056e-01
1.566265060240963791e+01 5.192845988814336344e-01 1.000000000000000056e-01
1.606425702811245060e+01 1.435220713770597012e+00 1.000000000000000056e-01
1.646586345381525973e+01 1.698412722384028850e+00 1.000000000000000056e-01
1.686746987951807242e+01 7.715416515270470121e-01 1.000000000000000056e-01
1.726907630522088510e+01 -6.593025454906589755e-02 1.000000000000000056e-01
1.767068273092369424e+01 -1.454280190552648122e-01 1.000000000000000056e-01
1.807228915662650692e+01 6.114488762108989395e-01 1.000000000000000056e-01
1.847389558232931606e+01 1.539950204300792436e+00 1.000000000000000056e-01
1.887550200803212874e+01 1.952640579256547548e+00 1.000000000000000056e-01
1.927710843373493788e+01 1.372955238045747706e+00 1.000000000000000056e-01
1.967871485943775056e+01 4.420826642236785342e-01 1.000000000000000056e-01
2.008032128514056325e+01 -1.673635776787756047e-01 1.000000000000000056e-01
2.048192771084337238e+01 -7.388335329455856249e-01 1.000000000000000056e-01
2.088353413654618507e+01 -8.262229933486212596e-01 1.000000000000000056e-01
2.128514056224899420e+01 -3.490639182281636277e-01 1.000000000000000056e-01
2.168674698795180689e+01 -4.242406380166402480e-02 1.000000000000000056e-01
2.208835341365461957e+01 -2.344680206951166301e-01 1.000000000000000056e-01
2.248995983935742871e+01 -7.372233206179816811e-01 1.000000000000000056e-01
2.289156626506024139e+01 -1.050659225089064064e+00 1.000000000000000056e-01
2.329317269076305053e+01 -1.181723154694904521e+00 1.000000000000000056e-01
2.369477911646586321e+01 -1.392991398039761464e+00 1.000000000000000056e-01
2.409638554216867590e+01 -1.648557564738543979e+00 1.000000000000000056e-01
2.449799196787148503e+01 -1.552499703864304692e+00 1.000000000000000056e-01
2.489959839357429772e+01 -1.304216908430989141e+00 1.000000000000000056e-01
2.530120481927710685e+01 -1.077935853157870882e+00 1.000000000000000056e-01
2.570281124497991954e+01 -1.386107514232240545e+00 1.000000000000000056e-01
2.610441767068273222e+01 -9.683787922402363746e-01 1.000000000000000056e-01
2.650602409638554136e+01 -5.160665086333516838e-01 1.000000000000000056e-01
2.690763052208835404e+01 5.584470358113984290e-01 1.000000000000000056e-01
2.730923694779116317e+01 1.100750563544606653e+00 1.000000000000000056e-01
2.771084337349397586e+01 1.059244821815944038e+00 1.000000000000000056e-01
2.811244979919678855e+01 1.226236520065887126e+00 1.000000000000000056e-01
2.851405622489959768e+01 1.001824149688914423e+00 1.000000000000000056e-01
2.891566265060241037e+01 1.223501391629694623e+00 1.000000000000000056e-01
2.931726907630521950e+01 1.677353841222458675e+00 1.000000000000000056e-01
2.971887550200803219e+01 1.503705479650488286e+00 1.000000000000000056e-01
3.012048192771084487e+01 8.053391083064708189e-01 1.000000000000000056e-01
3.052208835341365400e+01 -4.022228411055011610e-01 1.000000000000000056e-01
3.092369477911646669e+01 -9.118520108805936442e-01 1.000000000000000056e-01
3.132530120481927582e+01 -1.160350613327274738e+00 1.000000000000000056e-01
3.172690763052208851e+01 -1.174661395354221316e+00 1.000000000000000056e-01
3.212851405622490120e+01 -5.691443511304556946e-01 1.000000000000000056e-01
3.253012048192771033e+01 -1.264995810167636181e-01 1.000000000000000056e-01
3.293172690763051946e+01 -1.498641478510677749e-01 1.000000000000000056e-01
3.333333333333333570e+01 -7.723839083688353035e-01 1.000000000000000056e-01
3.373493975903614484e+01 -1.514601183776315585e+00 1.000000000000000056e-01
3.413654618473895397e+01 -1.695901046752680275e+00 1.000000000000000056e-01
3.453815261044177021e+01 -1.518779611257173645e+00 1.000000000000000056e-01
3.493975903614457934e+01 -5.156463460648362807e-01 1.000000000000000056e-01
3.534136546184738847e+01 2.204752693121105334e-01 1.000000000000000056e-01
3.574297188755019761e+01 1.159539773632779047e+00 1.000000000000000056e-01
3.614457831325301385e+01 1.717775183138813722e+00 1.000000000000000056e-01
3.654618473895582298e+01 1.692232991161814581e+00 1.000000000000000056e-01
3.694779116465863211e+01 5.418247525812636134e-01 1.000000000000000056e-01
3.734939759036144835e+01 -4.219371545998077400e-01 1.000000000000000056e-01
3.775100401606425748e+01 -1.199427617395774526e+00 1.000000000000000056e-01
3.815261044176706662e+01 -1.449571566734275452e+00 1.000000000000000056e-01
3.855421686746987575e+01 -9.066893409013451199e-01 1.000000000000000056e-01
3.895582329317269199e+01 -1.772682668408538387e-01 1.000000000000000056e-01
3.935742971887550112e+01 1.364382113387158091e-01 1.000000000000000056e-01
3.975903614457831026e+01 -1.012850495956972574e-01 1.000000000000000056e-01
4.016064257028112650e+01 -6.129927765476353985e-01 1.000000000000000056e-01
4.056224899598393563e+01 -1.598258784353794315e+00 1.000000000000000056e-01
4.096385542168674476e+01 -2.464507084104109236e+00 1.000000000000000056e-01
4.136546184738956100e+01 -2.126769119859964974e+00 1.000000000000000056e-01
4.176706827309237013e+01 -1.383099084284899805e+00 1.000000000000000056e-01
4.216867469879517927e+01 -3.039479444222955018e-01 1.000000000000000056e-01
4.257028112449798840e+01 2.718855920177939423e-01 1.000000000000000056e-01
4.297188755020080464e+01 6.837630185006515759e-01 1.000000000000000056e-01
4.337349397590361377e+01 -2.736313477211422263e-01 1.000000000000000056e-01
4.377510040160642291e+01 -1.403579632599188720e+00 1.000000000000000056e-01
4.417670682730923915e+01 -2.369599239057315732e+00 1.000000000000000056e-01
4.457831325301204828e+01 -2.876910639386327517e+00 1.000000000000000056e-01
4.497991967871485741e+01 -2.316119096574327241e+00 1.000000000000000056e-01
4.538152610441767365e+01 -1.707310884245995419e+00 1.000000000000000056e-01
4.578313253012048278e+01 -1.330706947358908376e+00 1.000000000000000056e-01
4.618473895582329192e+01 -6.543896538263372920e-01 1.000000000000000056e-01
4.658634538152610105e+01 3.277225202771913981e-01 1.000000000000000056e-01
4.698795180722891729e+01 9.647489095818708726e-01 1.000000000000000056e-01
4.738955823293172642e+01 9.194134765494953454e-01 1.000000000000000056e-01
4.779116465863453556e+01 6.696048715590602329e-02 1.000000000000000056e-01
4.819277108433735179e+01 -3.231737368745929984e-01 1.000000000000000056e-01
4.859437751004016093e+01 -1.257961660992549469e+00 1.000000000000000056e-01
4.899598393574297006e+01 -1.112933692573448541e+00 1.000000000000000056e-01
4.939759036144578630e+01 -4.701945208927243436e-01 1.000000000000000056e-01
4.979919678714859543e+01 4.289178560125145312e-01 1.000000000000000056e-01
5.020080321285140457e+01 1.010501665790683345e+00 1.000000000000000056e-01
5.060240963855421370e+01 -4.159962792702663614e-02 1.000000000000000056e-01
5.100401606425702994e+01 -9.042541411413552721e-01 1.000000000000000056e-01
5.140562248995983907e+01 -1.243584804346831163e+00 1.000000000000000056e-01
5.180722891566264821e+01 -8.269811826625101947e-01 1.000000000000000056e-01
5.220883534136546444e+01 -5.936087982809403751e-01 1.000000000000000056e-01
5.261044176706827358e+01 -4.983200724650277413e-01 1.000000000000000056e-01
5.301204819277108271e+01 -3.843447549490611181e-01 1.000000000000000056e-01
5.341365461847389184e+01 1.118082125439395225e-01 1.000000000000000056e-01
5.381526104417670808e+01 3.102275305531594363e-01 1.000000000000000056e-01
5.421686746987951722e+01 2.882802495160367018e-01 1.000000000000000056e-01
5.461847389558232635e+01 -4.672722835396959096e-01 1.000000000000000056e-01
5.502008032128514259e+01 -4.574220982414210490e-01 1.000000000000000056e-01
5.542168674698795172e+01 3.667880555800380193e-01 1.000000000000000056e-01
5.582329317269076085e+01 1.087162639953338061e+00 1.000000000000000056e-01
5.622489959839357709e+01 7.658694743447514997e-01 1.000000000000000056e-01
5.662650602409638623e+01 4.879968861088615495e-03 1.000000000000000056e-01
5.702811244979919536e+01 -7.217356246429765809e-01 1.000000000000000056e-01
5.742971887550200449e+01 -7.098950297262281994e-01 1.000000000000000056e-01
5.783132530120482073e+01 -7.607612527284427495e-01 1.000000000000000056e-01
5.823293172690762987e+01 -1.544753373821062592e+00 1.000000000000000056e-01
5.863453815261043900e+01 -1.956035232388319445e+00 1.000000000000000056e-01
5.903614457831325524e+01 -1.921322136134826719e+00 1.000000000000000056e-01
5.943775100401606437e+01 -1.215808432669704731e+00 1.000000000000000056e-01
5.983935742971887350e+01 -1.023658825632582037e+00 1.000000000000000056e-01
6.024096385542168974e+01 -7.451515495529543731e-01 1.000000000000000056e-01
6.064257028112449888e+01 -1.525698437161723819e-01 1.000000000000000056e-01
6.104417670682730801e+01 1.798997050481483395e-01 1.000000000000000056e-01
6.144578313253011714e+01 3.491543427431687552e-01 1.000000000000000056e-01
6.184738955823293338e+01 3.849168664689512354e-01 1.000000000000000056e-01
6.224899598393574252e+01 4.301386085962340400e-01 1.000000000000000056e-01
6.265060240963855165e+01 7.443369273537526754e-01 1.000000000000000056e-01
6.305220883534136789e+01 8.772885248765757149e-01 1.000000000000000056e-01
6.345381526104417702e+01 -1.416549049021729734e-01 1.000000000000000056e-01
6.385542168674698615e+01 -9.233720625932285708e-01 1.000000000000000056e-01
6.425702811244980239e+01 -1.391012077351733156e+00 1.000000000000000056e-01
6.465863453815261153e+01 -1.413828006618894406e+00 1.000000000000000056e-01
6.506024096385542066e+01 -1.558095129353307851e+00 1.000000000000000056e-01
6.546184738955822979e+01 -1.740207243968820983e+00 1.000000000000000056e-01
6.586345381526103893e+01 -1.495657294686691507e+00 1.000000000000000056e-01
6.626506024096384806e+01 -8.117117333904918519e-01 1.000000000000000056e-01
6.666666666666667140e+01 5.748608977965250499e-01 1.000000000000000056e-01
6.706827309236948054e+01 1.343332919901946587e+00 1.000000000000000056e-01
6.746987951807228967e+01 1.387004108447244644e+00 1.000000000000000056e-01
6.787148594377509880e+01 9.489218628215698725e-01 1.000000000000000056e-01
6.827309236947790794e+01 1.128461679018952397e-02 1.000000000000000056e-01
6.867469879518071707e+01 -8.435730416628428596e-01 1.000000000000000056e-01
6.907630522088354041e+01 -1.117496830015621834e+00 1.000000000000000056e-01
6.947791164658634955e+01 -2.318812768054673290e-01 1.000000000000000056e-01
6.987951807228915868e+01 9.814345363051395488e-01 1.000000000000000056e-01
7.028112449799196781e+01 2.127749064104380139e+00 1.000000000000000056e-01
7.068273092369477695e+01 1.498382881898161267e+00 1.000000000000000056e-01
7.108433734939758608e+01 3.219779092636548823e-01 1.000000000000000056e-01
7.148594377510039521e+01 -7.747488418863932580e-01 1.000000000000000056e-01
7.188755020080321856e+01 -4.446159695510873977e-01 1.000000000000000056e-01
7.228915662650602769e+01 5.378851086705389584e-01 1.000000000000000056e-01
7.269076305220883683e+01 1.321674835586808872e+00 1.000000000000000056e-01
7.309236947791164596e+01 1.762369017686879591e+00 1.000000000000000056e-01
7.349397590361445509e+01 1.571464177886204849e+00 1.000000000000000056e-01
7.389558232931726423e+01 8.867590325305712007e-01 1.000000000000000056e-01
7.429718875502007336e+01 2.701033245831426233e-01 1.000000000000000056e-01
7.469879518072289670e+01 3.834672938050425195e-01 1.000000000000000056e-01
7.510040160642570584e+01 9.573232375194672406e-01 1.000000000000000056e-01
7.550200803212851497e+01 1.676262817228101554e+00 1.000000000000000056e-01
7.590361445783132410e+01 1.607081184801882445e+00 1.000000000000000056e-01
7.630522088353413324e+01 9.805313296948492408e-01 1.000000000000000056e-01
7.670682730923694237e+01 -3.512708190848535250e-01 1.000000000000000056e-01
7.710843373493975150e+01 -1.944767153360039691e+00 1.000000000000000056e-01
7.751004016064257485e+01 -2.583333283919271306e+00 1.000000000000000056e-01
7.791164658634538398e+01 -2.097803805875898764e+00 1.000000000000000056e-01
7.831325301204819311e+01 -9.283849665956551700e-01 1.000000000000000056e-01
7.871485943775100225e+01 9.122286430617885244e-01 1.000000000000000056e-01
7.911646586345381138e+01 1.800948477300337247e+00 1.000000000000000056e-01
7.951807228915662051e+01 1.905181115949689419e+00 1.000000000000000056e-01
7.991967871485944386e+01 1.194728838992820119e+00 1.000000000000000056e-01
8.032128514056225299e+01 7.676105874004544027e-01 1.000000000000000056e-01
8.072289156626506212e+01 4.729004487463895900e-01 1.000000000000000056e-01
8.112449799196787126e+01 9.323776508433422316e-01 1.000000000000000056e-01
8.152610441767068039e+01 1.192199787314012438e+00 1.000000000000000056e-01
8.192771084337348952e+01 5.259321915983548035e-01 1.000000000000000056e-01
8.232931726907629866e+01 -4.286661203330133230e-01 1.000000000000000056e-01
8.273092369477912200e+01 -3.725535980341945219e-01 1.000000000000000056e-01
8.313253012048193114e+01 -5.194442367783070891e-01 1.000000000000000056e-01
8.353413654618474027e+01 -4.430817856890419404e-01 1.000000000000000056e-01
8.393574297188754940e+01 -1.349954813522452834e+00 1.000000000000000056e-01
8.433734939759035854e+01 -1.659467114337281668e+00 1.000000000000000056e-01
8.473895582329316767e+01 -1.363490219017573502e+00 1.000000000000000056e-01
8.514056224899597680e+01 -1.196621645307909709e+00 1.000000000000000056e-01
8.554216867469880015e+01 -1.418992559365209738e+00 1.000000000000000056e-01
8.594377510040160928e+01 -2.065713750890906475e+00 1.000000000000000056e-01
8.634538152610441841e+01 -2.344668256237470327e+00 1.000000000000000056e-01
8.674698795180722755e+01 -2.124217443025041341e+00 1.000000000000000056e-01
8.714859437751003668e+01 -7.147272151853925060e-01 1.000000000000000056e-01
8.755020080321284581e+01 5.233878483145799621e-01 1.000000000000000056e-01
8.795180722891566916e+01 1.216481735997364977e+00 1.000000000000000056e-01
8.835341365461847829e+01 7.463254078288790172e-01 1.000000000000000056e-01
8.875502008032128742e+01 8.886911381130691012e-02 1.000000000000000056e-01
8.915662650602409656e+01 -1.104132976553717782e-02 1.000000000000000056e-01
8.955823293172690569e+01 5.124600507930107129e-01 1.000000000000000056e-01
8.995983935742971482e+01 2.070316522356075717e-01 1.000000000000000056e-01
9.036144578313252396e+01 -2.307380972571538846e-01 1.000000000000000056e-01
9.076305220883534730e+01 -6.961470480701261732e-01 1.000000000000000056e-01
9.116465863453815643e+01 -2.738408298073263247e-01 1.000000000000000056e-01
9.156626506024096557e+01 8.153257011677416122e-01 1.000000000000000056e-01
9.196787148594377470e+01 2.298938429937794403e+00 1.000000000000000056e-01
9.236947791164658383e+01 3.055040016364660715e+00 1.000000000000000056e-01
9.277108433734939297e+01 3.188064398299699231e+00 1.000000000000000056e-01
9.317269076305220210e+01 2.612946794331470812e+00 1.000000000000000056e-01
9.357429718875502545e+01 1.770399466349088957e+00 1.000000000000000056e-01
9.397590361445783458e+01 8.939049803766551117e-01 1.000000000000000056e-01
9.437751004016064371e+01 -1.730059958270427911e-01 1.000000000000000056e-01
9.477911646586345285e+01 -7.405151682836625948e-01 1.000000000000000056e-01
9.518072289156626198e+01 -1.488555893268743491e+00 1.000000000000000056e-01
9.558232931726907111e+01 -1.307055740420487222e+00 1.000000000000000056e-01
9.598393574297188025e+01 -4.969185685459812651e-01 1.000000000000000056e-01
9.638554216867470359e+01 3.067081185938532184e-01 1.000000000000000056e-01
9.678714859437751272e+01 8.583395184193624017e-01 1.000000000000000056e-01
9.718875502008032186e+01 1.251174579578954171e+00 1.000000000000000056e-01
9.759036144578313099e+01 8.932145794207332345e-01 1.000000000000000056e-01
9.799196787148594012e+01 5.135694492016631280e-02 1.000000000000000056e-01
9.839357429718874926e+01 -1.438699399265206125e-01 1.000000000000000056e-01
9.879518072289157260e+01 -1.655166627348389763e-01 1.000000000000000056e-01
9.919678714859438173e+01 -2.112455051159542740e-01 1.000000000000000056e-01
9.959839357429719087e+01 -8.824811734094929472e-01 1.000000000000000056e-01
1.000000000000000000e+02 -1.446429000235712081e+00 1.000000000000000056e-01
