0.000000000000000000e+00 -1.215381205147261640e-01 1.000000000000000056e-01
4.016064257028112428e-01 2.145967093865919217e-02 1.000000000000000056e-01
8.032128514056224855e-01 2.011489840211351521e-01 1.000000000000000056e-01
1.204819277108433617e+00 1.212594312628289400e-01 1.000000000000000056e-01
1.606425702811244971e+00 2.054461726950820299e-01 1.000000000000000056e-01
2.008032128514056325e+00 -1.183595279966216662e-01 1.000000000000000056e-01
2.409638554216867234e+00 -4.488634541819619961e-01 1.000000000000000056e-01
2.811244979919678588e+00 -5.066306135583654724e-01 1.000000000000000056e-01
3.212851405622489942e+00 -8.955192161003735496e-01 1.000000000000000056e-01
3.614457831325301296e+00 -7.994348027883518837e-01 1.000000000000000056e-01
4.016064257028112650e+00 -8.405248441299791873e-01 1.000000000000000056e-01
4.417670682730923559e+00 -7.850187500084911951e-01 1.000000000000000056e-01
4.819277108433734469e+00 -7.125615379632032065e-01 1.000000000000000056e-01
5.220883534136546267e+00 -5.493955922085763666e-01 1.000000000000000056e-01
5.622489959839357176e+00 -4.715449356607056552e-01 1.000000000000000056e-01
6.024096385542168974e+00 -4.475932079652169548e-01 1.000000000000000056e-01
6.425702811244979884e+00 -8.377646024903857569e-01 1.000000000000000056e-01
6.827309236947790794e+00 -7.893235434247016791e-01 1.000000000000000056e-01
7.228915662650602592e+00 -7.191732402930782753e-01 1.000000000000000056e-01
7.630522088353413501e+00 -3.245805979990055712e-01 1.000000000000000056e-01
8.032128514056225299e+00 -1.144409187117489957e-01 1.000000000000000056e-01
8.433734939759036209e+00 -2.168497935156595002e-02 1.000000000000000056e-01
8.835341365461847118e+00 3.703941675005304468e-01 1.000000000000000056e-01
9.236947791164658028e+00 3.030658065534785894e-01 1.000000000000000056e-01
9.638554216867468938e+00 5.613227080440330585e-01 1.000000000000000056e-01
1.004016064257028162e+01 4.848171825822659153e-01 1.000000000000000056e-01
1.044176706827309253e+01 4.963786820552090751e-01 1.000000000000000056e-01
1.084337349397590344e+01 2.318503780709304518e-01 1.000000000000000056e-01
1.124497991967871435e+01 -5.529996229701877875e-03 1.000000000000000056e-01
1.164658634538152526e+01 -9.445562660917310172e-02 1.000000000000000056e-01
1.204819277108433795e+01 -1.761321267273783242e-01 1.000000000000000056e-01
1.244979919678714886e+01 3.326113495230757500e-01 1.000000000000000056e-01
1.285140562248995977e+01 9.611203964407706302e-01 1.000000000000000056e-01
1.325301204819277068e+01 1.021381499116202018e+00 1.000000000000000056e-01
1.365461847389558159e+01 1.489603865665026561e+00 1.000000000000000056e-01
1.405622489959839427e+01 1.669324692962566026e+00 1.000000000000000056e-01
1.445783132530120518e+01 1.913247905184827014e+00 1.000000000000000056e-01
1.485943775100401609e+01 1.840712913983567400e+00 1.000000000000000056e-01
1.526104417670682700e+01 1.336152281038619494e+00 1.000000000000000056e-01
1.566265060240963791e+01 1.247711237107802074e+00 1.000000000000000056e-01
1.606425702811245060e+01 9.444686325624460643e-01 1.000000000000000056e-01
1.646586345381525973e+01 6.257554651929111422e-01 1.000000000000000056e-01
1.686746987951807242e+01 5.884348841338751246e-01 1.000000000000000056e-01
1.726907630522088510e+01 2.628652073019974167e-01 1.000000000000000056e-01
1.767068273092369424e+01 -7.344013478310210119e-02 1.000000000000000056e-01
1.807228915662650692e+01 -7.041153802344851664e-03 1.000000000000000056e-01
1.847389558232931606e+01 1.506497336241793134e-02 1.000000000000000056e-01
1.887550200803212874e+01 3.214508181223068584e-01 1.000000000000000056e-01
1.927710843373493788e+01 8.178841777161190985e-01 1.000000000000000056e-01
1.967871485943775056e+01 9.912576121785716676e-01 1.000000000000000056e-01
2.008032128514056325e+01 9.817301807498149957e-01 1.000000000000000056e-01
2.048192771084337238e+01 8.389105190905494780e-01 1.000000000000000056e-01
2.088353413654618507e+01 7.040829123612332152e-01 1.000000000000000056e-01
2.128514056224899420e+01 5.260616687997099472e-01 1.000000000000000056e-01
2.168674698795180689e+01 1.546156065036458638e-01 1.000000000000000056e-01
2.208835341365461957e+01 4.319128269181408686e-01 1.000000000000000056e-01
2.248995983935742871e+01 3.425017277372616187e-01 1.000000000000000056e-01
2.289156626506024139e+01 2.615482055308967491e-01 1.000000000000000056e-01
2.329317269076305053e+01 -3.151535215385080635e-01 1.000000000000000056e-01
2.369477911646586321e+01 -4.653860506696661514e-01 1.000000000000000056e-01
2.409638554216867590e+01 -1.130957538452546984e+00 1.000000000000000056e-01
2.449799196787148503e+01 -1.501290066058882156e+00 1.000000000000000056e-01
2.489959839357429772e+01 -1.582895020590360913e+00 1.000000000000000056e-01
2.530120481927710685e+01 -1.540098778646891375e+00 1.000000000000000056e-01
2.570281124497991954e+01 -1.629884371777423402e+00 1.000000000000000056e-01
2.610441767068273222e+01 -1.446057955693194286e+00 1.000000000000000056e-01
2.650602409638554136e+01 -1.381624473414383214e+00 1.000000000000000056e-01
2.690763052208835404e+01 -1.255602958023960936e+00 1.000000000000000056e-01
2.730923694779116317e+01 -1.161642085453564732e+00 1.000000000000000056e-01
2.771084337349397586e+01 -7.118056667477956623e-01 1.000000000000000056e-01
2.811244979919678855e+01 -2.359736700111136898e-02 1.000000000000000056e-01
2.851405622489959768e+01 1.514142119660191743e-01 1.000000000000000056e-01
2.891566265060241037e+01 4.188961635750264034e-01 1.000000000000000056e-01
2.931726907630521950e+01 9.156210739237111707e-01 1.000000000000000056e-01
2.971887550200803219e+01 9.841261520804297502e-01 1.000000000000000056e-01
3.012048192771084487e+01 9.690946350174369783e-01 1.000000000000000056e-01
3.052208835341365400e+01 1.151922546607942799e+00 1.000000000000000056e-01
3.092369477911646669e+01 1.249267023784553121e+00 1.000000000000000056e-01
3.132530120481927582e+01 1.359451164189434236e+00 1.000000000000000056e-01
3.172690763052208851e+01 1.325867878486506557e+00 1.000000000000000056e-01
3.212851405622490120e+01 1.259606913277140805e+00 1.000000000000000056e-01
3.253012048192771033e+01 7.903148986140157151e-01 1.000000000000000056e-01
3.293172690763051946e+01 8.912725851747285155e-01 1.000000000000000056e-01
3.333333333333333570e+01 6.767754994432420013e-01 1.000000000000000056e-01
3.373493975903614484e+01 7.444642903080479490e-01 1.000000000000000056e-01
3.413654618473895397e+01 4.105871749342134835e-01 1.000000000000000056e-01
3.453815261044177021e+01 3.950411122787924612e-01 1.000000000000000056e-01
3.493975903614457934e+01 3.062006831456702827e-01 1.000000000000000056e-01
3.534136546184738847e+01 1.029358991398965084e-01 1.000000000000000056e-01
3.574297188755019761e+01 -1.902985785820560660e-01 1.000000000000000056e-01
3.614457831325301385e+01 -2.382301749885017694e-01 1.000000000000000056e-01
3.654618473895582298e+01 -5.411543658203084028e-01 1.000000000000000056e-01
3.694779116465863211e+01 -3.663413720972326093e-01 1.000000000000000056e-01
3.734939759036144835e+01 -3.402016179971132370e-01 1.000000000000000056e-01
3.775100401606425748e+01 -1.389905973429989006e-01 1.000000000000000056e-01
3.815261044176706662e+01 6.013141877112844480e-02 1.000000000000000056e-01
3.855421686746987575e+01 2.865274385242286281e-01 1.000000000000000056e-01
3.895582329317269199e+01 2.320672138294722076e-01 1.000000000000000056e-01
3.935742971887550112e+01 3.151447759651758718e-01 1.000000000000000056e-01
3.975903614457831026e+01 2.408308024290204130e-01 1.000000000000000056e-01
4.016064257028112650e+01 2.560892047501610036e-01 1.000000000000000056e-01
4.056224899598393563e+01 3.360019313087156956e-01 1.000000000000000056e-01
4.096385542168674476e+01 1.686323113022970832e-01 1.000000000000000056e-01
4.136546184738956100e+01 5.395762948749475985e-02 1.000000000000000056e-01
4.176706827309237013e+01 1.390467224654520217e-01 1.000000000000000056e-01
4.216867469879517927e+01 1.974898399730266596e-01 1.000000000000000056e-01
4.257028112449798840e+01 3.218964715873574023e-01 1.000000000000000056e-01
4.297188755020080464e+01 6.875990558391706919e-01 1.000000000000000056e-01
4.337349397590361377e+01 7.424729278935908727e-01 1.000000000000000056e-01
4.377510040160642291e+01 8.875875421148788913e-01 1.000000000000000056e-01
4.417670682730923915e+01 8.429165352718037685e-01 1.000000000000000056e-01
4.457831325301204828e+01 5.779991682370899664e-01 1.000000000000000056e-01
4.497991967871485741e+01 4.826749539134847500e-01 1.000000000000000056e-01
4.538152610441767365e+01 3.036061591023407891e-01 1.000000000000000056e-01
4.578313253012048278e+01 -2.377500184836595087e-02 1.000000000000000056e-01
4.618473895582329192e+01 3.312636442397570713e-02 1.000000000000000056e-01
4.658634538152610105e+01 -1.637373480228296041e-01 1.000000000000000056e-01
4.698795180722891729e+01 -2.148787545497327089e-03 1.000000000000000056e-01
4.738955823293172642e+01 4.372411571401026154e-02 1.000000000000000056e-01
4.779116465863453556e+01 1.595162012063990054e-02 1.000000000000000056e-01
4.819277108433735179e+01 -3.986876443848534624e-02 1.000000000000000056e-01
4.859437751004016093e+01 2.191424028672337987e-01 1.000000000000000056e-01
4.899598393574297006e+01 4.725934933371209734e-01 1.000000000000000056e-01
4.939759036144578630e+01 3.143465735419951335e-01 1.000000000000000056e-01
4.979919678714859543e+01 3.050833419609421671e-01 1.000000000000000056e-01
5.020080321285140457e+01 3.816004894847412343e-01 1.000000000000000056e-01
5.060240963855421370e+01 -1.081251269766235062e-01 1.000000000000000056e-01
5.100401606425702994e+01 -3.391378509785946682e-01 1.000000000000000056e-01
5.140562248995983907e+01 -3.485441503936881347e-01 1.000000000000000056e-01
5.180722891566264821e+01 -3.895261661586107982e-01 1.000000000000000056e-01
5.220883534136546444e+01 -2.217428846299968892e-01 1.000000000000000056e-01
5.261044176706827358e+01 -8.768751110683262184e-02 1.000000000000000056e-01
5.301204819277108271e+01 2.675672323396932617e-02 1.000000000000000056e-01
5.341365461847389184e+01 -9.321433361046464749e-02 1.000000000000000056e-01
5.381526104417670808e+01 -9.726642479914443529e-02 1.000000000000000056e-01
5.421686746987951722e+01 -3.076134919847399174e-01 1.000000000000000056e-01
5.461847389558232635e+01 -6.054733776464205075e-01 1.000000000000000056e-01
5.502008032128514259e+01 -6.114111184752435424e-01 1.000000000000000056e-01
5.542168674698795172e+01 -4.716858192299283603e-01 1.000000000000000056e-01
5.582329317269076085e+01 -1.016614014671741173e-01 1.000000000000000056e-01
5.622489959839357709e+01 5.329345531973164185e-01 1.000000000000000056e-01
5.662650602409638623e+01 7.965400302482129602e-01 1.000000000000000056e-01
5.702811244979919536e+01 9.878277708606894025e-01 1.000000000000000056e-01
5.742971887550200449e+01 1.088883867556671214e+00 1.000000000000000056e-01
5.783132530120482073e+01 1.084676002794894956e+00 1.000000000000000056e-01
5.823293172690762987e+01 1.033849773051163323e+00 1.000000000000000056e-01
5.863453815261043900e+01 1.083412759261319636e+00 1.000000000000000056e-01
5.903614457831325524e+01 1.328473693328231731e+00 1.000000000000000056e-01
5.943775100401606437e+01 1.266207062143967832e+00 1.000000000000000056e-01
5.983935742971887350e+01 1.363996881242077075e+00 1.000000000000000056e-01
6.024096385542168974e+01 1.169349376241064054e+00 1.000000000000000056e-01
6.064257028112449888e+01 8.700616461579906424e-01 1.000000000000000056e-01
6.104417670682730801e+01 6.950792046604008512e-01 1.000000000000000056e-01
6.144578313253011714e+01 -2.977518134110809789e-02 1.000000000000000056e-01
6.184738955823293338e+01 -3.976775908459915798e-01 1.000000000000000056e-01
6.224899598393574252e+01 -9.021401924210974421e-01 1.000000000000000056e-01
6.265060240963855165e+01 -1.307414154665663464e+00 1.000000000000000056e-01
6.305220883534136789e+01 -1.534311909120123607e+00 1.000000000000000056e-01
6.345381526104417702e+01 -1.785683593204575592e+00 1.000000000000000056e-01
6.385542168674698615e+01 -1.690861848606398432e+00 1.000000000000000056e-01
6.425702811244980239e+01 -1.627624269207870844e+00 1.000000000000000056e-01
6.465863453815261153e+01 -1.310450042642805846e+00 1.000000000000000056e-01
6.506024096385542066e+01 -1.003340553914931821e+00 1.000000000000000056e-01
6.546184738955822979e+01 -4.565852275247156422e-01 1.000000000000000056e-01
6.586345381526103893e+01 -3.063166500215948607e-01 1.000000000000000056e-01
6.626506024096384806e+01 -2.141646558410612577e-01 1.000000000000000056e-01
6.666666666666667140e+01 -1.548588053093266914e-01 1.000000000000000056e-01
6.706827309236948054e+01 -2.616955626773969090e-01 1.000000000000000056e-01
6.746987951807228967e+01 -3.474231691423055324e-01 1.000000000000000056e-01
6.787148594377509880e+01 -2.761274211959210967e-01 1.000000000000000056e-01
6.827309236947790794e+01 -6.142544146317768794e-02 1.000000000000000056e-01
6.867469879518071707e+01 3.108007310428165249e-01 1.000000000000000056e-01
6.907630522088354041e+01 2.738240382646311422e-01 1.000000000000000056e-01
6.947791164658634955e+01 8.451706265016907249e-01 1.000000000000000056e-01
6.987951807228915868e+01 9.009697446737409132e-01 1.000000000000000056e-01
7.028112449799196781e+01 8.837091091557663924e-01 1.000000000000000056e-01
7.068273092369477695e+01 6.211955792523409237e-01 1.000000000000000056e-01
7.108433734939758608e+01 3.262315597892335162e-01 1.000000000000000056e-01
7.148594377510039521e+01 8.612754935837675652e-02 1.000000000000000056e-01
7.188755020080321856e+01 -3.668155726013537787e-01 1.000000000000000056e-01
7.228915662650602769e+01 -4.505375468566535924e-01 1.000000000000000056e-01
7.269076305220883683e+01 -8.180562582822583639e-01 1.000000000000000056e-01
7.309236947791164596e+01 -8.576686187580048193e-01 1.000000000000000056e-01
7.349397590361445509e+01 -7.357200262866686602e-01 1.000000000000000056e-01
7.389558232931726423e+01 -7.714360873631365134e-01 1.000000000000000056e-01
7.429718875502007336e+01 -5.203694034090142750e-01 1.000000000000000056e-01
7.469879518072289670e+01 -4.439805571470376022e-01 1.000000000000000056e-01
7.510040160642570584e+01 -2.032657291455138293e-01 1.000000000000000056e-01
7.550200803212851497e+01 -1.545755591659582207e-01 1.000000000000000056e-01
7.590361445783132410e+01 2.962899483124522559e-01 1.000000000000000056e-01
7.630522088353413324e+01 4.580965184416750935e-01 1.000000000000000056e-01
7.670682730923694237e+01 5.124772444881338096e-01 1.000000000000000056e-01
7.710843373493975150e+01 8.885660044743677322e-01 1.000000000000000056e-01
7.751004016064257485e+01 1.457123495377232292e+00 1.000000000000000056e-01
7.791164658634538398e+01 1.868759085615082416e+00 1.000000000000000056e-01
7.831325301204819311e+01 2.014990809261532512e+00 1.000000000000000056e-01
7.871485943775100225e+01 2.164197609984567006e+00 1.000000000000000056e-01
7.911646586345381138e+01 2.374666433371031893e+00 1.000000000000000056e-01
7.951807228915662051e+01 2.263854553709179207e+00 1.000000000000000056e-01
7.991967871485944386e+01 1.961735595387219533e+00 1.000000000000000056e-01
8.032128514056225299e+01 1.707649735744918296e+00 1.000000000000000056e-01
8.072289156626506212e+01 1.701469196995577304e+00 1.000000000000000056e-01
8.112449799196787126e+01 1.504558571620651763e+00 1.000000000000000056e-01
8.152610441767068039e+01 1.357463862562729107e+00 1.000000000000000056e-01
8.192771084337348952e+01 1.738494148200157907e+00 1.000000000000000056e-01
8.232931726907629866e+01 2.204509503770752055e+00 1.000000000000000056e-01
8.273092369477912200e+01 2.530346617819100530e+00 1.000000000000000056e-01
8.313253012048193114e+01 2.791651592993638076e+00 1.000000000000000056e-01
8.353413654618474027e+01 3.061561474059180110e+00 1.000000000000000056e-01
8.393574297188754940e+01 2.924270114949854449e+00 1.000000000000000056e-01
8.433734939759035854e+01 2.894496683800253489e+00 1.000000000000000056e-01
8.473895582329316767e+01 2.716807293865485473e+00 1.000000000000000056e-01
8.514056224899597680e+01 2.277031576033067495e+00 1.000000000000000056e-01
8.554216867469880015e+01 1.977243137036146736e+00 1.000000000000000056e-01
8.594377510040160928e+01 1.841060005896240526e+00 1.000000000000000056e-01
8.634538152610441841e+01 1.640800088992875105e+00 1.000000000000000056e-01
8.674698795180722755e+01 1.401264922042357197e+00 1.000000000000000056e-01
8.714859437751003668e+01 1.359480599899440811e+00 1.000000000000000056e-01
8.755020080321284581e+01 1.461563245603671124e+00 1.000000000000000056e-01
8.795180722891566916e+01 1.303644793227079823e+00 1.000000000000000056e-01
8.835341365461847829e+01 1.236227729808159870e+00 1.000000000000000056e-01
8.875502008032128742e+01 8.900903099967852894e-01 1.000000000000000056e-01
8.915662650602409656e+01 8.685016215080271218e-01 1.000000000000000056e-01
8.955823293172690569e+01 7.572672693941876476e-01 1.000000000000000056e-01
8.995983935742971482e+01 5.512269945130638948e-01 1.000000000000000056e-01
9.036144578313252396e+01 6.182291627880813767e-01 1.000000000000000056e-01
9.076305220883534730e+01 4.850258032988574719e-01 1.000000000000000056e-01
9.116465863453815643e+01 5.178469610202759421e-01 1.000000000000000056e-01
9.156626506024096557e+01 4.488980078979057375e-01 1.000000000000000056e-01
9.196787148594377470e+01 5.915196413250987106e-01 1.000000000000000056e-01
9.236947791164658383e+01 7.094228065887024925e-01 1.000000000000000056e-01
9.277108433734939297e+01 7.855615115949691196e-01 1.000000000000000056e-01
9.317269076305220210e+01 8.870739173516304366e-01 1.000000000000000056e-01
9.357429718875502545e+01 5.640848110199487841e-01 1.000000000000000056e-01
9.397590361445783458e+01 5.536952864620418024e-01 1.000000000000000056e-01
9.437751004016064371e+01 2.474744214403944709e-01 1.000000000000000056e-01
9.477911646586345285e+01 -1.872088674794053498e-01 1.000000000000000056e-01
9.518072289156626198e+01 -4.397632940819364289e-01 1.000000000000000056e-01
9.558232931726907111e+01 -8.381107083765156895e-01 1.000000000000000056e-01
9.598393574297188025e+01 -1.053855753699993070e+00 1.000000000000000056e-01
9.638554216867470359e+01 -5.251636588538464157e-01 1.000000000000000056e-01
9.678714859437751272e+01 -2.409760447203392886e-01 1.000000000000000056e-01
9.718875502008032186e+01 1.476567379966480797e-01 1.000000000000000056e-01
9.759036144578313099e+01 7.593197743176789416e-01 1.000000000000000056e-01
9.799196787148594012e+01 9.157958672273103229e-01 1.000000000000000056e-01
9.839357429718874926e+01 1.277860939247496885e+00 1.000000000000000056e-01
9.879518072289157260e+01 1.177127930009352674e+00 1.000000000000000056e-01
9.919678714859438173e+01 1.190348396000840303e+00 1.000000000000000056e-01
9.959839357429719087e+01 1.284523967371690167e+00 1.000000000000000056e-01
1.000000000000000000e+02 1.224490138643198556e+00 1.000000000000000056e-01
