0.000000000000000000e+00 1.939689503028918960e+00 1.000000000000000056e-01
4.016064257028112428e-01 7.853980506361355474e-01 1.000000000000000056e-01
8.032128514056224855e-01 6.996488990708572830e-02 1.000000000000000056e-01
1.204819277108433617e+00 -5.220890663952579835e-01 1.000000000000000056e-01
1.606425702811244971e+00 -7.616772838912185817e-01 1.000000000000000056e-01
2.008032128514056325e+00 -7.623078941783182350e-01 1.000000000000000056e-01
2.409638554216867234e+00 -4.668333953283332338e-01 1.000000000000000056e-01
2.811244979919678588e+00 -4.298857585433562556e-01 1.000000000000000056e-01
3.212851405622489942e+00 -5.803266482405138316e-01 1.000000000000000056e-01
3.614457831325301296e+00 -8.850739076246431081e-01 1.000000000000000056e-01
4.016064257028112650e+00 -1.169858998956002427e+00 1.000000000000000056e-01
4.417670682730923559e+00 -1.289035518473536701e+00 1.000000000000000056e-01
4.819277108433734469e+00 -1.415039150819753733e+00 1.000000000000000056e-01
5.220883534136546267e+00 -1.557815600477410189e+00 1.000000000000000056e-01
5.622489959839357176e+00 -1.388752980047054830e+00 1.000000000000000056e-01
6.024096385542168974e+00 -1.706820628578078480e+00 1.000000000000000056e-01
6.425702811244979884e+00 -1.367227938639627993e+00 1.000000000000000056e-01
6.827309236947790794e+00 -1.304470749053199263e+00 1.000000000000000056e-01
7.228915662650602592e+00 -9.837797424761451914e-01 1.000000000000000056e-01
7.630522088353413501e+00 -6.117217406673643998e-01 1.000000000000000056e-01
8.032128514056225299e+00 7.895579432733203229e-03 1.000000000000000056e-01
8.433734939759036209e+00 4.973199151067317358e-01 1.000000000000000056e-01
8.835341365461847118e+00 8.106560571115418723e-01 1.000000000000000056e-01
9.236947791164658028e+00 8.792734879365832201e-01 1.000000000000000056e-01
9.638554216867468938e+00 9.311659769776141626e-01 1.000000000000000056e-01
1.004016064257028162e+01 9.866041743608040537e-01 1.000000000000000056e-01
1.044176706827309253e+01 1.030600885918554033e+00 1.000000000000000056e-01
1.084337349397590344e+01 8.678146621627493840e-01 1.000000000000000056e-01
1.124497991967871435e+01 5.088951010491089555e-01 1.000000000000000056e-01
1.164658634538152526e+01 2.405282324099135283e-01 1.000000000000000056e-01
1.204819277108433795e+01 2.433615559185032806e-01 1.000000000000000056e-01
1.244979919678714886e+01 -3.686914578397648690e-03 1.000000000000000056e-01
1.285140562248995977e+01 -8.574502494733649005e-02 1.000000000000000056e-01
1.325301204819277068e+01 -1.071838591931745521e-01 1.000000000000000056e-01
1.365461847389558159e+01 -8.810157589633881015e-02 1.000000000000000056e-01
1.405622489959839427e+01 -3.316122772669649610e-02 1.000000000000000056e-01
1.445783132530120518e+01 -5.023906835940555871e-01 1.000000000000000056e-01
1.485943775100401609e+01 -8.326220901978538258e-01 1.000000000000000056e-01
1.526104417670682700e+01 -1.198148496582495115e+00 1.000000000000000056e-01
1.566265060240963791e+01 -1.387898103899260160e+00 1.000000000000000056e-01
1.606425702811245060e+01 -1.657415749947242833e+00 1.000000000000000056e-01
1.646586345381525973e+01 -2.011608223756957692e+00 1.000000000000000056e-01
1.686746987951807242e+01 -1.732037378687535822e+00 1.000000000000000056e-01
1.726907630522088510e+01 -1.188866075774852593e+00 1.000000000000000056e-01
1.767068273092369424e+01 -3.848948312417493911e-01 1.000000000000000056e-01
1.807228915662650692e+01 4.198063356474758534e-02 1.000000000000000056e-01
1.847389558232931606e+01 4.158958362436174783e-01 1.000000000000000056e-01
1.887550200803212874e+01 8.547947866449525645e-01 1.000000000000000056e-01
1.927710843373493788e+01 1.286037790131214553e+00 1.000000000000000056e-01
1.967871485943775056e+01 1.676053152574694005e+00 1.000000000000000056e-01
2.008032128514056325e+01 2.156558730059242812e+00 1.000000000000000056e-01
2.048192771084337238e+01 2.444228245671920430e+00 1.000000000000000056e-01
2.088353413654618507e+01 2.489687893142765951e+00 1.000000000000000056e-01
2.128514056224899420e+01 2.248772120034119304e+00 1.000000000000000056e-01
2.168674698795180689e+01 1.629484438628161724e+00 1.000000000000000056e-01
2.208835341365461957e+01 9.753524267826101379e-01 1.000000000000000056e-01
2.248995983935742871e+01 1.510748252138214287e-01 1.000000000000000056e-01
2.289156626506024139e+01 -7.179488351120094647e-01 1.000000000000000056e-01
2.329317269076305053e+01 -1.010794306564035683e+00 1.000000000000000056e-01
2.369477911646586321e+01 -1.600545977538487374e+00 1.000000000000000056e-01
2.409638554216867590e+01 -1.557038298274918020e+00 1.000000000000000056e-01
2.449799196787148503e+01 -1.782052447972675591e+00 1.000000000000000056e-01
2.489959839357429772e+01 -1.744469438841650621e+00 1.000000000000000056e-01
2.530120481927710685e+01 -1.364896252965691170e+00 1.000000000000000056e-01
2.570281124497991954e+01 -9.444133399780908489e-01 1.000000000000000056e-01
2.610441767068273222e+01 -1.814151530643394183e-01 1.000000000000000056e-01
2.650602409638554136e+01 2.142983216895239795e-01 1.000000000000000056e-01
2.690763052208835404e+01 1.285792177490370780e-01 1.000000000000000056e-01
2.730923694779116317e+01 -2.852916024878144330e-01 1.000000000000000056e-01
2.771084337349397586e+01 -9.198289362829205063e-01 1.000000000000000056e-01
2.811244979919678855e+01 -1.661794461057196193e+00 1.000000000000000056e-01
2.851405622489959768e+01 -2.208989284042028434e+00 1.000000000000000056e-01
2.891566265060241037e+01 -2.048750755443164540e+00 1.000000000000000056e-01
2.931726907630521950e+01 -1.155731829864917293e+00 1.000000000000000056e-01
2.971887550200803219e+01 -3.722170760309039261e-01 1.000000000000000056e-01
3.012048192771084487e+01 5.956232402356913536e-01 1.000000000000000056e-01
3.052208835341365400e+01 1.287098704071965027e+00 1.000000000000000056e-01
3.092369477911646669e+01 1.665135879680291975e+00 1.000000000000000056e-01
3.132530120481927582e+01 1.514894123000050996e+00 1.000000000000000056e-01
3.172690763052208851e+01 1.329329238591924645e+00 1.000000000000000056e-01
3.212851405622490120e+01 8.356063709589978128e-01 1.000000000000000056e-01
3.253012048192771033e+01 1.365168784866945817e-01 1.000000000000000056e-01
3.293172690763051946e+01 -3.153718430471212364e-01 1.000000000000000056e-01
3.333333333333333570e+01 -3.364695059124880316e-01 1.000000000000000056e-01
3.373493975903614484e+01 -5.670132830199046126e-01 1.000000000000000056e-01
3.413654618473895397e+01 -3.495740709361156440e-01 1.000000000000000056e-01
3.453815261044177021e+01 9.358953945740544622e-03 1.000000000000000056e-01
3.493975903614457934e+01 1.068566126205068162e-01 1.000000000000000056e-01
3.534136546184738847e+01 -6.340172446145833640e-02 1.000000000000000056e-01
3.574297188755019761e+01 -1.752277585788846459e-01 1.000000000000000056e-01
3.614457831325301385e+01 -2.031372801810464312e-01 1.000000000000000056e-01
3.654618473895582298e+01 -2.631879875707592853e-01 1.000000000000000056e-01
3.694779116465863211e+01 -3.139149356086183562e-02 1.000000000000000056e-01
3.734939759036144835e+01 -5.195296796133856004e-02 1.000000000000000056e-01
3.775100401606425748e+01 -1.265472833082349480e-01 1.000000000000000056e-01
3.815261044176706662e+01 -4.679016238575615105e-01 1.000000000000000056e-01
3.855421686746987575e+01 -5.708986695737321426e-01 1.000000000000000056e-01
3.895582329317269199e+01 -8.732740181252289791e-01 1.000000000000000056e-01
3.935742971887550112e+01 -3.457056711253245207e-01 1.000000000000000056e-01
3.975903614457831026e+01 7.507084404782821130e-02 1.000000000000000056e-01
4.016064257028112650e+01 4.455493372903767679e-01 1.000000000000000056e-01
4.056224899598393563e+01 6.150784398202182590e-01 1.000000000000000056e-01
4.096385542168674476e+01 1.154370490219507994e+00 1.000000000000000056e-01
4.136546184738956100e+01 1.496060366120203433e+00 1.000000000000000056e-01
4.176706827309237013e+01 1.453925334535418390e+00 1.000000000000000056e-01
4.216867469879517927e+01 1.336351512477843340e+00 1.000000000000000056e-01
4.257028112449798840e+01 1.136456171693791983e+00 1.000000000000000056e-01
4.297188755020080464e+01 3.717164388869709235e-01 1.000000000000000056e-01
4.337349397590361377e+01 -2.113332966106408473e-01 1.000000000000000056e-01
4.377510040160642291e+01 -8.017803162389945948e-01 1.000000000000000056e-01
4.417670682730923915e+01 -1.061102294929398449e+00 1.000000000000000056e-01
4.457831325301204828e+01 -1.255843862429536939e+00 1.000000000000000056e-01
4.497991967871485741e+01 -7.880845438789729762e-01 1.000000000000000056e-01
4.538152610441767365e+01 -4.587178455223291929e-01 1.000000000000000056e-01
4.578313253012048278e+01 -2.561447922264610544e-02 1.000000000000000056e-01
4.618473895582329192e+01 4.876927520120341586e-01 1.000000000000000056e-01
4.658634538152610105e+01 7.938865754488693138e-01 1.000000000000000056e-01
4.698795180722891729e+01 7.904536720923839299e-01 1.000000000000000056e-01
4.738955823293172642e+01 6.444267461771597816e-01 1.000000000000000056e-01
4.779116465863453556e+01 -6.170034238533522730e-02 1.000000000000000056e-01
4.819277108433735179e+01 -1.158071346649081901e-01 1.000000000000000056e-01
4.859437751004016093e+01 -4.172988537409252907e-02 1.000000000000000056e-01
4.899598393574297006e+01 2.694687035340672665e-01 1.000000000000000056e-01
4.939759036144578630e+01 4.150897779651916975e-01 1.000000000000000056e-01
4.979919678714859543e+01 4.287894166785234384e-01 1.000000000000000056e-01
5.020080321285140457e+01 4.263230329073446345e-01 1.000000000000000056e-01
5.060240963855421370e+01 7.814453400280618744e-02 1.000000000000000056e-01
5.100401606425702994e+01 2.591765296009553021e-02 1.000000000000000056e-01
5.140562248995983907e+01 -5.580895162208773796e-02 1.000000000000000056e-01
5.180722891566264821e+01 2.653413053895392615e-01 1.000000000000000056e-01
5.220883534136546444e+01 4.702518329788171192e-01 1.000000000000000056e-01
5.261044176706827358e+01 4.540123005223807851e-01 1.000000000000000056e-01
5.301204819277108271e+01 5.192576317754555859e-01 1.000000000000000056e-01
5.341365461847389184e+01 5.490873504596800458e-01 1.000000000000000056e-01
5.381526104417670808e+01 5.825609909556034305e-01 1.000000000000000056e-01
5.421686746987951722e+01 1.228373086054908692e+00 1.000000000000000056e-01
5.461847389558232635e+01 1.982184794942116302e+00 1.000000000000000056e-01
5.502008032128514259e+01 2.359301475303095419e+00 1.000000000000000056e-01
5.542168674698795172e+01 2.356821986810488490e+00 1.000000000000000056e-01
5.582329317269076085e+01 1.766564246151218320e+00 1.000000000000000056e-01
5.622489959839357709e+01 1.227474148898042960e+00 1.000000000000000056e-01
5.662650602409638623e+01 5.867543665616516968e-01 1.000000000000000056e-01
5.702811244979919536e+01 1.429002825549656741e-01 1.000000000000000056e-01
5.742971887550200449e+01 -1.093604171195482061e-01 1.000000000000000056e-01
5.783132530120482073e+01 -3.462499943188604989e-01 1.000000000000000056e-01
5.823293172690762987e+01 -4.044413897842658034e-01 1.000000000000000056e-01
5.863453815261043900e+01 -3.024830173861547400e-01 1.000000000000000056e-01
5.903614457831325524e+01 -5.778336311726149921e-01 1.000000000000000056e-01
5.943775100401606437e+01 -7.635840311309327610e-01 1.000000000000000056e-01
5.983935742971887350e+01 -7.454846583399035165e-01 1.000000000000000056e-01
6.024096385542168974e+01 -7.610441024659990727e-01 1.000000000000000056e-01
6.064257028112449888e+01 -5.998712876740266431e-01 1.000000000000000056e-01
6.104417670682730801e+01 -1.352802210587220333e-01 1.000000000000000056e-01
6.144578313253011714e+01 1.283444013526083838e-01 1.000000000000000056e-01
6.184738955823293338e+01 3.214437132712533174e-01 1.000000000000000056e-01
6.224899598393574252e+01 4.564455870276185601e-01 1.000000000000000056e-01
6.265060240963855165e+01 5.114425969318818765e-01 1.000000000000000056e-01
6.305220883534136789e+01 3.931232442674124083e-01 1.000000000000000056e-01
6.345381526104417702e+01 3.201569720156731136e-01 1.000000000000000056e-01
6.385542168674698615e+01 4.380019178522009948e-01 1.000000000000000056e-01
6.425702811244980239e+01 1.312147545884230215e-01 1.000000000000000056e-01
6.465863453815261153e+01 6.588139806667938636e-01 1.000000000000000056e-01
6.506024096385542066e+01 1.245304997506373246e+00 1.000000000000000056e-01
6.546184738955822979e+01 1.978106563754787883e+00 1.000000000000000056e-01
6.586345381526103893e+01 2.512815100697242787e+00 1.000000000000000056e-01
6.626506024096384806e+01 2.712371802043029856e+00 1.000000000000000056e-01
6.666666666666667140e+01 2.366307273505052766e+00 1.000000000000000056e-01
6.706827309236948054e+01 1.583323598101588736e+00 1.000000000000000056e-01
6.746987951807228967e+01 8.729596779431306741e-01 1.000000000000000056e-01
6.787148594377509880e+01 7.239647034947682691e-01 1.000000000000000056e-01
6.827309236947790794e+01 6.510880914070615866e-01 1.000000000000000056e-01
6.867469879518071707e+01 1.009491431207271583e+00 1.000000000000000056e-01
6.907630522088354041e+01 1.030932179272301408e+00 1.000000000000000056e-01
6.947791164658634955e+01 1.114121962370219210e+00 1.000000000000000056e-01
6.987951807228915868e+01 1.456254662641918829e+00 1.000000000000000056e-01
7.028112449799196781e+01 1.780038174532502460e+00 1.000000000000000056e-01
7.068273092369477695e+01 2.041901622816367556e+00 1.000000000000000056e-01
7.108433734939758608e+01 2.558778432762827570e+00 1.000000000000000056e-01
7.148594377510039521e+01 2.247818027967042553e+00 1.000000000000000056e-01
7.188755020080321856e+01 2.093823392767752534e+00 1.000000000000000056e-01
7.228915662650602769e+01 1.644069412304789646e+00 1.000000000000000056e-01
7.269076305220883683e+01 1.118855515759900277e+00 1.000000000000000056e-01
7.309236947791164596e+01 7.747098977929992580e-01 1.000000000000000056e-01
7.349397590361445509e+01 7.599209286046026968e-01 1.000000000000000056e-01
7.389558232931726423e+01 8.727876624118621196e-01 1.000000000000000056e-01
7.429718875502007336e+01 1.139600930080375329e+00 1.000000000000000056e-01
7.469879518072289670e+01 1.225904455364662526e+00 1.000000000000000056e-01
7.510040160642570584e+01 7.436870888872658680e-01 1.000000000000000056e-01
7.550200803212851497e+01 5.518503687000497759e-01 1.000000000000000056e-01
7.590361445783132410e+01 2.665656647682959068e-01 1.000000000000000056e-01
7.630522088353413324e+01 2.499294255230410933e-01 1.000000000000000056e-01
7.670682730923694237e+01 4.442502975010710342e-01 1.000000000000000056e-01
7.710843373493975150e+01 2.363837733234317728e-01 1.000000000000000056e-01
7.751004016064257485e+01 -3.873934390214391066e-02 1.000000000000000056e-01
7.791164658634538398e+01 -5.577775233719901582e-01 1.000000000000000056e-01
7.831325301204819311e+01 -1.347484135618753243e+00 1.000000000000000056e-01
7.871485943775100225e+01 -1.820850464477401953e+00 1.000000000000000056e-01
7.911646586345381138e+01 -1.740877002582909672e+00 1.000000000000000056e-01
7.951807228915662051e+01 -1.611752816773977193e+00 1.000000000000000056e-01
7.991967871485944386e+01 -1.099237885499692036e+00 1.000000000000000056e-01
8.032128514056225299e+01 -5.280596193120146165e-01 1.000000000000000056e-01
8.072289156626506212e+01 2.781702108160948872e-01 1.000000000000000056e-01
8.112449799196787126e+01 7.997249051288900512e-01 1.000000000000000056e-01
8.152610441767068039e+01 1.468304176835241615e+00 1.000000000000000056e-01
8.192771084337348952e+01 2.052859599139314373e+00 1.000000000000000056e-01
8.232931726907629866e+01 2.422783466318258583e+00 1.000000000000000056e-01
8.273092369477912200e+01 2.104137318620423081e+00 1.000000000000000056e-01
8.313253012048193114e+01 1.947179474670081012e+00 1.000000000000000056e-01
8.353413654618474027e+01 1.967557916389118811e+00 1.000000000000000056e-01
8.393574297188754940e+01 2.292759722407616607e+00 1.000000000000000056e-01
8.433734939759035854e+01 2.627178246307654064e+00 1.000000000000000056e-01
8.473895582329316767e+01 2.659849370670215318e+00 1.000000000000000056e-01
8.514056224899597680e+01 2.119007274326072388e+00 1.000000000000000056e-01
8.554216867469880015e+01 1.551187146988987298e+00 1.000000000000000056e-01
8.594377510040160928e+01 1.307844678862524868e+00 1.000000000000000056e-01
8.634538152610441841e+01 1.740248939497413438e+00 1.000000000000000056e-01
8.674698795180722755e+01 1.885845974478895126e+00 1.000000000000000056e-01
8.714859437751003668e+01 2.508130936280199563e+00 1.000000000000000056e-01
8.755020080321284581e+01 2.269344618709663752e+00 1.000000000000000056e-01
8.795180722891566916e+01 2.138999977839107114e+00 1.000000000000000056e-01
8.835341365461847829e+01 2.121012512008307649e+00 1.000000000000000056e-01
8.875502008032128742e+01 2.264323888130083784e+00 1.000000000000000056e-01
8.915662650602409656e+01 1.981574379604024161e+00 1.000000000000000056e-01
8.955823293172690569e+01 2.501159320801506603e+00 1.000000000000000056e-01
8.995983935742971482e+01 2.260519724644319162e+00 1.000000000000000056e-01
9.036144578313252396e+01 1.458527945754690469e+00 1.000000000000000056e-01
9.076305220883534730e+01 9.614944131637263025e-01 1.000000000000000056e-01
9.116465863453815643e+01 4.468047599843233408e-02 1.000000000000000056e-01
9.156626506024096557e+01 -3.770275007115702626e-01 1.000000000000000056e-01
9.196787148594377470e+01 -7.025042617546105594e-01 1.000000000000000056e-01
9.236947791164658383e+01 -8.438480060076659628e-01 1.000000000000000056e-01
9.277108433734939297e+01 -1.209645426968374071e+00 1.000000000000000056e-01
9.317269076305220210e+01 -8.872870160732838629e-01 1.000000000000000056e-01
9.357429718875502545e+01 -7.933207292576880398e-01 1.000000000000000056e-01
9.397590361445783458e+01 -8.808296064026105432e-01 1.000000000000000056e-01
9.437751004016064371e+01 -1.188215895614546769e+00 1.000000000000000056e-01
9.477911646586345285e+01 -1.218291413800409728e+00 1.000000000000000056e-01
9.518072289156626198e+01 -1.353861008737340610e+00 1.000000000000000056e-01
9.558232931726907111e+01 -6.577605971179728561e-01 1.000000000000000056e-01
9.598393574297188025e+01 9.633341048009881613e-02 1.000000000000000056e-01
9.638554216867470359e+01 1.379211174336484991e+00 1.000000000000000056e-01
9.678714859437751272e+01 2.800252598145422045e+00 1.000000000000000056e-01
9.718875502008032186e+01 3.737562823774855492e+00 1.000000000000000056e-01
9.759036144578313099e+01 4.401935404718082090e+00 1.000000000000000056e-01
9.799196787148594012e+01 4.292585829214272231e+00 1.000000000000000056e-01
9.839357429718874926e+01 4.418006913981511907e+00 1.000000000000000056e-01
9.879518072289157260e+01 4.415487163085677125e+00 1.000000000000000056e-01
9.919678714859438173e+01 4.157060150465205162e+00 1.000000000000000056e-01
9.959839357429719087e+01 3.761033402061142450e+00 1.000000000000000056e-01
1.000000000000000000e+02 3.094378319235290054e+00 1.000000000000000056e-01
