0.000000000000000000e+00 9.111168450820827935e-01 1.000000000000000056e-01
4.016064257028112428e-01 1.718258321827944357e+00 1.000000000000000056e-01
8.032128514056224855e-01 2.120487125095209091e+00 1.000000000000000056e-01
1.204819277108433617e+00 2.067357896323161803e+00 1.000000000000000056e-01
1.606425702811244971e+00 1.762353289163357539e+00 1.000000000000000056e-01
2.008032128514056325e+00 1.036617340523289243e+00 1.000000000000000056e-01
2.409638554216867234e+00 2.594042968781534730e-01 1.000000000000000056e-01
2.811244979919678588e+00 -3.607382877168708868e-01 1.000000000000000056e-01
3.212851405622489942e+00 -1.169481218690431978e+00 1.000000000000000056e-01
3.614457831325301296e+00 -1.457752443578806290e+00 1.000000000000000056e-01
4.016064257028112650e+00 -9.834156592433794808e-01 1.000000000000000056e-01
4.417670682730923559e+00 -4.090224070177021498e-01 1.000000000000000056e-01
4.819277108433734469e+00 2.472090187120579430e-01 1.000000000000000056e-01
5.220883534136546267e+00 6.767271714430792562e-01 1.000000000000000056e-01
5.622489959839357176e+00 7.132579627710310399e-01 1.000000000000000056e-01
6.024096385542168974e+00 8.127240183064684542e-01 1.000000000000000056e-01
6.425702811244979884e+00 6.130305052791458209e-01 1.000000000000000056e-01
6.827309236947790794e+00 5.075921710329951431e-01 1.000000000000000056e-01
7.228915662650602592e+00 3.667366892912934384e-01 1.000000000000000056e-01
7.630522088353413501e+00 3.813602876803617869e-01 1.000000000000000056e-01
8.032128514056225299e+00 9.016086423988971532e-01 1.000000000000000056e-01
8.433734939759036209e+00 8.439133173828262668e-01 1.000000000000000056e-01
8.835341365461847118e+00 1.357860375995699531e+00 1.000000000000000056e-01
9.236947791164658028e+00 1.756578125085599629e+00 1.000000000000000056e-01
9.638554216867468938e+00 1.927958070856964135e+00 1.000000000000000056e-01
1.004016064257028162e+01 1.904224723080048420e+00 1.000000000000000056e-01
1.044176706827309253e+01 1.553193072257464058e+00 1.000000000000000056e-01
1.084337349397590344e+01 1.438658684938216359e+00 1.000000000000000056e-01
1.124497991967871435e+01 1.376921929801424138e+00 1.000000000000000056e-01
1.164658634538152526e+01 1.594520376005129414e+00 1.000000000000000056e-01
1.204819277108433795e+01 1.299501320912528790e+00 1.000000000000000056e-01
1.244979919678714886e+01 1.000913255708592464e+00 1.000000000000000056e-01
1.285140562248995977e+01 6.998088628366011532e-01 1.000000000000000056e-01
1.325301204819277068e+01 5.288309614720739793e-01 1.000000000000000056e-01
1.365461847389558159e+01 1.862040203920997394e-01 1.000000000000000056e-01
1.405622489959839427e+01 -3.574557479577683550e-02 1.000000000000000056e-01
1.445783132530120518e+01 -6.590096501887729996e-01 1.000000000000000056e-01
1.485943775100401609e+01 -9.004837369068972031e-01 1.000000000000000056e-01
1.526104417670682700e+01 -8.752258131568867450e-01 1.000000000000000056e-01
1.566265060240963791e+01 -8.358965644917177862e-01 1.000000000000000056e-01
1.606425702811245060e+01 -2.802499101714006624e-01 1.000000000000000056e-01
1.646586345381525973e+01 4.334301666404186126e-01 1.000000000000000056e-01
1.686746987951807242e+01 7.323714319253203930e-01 1.000000000000000056e-01
1.726907630522088510e+01 9.923115047811930101e-01 1.000000000000000056e-01
1.767068273092369424e+01 6.351931742347882714e-01 1.000000000000000056e-01
1.807228915662650692e+01 3.062260376708911824e-01 1.000000000000000056e-01
1.847389558232931606e+01 -5.877892293748649966e-01 1.000000000000000056e-01
1.887550200803212874e+01 -5.194405517954774343e-01 1.000000000000000056e-01
1.927710843373493788e+01 -6.419667938937504426e-01 1.000000000000000056e-01
1.967871485943775056e+01 -2.325240004620252876e-01 1.000000000000000056e-01
2.008032128514056325e+01 7.462906469569767776e-01 1.000000000000000056e-01
2.048192771084337238e+01 1.174159420145775234e+00 1.000000000000000056e-01
2.088353413654618507e+01 1.369577052712909859e+00 1.000000000000000056e-01
2.128514056224899420e+01 1.395813680301771331e+00 1.000000000000000056e-01
2.168674698795180689e+01 1.068204961057519276e+00 1.000000000000000056e-01
2.208835341365461957e+01 6.058038768339217839e-01 1.000000000000000056e-01
2.248995983935742871e+01 3.907393143161174143e-01 1.000000000000000056e-01
2.289156626506024139e+01 8.509879708101514284e-02 1.000000000000000056e-01
2.329317269076305053e+01 -6.457902149433092376e-02 1.000000000000000056e-01
2.369477911646586321e+01 4.920611897429952308e-02 1.000000000000000056e-01
2.409638554216867590e+01 5.843851057692779349e-01 1.000000000000000056e-01
2.449799196787148503e+01 1.480309917113838081e+00 1.000000000000000056e-01
2.489959839357429772e+01 2.273377173459347311e+00 1.000000000000000056e-01
2.530120481927710685e+01 2.820940982769261307e+00 1.000000000000000056e-01
2.570281124497991954e+01 2.744430960885531068e+00 1.000000000000000056e-01
2.610441767068273222e+01 1.866958186194594305e+00 1.000000000000000056e-01
2.650602409638554136e+01 1.448058976927687702e+00 1.000000000000000056e-01
2.690763052208835404e+01 9.105724566482334970e-01 1.000000000000000056e-01
2.730923694779116317e+01 5.823489704724599259e-01 1.000000000000000056e-01
2.771084337349397586e+01 6.459795770674577886e-01 1.000000000000000056e-01
2.811244979919678855e+01 1.155733783523404279e+00 1.000000000000000056e-01
2.851405622489959768e+01 1.585647181941835848e+00 1.000000000000000056e-01
2.891566265060241037e+01 1.812314297349462366e+00 1.000000000000000056e-01
2.931726907630521950e+01 1.535968140214007516e+00 1.000000000000000056e-01
2.971887550200803219e+01 9.410700739413738747e-01 1.000000000000000056e-01
3.012048192771084487e+01 6.440738193744389717e-01 1.000000000000000056e-01
3.052208835341365400e+01 6.440083379713169576e-01 1.000000000000000056e-01
3.092369477911646669e+01 7.642390047237483941e-01 1.000000000000000056e-01
3.132530120481927582e+01 6.920110674412666141e-01 1.000000000000000056e-01
3.172690763052208851e+01 4.729689522896480813e-01 1.000000000000000056e-01
3.212851405622490120e+01 -4.428519797957272131e-01 1.000000000000000056e-01
3.253012048192771033e+01 -8.528066438622535772e-01 1.000000000000000056e-01
3.293172690763051946e+01 -1.415609735356130328e+00 1.000000000000000056e-01
3.333333333333333570e+01 -1.534672782657517942e+00 1.000000000000000056e-01
3.373493975903614484e+01 -7.363586218084018364e-01 1.000000000000000056e-01
3.413654618473895397e+01 -8.399910104098726182e-02 1.000000000000000056e-01
3.453815261044177021e+01 3.185142517716376132e-01 1.000000000000000056e-01
3.493975903614457934e+01 4.280027633919188945e-01 1.000000000000000056e-01
3.534136546184738847e+01 -1.078334832300988089e-01 1.000000000000000056e-01
3.574297188755019761e+01 -3.951271540805977867e-01 1.000000000000000056e-01
3.614457831325301385e+01 -7.953612153531208762e-01 1.000000000000000056e-01
3.654618473895582298e+01 -1.470633315716949330e+00 1.000000000000000056e-01
3.694779116465863211e+01 -1.286280901577876890e+00 1.000000000000000056e-01
3.734939759036144835e+01 -8.728768037003452607e-01 1.000000000000000056e-01
3.775100401606425748e+01 1.426185918501945427e-01 1.000000000000000056e-01
3.815261044176706662e+01 1.223611073095500767e+00 1.000000000000000056e-01
3.855421686746987575e+01 2.135072739695984101e+00 1.000000000000000056e-01
3.895582329317269199e+01 2.269808442975072005e+00 1.000000000000000056e-01
3.935742971887550112e+01 1.964162678674118867e+00 1.000000000000000056e-01
3.975903614457831026e+01 1.763530647766460291e+00 1.000000000000000056e-01
4.016064257028112650e+01 1.479648607552182416e+00 1.000000000000000056e-01
4.056224899598393563e+01 1.352802277429507427e+00 1.000000000000000056e-01
4.096385542168674476e+01 1.908940687374323320e+00 1.000000000000000056e-01
4.136546184738956100e+01 2.473559775029024799e+00 1.000000000000000056e-01
4.176706827309237013e+01 3.368427785937620822e+00 1.000000000000000056e-01
4.216867469879517927e+01 3.580937015870987672e+00 1.000000000000000056e-01
4.257028112449798840e+01 3.113960929547001211e+00 1.000000000000000056e-01
4.297188755020080464e+01 2.147127911325512617e+00 1.000000000000000056e-01
4.337349397590361377e+01 9.717166514374218078e-01 1.000000000000000056e-01
4.377510040160642291e+01 2.550092042694974137e-01 1.000000000000000056e-01
4.417670682730923915e+01 -3.449194833865695253e-01 1.000000000000000056e-01
4.457831325301204828e+01 -6.580708816159489549e-01 1.000000000000000056e-01
4.497991967871485741e+01 -1.115258323016848685e+00 1.000000000000000056e-01
4.538152610441767365e+01 -1.571537060162140342e+00 1.000000000000000056e-01
4.578313253012048278e+01 -1.595953210723628057e+00 1.000000000000000056e-01
4.618473895582329192e+01 -1.212165617454815880e+00 1.000000000000000056e-01
4.658634538152610105e+01 -2.043205033062018838e-01 1.000000000000000056e-01
4.698795180722891729e+01 9.715182922977789737e-01 1.000000000000000056e-01
4.738955823293172642e+01 1.884588891248550890e+00 1.000000000000000056e-01
4.779116465863453556e+01 2.193261387994555278e+00 1.000000000000000056e-01
4.819277108433735179e+01 2.325745899574082287e+00 1.000000000000000056e-01
4.859437751004016093e+01 1.305884814720216225e+00 1.000000000000000056e-01
4.899598393574297006e+01 6.866193760280950853e-01 1.000000000000000056e-01
4.939759036144578630e+01 -4.346975362576277480e-01 1.000000000000000056e-01
4.979919678714859543e+01 -1.102566904248736046e+00 1.000000000000000056e-01
5.020080321285140457e+01 -1.949581723078340767e+00 1.000000000000000056e-01
5.060240963855421370e+01 -2.167054127636449223e+00 1.000000000000000056e-01
5.100401606425702994e+01 -2.091784581866622972e+00 1.000000000000000056e-01
5.140562248995983907e+01 -1.544107456360006125e+00 1.000000000000000056e-01
5.180722891566264821e+01 -9.572126086455687854e-01 1.000000000000000056e-01
5.220883534136546444e+01 -7.715197666048754233e-01 1.000000000000000056e-01
5.261044176706827358e+01 5.561340668774561458e-02 1.000000000000000056e-01
5.301204819277108271e+01 1.842669069463808706e-01 1.000000000000000056e-01
5.341365461847389184e+01 4.056392217134180411e-01 1.000000000000000056e-01
5.381526104417670808e+01 3.604674266067393607e-01 1.000000000000000056e-01
5.421686746987951722e+01 2.473604076358162929e-01 1.000000000000000056e-01
5.461847389558232635e+01 4.043219120494571106e-01 1.000000000000000056e-01
5.502008032128514259e+01 3.800246105483555681e-01 1.000000000000000056e-01
5.542168674698795172e+01 1.807235220291142364e-01 1.000000000000000056e-01
5.582329317269076085e+01 4.004603230895693589e-01 1.000000000000000056e-01
5.622489959839357709e+01 5.923179745910187588e-01 1.000000000000000056e-01
5.662650602409638623e+01 6.674325136739380770e-01 1.000000000000000056e-01
5.702811244979919536e+01 6.522667462802057836e-02 1.000000000000000056e-01
5.742971887550200449e+01 -5.223052314201310775e-01 1.000000000000000056e-01
5.783132530120482073e+01 -8.490945909461177221e-01 1.000000000000000056e-01
5.823293172690762987e+01 -6.513340062701533650e-01 1.000000000000000056e-01
5.863453815261043900e+01 2.996053896604126132e-01 1.000000000000000056e-01
5.903614457831325524e+01 8.550636286680245446e-01 1.000000000000000056e-01
5.943775100401606437e+01 1.501351366914336571e+00 1.000000000000000056e-01
5.983935742971887350e+01 1.291168656917257795e+00 1.000000000000000056e-01
6.024096385542168974e+01 3.866356288712424760e-01 1.000000000000000056e-01
6.064257028112449888e+01 -6.877223717752400933e-01 1.000000000000000056e-01
6.104417670682730801e+01 -2.204839430297771852e+00 1.000000000000000056e-01
6.144578313253011714e+01 -2.850400888140732558e+00 1.000000000000000056e-01
6.184738955823293338e+01 -2.337434184727423592e+00 1.000000000000000056e-01
6.224899598393574252e+01 -1.097981992080871105e+00 1.000000000000000056e-01
6.265060240963855165e+01 3.303640852412604301e-01 1.000000000000000056e-01
6.305220883534136789e+01 8.115683668063284895e-01 1.000000000000000056e-01
6.345381526104417702e+01 4.928959384497477725e-01 1.000000000000000056e-01
6.385542168674698615e+01 -6.217005972901493704e-01 1.000000000000000056e-01
6.425702811244980239e+01 -1.497201967147965718e+00 1.000000000000000056e-01
6.465863453815261153e+01 -1.718108643334291141e+00 1.000000000000000056e-01
6.506024096385542066e+01 -1.628015657720503384e+00 1.000000000000000056e-01
6.546184738955822979e+01 -1.435486562747135819e+00 1.000000000000000056e-01
6.586345381526103893e+01 -1.339500628353831768e+00 1.000000000000000056e-01
6.626506024096384806e+01 -1.297264814273652256e+00 1.000000000000000056e-01
6.666666666666667140e+01 -1.154555381470993236e+00 1.000000000000000056e-01
6.706827309236948054e+01 -5.615344700297798808e-02 1.000000000000000056e-01
6.746987951807228967e+01 1.083468663057381320e+00 1.000000000000000056e-01
6.787148594377509880e+01 1.753209317060557604e+00 1.000000000000000056e-01
6.827309236947790794e+01 1.979024130666452219e+00 1.000000000000000056e-01
6.867469879518071707e+01 8.561547386575003582e-01 1.000000000000000056e-01
6.907630522088354041e+01 -5.664388744462654085e-02 1.000000000000000056e-01
6.947791164658634955e+01 -6.594340345121713076e-01 1.000000000000000056e-01
6.987951807228915868e+01 -9.348270933423427076e-01 1.000000000000000056e-01
7.028112449799196781e+01 -8.971470140790103187e-01 1.000000000000000056e-01
7.068273092369477695e+01 -1.193742143630427632e+00 1.000000000000000056e-01
7.108433734939758608e+01 -1.385677341538631424e+00 1.000000000000000056e-01
7.148594377510039521e+01 -1.701892763342252701e+00 1.000000000000000056e-01
7.188755020080321856e+01 -2.206546786334401933e+00 1.000000000000000056e-01
7.228915662650602769e+01 -2.494783860035628908e+00 1.000000000000000056e-01
7.269076305220883683e+01 -2.483994609354091221e+00 1.000000000000000056e-01
7.309236947791164596e+01 -2.270492479886089043e+00 1.000000000000000056e-01
7.349397590361445509e+01 -1.754730661717723628e+00 1.000000000000000056e-01
7.389558232931726423e+01 -1.280521698114400753e+00 1.000000000000000056e-01
7.429718875502007336e+01 -5.175092462251167369e-01 1.000000000000000056e-01
7.469879518072289670e+01 -2.187623049641371220e-01 1.000000000000000056e-01
7.510040160642570584e+01 -1.315923662836112618e-01 1.000000000000000056e-01
7.550200803212851497e+01 -5.958987477271124877e-01 1.000000000000000056e-01
7.590361445783132410e+01 -5.621490027180617854e-01 1.000000000000000056e-01
7.630522088353413324e+01 -8.814752097830813593e-01 1.000000000000000056e-01
7.670682730923694237e+01 -8.865202844729498377e-01 1.000000000000000056e-01
7.710843373493975150e+01 -7.743180815419175023e-01 1.000000000000000056e-01
7.751004016064257485e+01 -6.535397730664270766e-01 1.000000000000000056e-01
7.791164658634538398e+01 -2.814230300572698185e-01 1.000000000000000056e-01
7.831325301204819311e+01 4.366740078069769049e-01 1.000000000000000056e-01
7.871485943775100225e+01 1.177177777305554285e+00 1.000000000000000056e-01
7.911646586345381138e+01 1.725346231276822628e+00 1.000000000000000056e-01
7.951807228915662051e+01 1.797746326345091017e+00 1.000000000000000056e-01
7.991967871485944386e+01 1.099465483980134994e+00 1.000000000000000056e-01
8.032128514056225299e+01 4.511751855231102559e-01 1.000000000000000056e-01
8.072289156626506212e+01 3.480691155024128181e-01 1.000000000000000056e-01
8.112449799196787126e+01 6.922755588417310868e-01 1.000000000000000056e-01
8.152610441767068039e+01 7.397539547307752095e-01 1.000000000000000056e-01
8.192771084337348952e+01 6.417614985967270425e-01 1.000000000000000056e-01
8.232931726907629866e+01 1.273570286086492254e-01 1.000000000000000056e-01
8.273092369477912200e+01 2.808857598398025179e-01 1.000000000000000056e-01
8.313253012048193114e+01 6.706903721125418993e-01 1.000000000000000056e-01
8.353413654618474027e+01 1.277596042834536982e+00 1.000000000000000056e-01
8.393574297188754940e+01 1.465525918809327699e+00 1.000000000000000056e-01
8.433734939759035854e+01 1.049802746694680877e+00 1.000000000000000056e-01
8.473895582329316767e+01 6.298736598848484469e-01 1.000000000000000056e-01
8.514056224899597680e+01 7.792880204999666494e-02 1.000000000000000056e-01
8.554216867469880015e+01 4.859364142228769778e-01 1.000000000000000056e-01
8.594377510040160928e+01 1.209547855809166794e+00 1.000000000000000056e-01
8.634538152610441841e+01 1.842070940907937660e+00 1.000000000000000056e-01
8.674698795180722755e+01 2.023382803750195080e+00 1.000000000000000056e-01
8.714859437751003668e+01 2.248064193326666960e+00 1.000000000000000056e-01
8.755020080321284581e+01 2.317216760806169340e+00 1.000000000000000056e-01
8.795180722891566916e+01 1.948339541234130889e+00 1.000000000000000056e-01
8.835341365461847829e+01 1.847882394516073834e+00 1.000000000000000056e-01
8.875502008032128742e+01 1.761299318335115771e+00 1.000000000000000056e-01
8.915662650602409656e+01 2.043648691147534446e+00 1.000000000000000056e-01
8.955823293172690569e+01 1.854158299251874586e+00 1.000000000000000056e-01
8.995983935742971482e+01 1.484485381911380797e+00 1.000000000000000056e-01
9.036144578313252396e+01 5.778543597500856999e-01 1.000000000000000056e-01
9.076305220883534730e+01 -2.615196854786693836e-01 1.000000000000000056e-01
9.116465863453815643e+01 -1.248943679206446111e+00 1.000000000000000056e-01
9.156626506024096557e+01 -1.249184705574029053e+00 1.000000000000000056e-01
9.196787148594377470e+01 -1.095858043572127460e+00 1.000000000000000056e-01
9.236947791164658383e+01 -1.827913950326232329e-01 1.000000000000000056e-01
9.277108433734939297e+01 5.568347854604447367e-01 1.000000000000000056e-01
9.317269076305220210e+01 9.685391369261888705e-01 1.000000000000000056e-01
9.357429718875502545e+01 8.179800422869353271e-01 1.000000000000000056e-01
9.397590361445783458e+01 8.463138095534317173e-01 1.000000000000000056e-01
9.437751004016064371e+01 1.048638772269502972e+00 1.000000000000000056e-01
9.477911646586345285e+01 1.610792703527002656e+00 1.000000000000000056e-01
9.518072289156626198e+01 2.433811652612214882e+00 1.000000000000000056e-01
9.558232931726907111e+01 2.886165448481470719e+00 1.000000000000000056e-01
9.598393574297188025e+01 2.702352802037410573e+00 1.000000000000000056e-01
9.638554216867470359e+01 2.021200851464428183e+00 1.000000000000000056e-01
9.678714859437751272e+01 1.473442767521947250e+00 1.000000000000000056e-01
9.718875502008032186e+01 6.070113873607978494e-01 1.000000000000000056e-01
9.759036144578313099e+01 2.182582802054324478e-01 1.000000000000000056e-01
9.799196787148594012e+01 -2.198552826783860270e-01 1.000000000000000056e-01
9.839357429718874926e+01 -6.718917891122830888e-01 1.000000000000000056e-01
9.879518072289157260e+01 -7.446263460074938889e-01 1.000000000000000056e-01
9.919678714859438173e+01 -2.480679872739949277e-01 1.000000000000000056e-01
9.959839357429719087e+01 4.814237070551776743e-01 1.000000000000000056e-01
1.000000000000000000e+02 1.706930520839805787e+00 1.000000000000000056e-01
