0.000000000000000000e+00 1.150576473557732182e+00 1.000000000000000056e-01
4.016064257028112428e-01 9.258697926353410823e-01 1.000000000000000056e-01
8.032128514056224855e-01 9.776189036814810773e-01 1.000000000000000056e-01
1.204819277108433617e+00 3.763590080796820891e-01 1.000000000000000056e-01
1.606425702811244971e+00 2.567775550804299867e-01 1.000000000000000056e-01
2.008032128514056325e+00 -7.816112795435599392e-02 1.000000000000000056e-01
2.409638554216867234e+00 -2.100464697042513096e-02 1.000000000000000056e-01
2.811244979919678588e+00 1.802228849452862103e-01 1.000000000000000056e-01
3.212851405622489942e+00 7.507844744700065132e-01 1.000000000000000056e-01
3.614457831325301296e+00 1.166004295734727636e+00 1.000000000000000056e-01
4.016064257028112650e+00 1.255810159889479749e+00 1.000000000000000056e-01
4.417670682730923559e+00 1.611521913842810516e+00 1.000000000000000056e-01
4.819277108433734469e+00 1.407870659344820918e+00 1.000000000000000056e-01
5.220883534136546267e+00 1.387823878779739895e+00 1.000000000000000056e-01
5.622489959839357176e+00 1.084664077288329809e+00 1.000000000000000056e-01
6.024096385542168974e+00 9.528469040930549472e-01 1.000000000000000056e-01
6.425702811244979884e+00 9.023222443266725179e-01 1.000000000000000056e-01
6.827309236947790794e+00 1.121759243362645320e+00 1.000000000000000056e-01
7.228915662650602592e+00 1.244943154359510196e+00 1.000000000000000056e-01
7.630522088353413501e+00 1.366152380871192396e+00 1.000000000000000056e-01
8.032128514056225299e+00 1.088269039044968745e+00 1.000000000000000056e-01
8.433734939759036209e+00 1.141327196331795912e+00 1.000000000000000056e-01
8.835341365461847118e+00 6.001185527700764188e-01 1.000000000000000056e-01
9.236947791164658028e+00 4.244990877155185860e-01 1.000000000000000056e-01
9.638554216867468938e+00 1.467188359810268905e-01 1.000000000000000056e-01
1.004016064257028162e+01 -1.729240079689229881e-01 1.000000000000000056e-01
1.044176706827309253e+01 1.939768092086324724e-02 1.000000000000000056e-01
1.084337349397590344e+01 7.290842369166898596e-02 1.000000000000000056e-01
1.124497991967871435e+01 2.678588630656337788e-01 1.000000000000000056e-01
1.164658634538152526e+01 3.604280538023699187e-01 1.000000000000000056e-01
1.204819277108433795e+01 4.883260688230572910e-01 1.000000000000000056e-01
1.244979919678714886e+01 3.098100623096782247e-01 1.000000000000000056e-01
1.285140562248995977e+01 7.390492161285830419e-02 1.000000000000000056e-01
1.325301204819277068e+01 -1.519202452525986735e-01 1.000000000000000056e-01
1.365461847389558159e+01 -6.091182326320083718e-01 1.000000000000000056e-01
1.405622489959839427e+01 -3.908374120404631835e-01 1.000000000000000056e-01
1.445783132530120518e+01 -9.953363462591591215e-01 1.000000000000000056e-01
1.485943775100401609e+01 -9.482229333489622380e-01 1.000000000000000056e-01
1.526104417670682700e+01 -1.044615827705149380e+00 1.000000000000000056e-01
1.566265060240963791e+01 -1.507740401521307838e+00 1.000000000000000056e-01
1.606425702811245060e+01 -1.616138376942864774e+00 1.000000000000000056e-01
1.646586345381525973e+01 -1.972453741388077830e+00 1.000000000000000056e-01
1.686746987951807242e+01 -2.092457555116352896e+00 1.000000000000000056e-01
1.726907630522088510e+01 -2.328026221661244399e+00 1.000000000000000056e-01
1.767068273092369424e+01 -2.340837437096197959e+00 1.000000000000000056e-01
1.807228915662650692e+01 -2.169045045073219491e+00 1.000000000000000056e-01
1.847389558232931606e+01 -1.436791993153912150e+00 1.000000000000000056e-01
1.887550200803212874e+01 -1.091585027241035899e+00 1.000000000000000056e-01
1.927710843373493788e+01 -4.881733954033449230e-01 1.000000000000000056e-01
1.967871485943775056e+01 2.981515716687185291e-01 1.000000000000000056e-01
2.008032128514056325e+01 4.874757703989471835e-01 1.000000000000000056e-01
2.048192771084337238e+01 3.484532718388458905e-01 1.000000000000000056e-01
2.088353413654618507e+01 5.097672134781153774e-01 1.000000000000000056e-01
2.128514056224899420e+01 2.372227125424145044e-01 1.000000000000000056e-01
2.168674698795180689e+01 3.914372378466390856e-01 1.000000000000000056e-01
2.208835341365461957e+01 6.695590508092704729e-01 1.000000000000000056e-01
2.248995983935742871e+01 1.192333984627824917e+00 1.000000000000000056e-01
2.289156626506024139e+01 1.473475058202227128e+00 1.000000000000000056e-01
2.329317269076305053e+01 1.820301718385271439e+00 1.000000000000000056e-01
2.369477911646586321e+01 2.137088313521234184e+00 1.000000000000000056e-01
2.409638554216867590e+01 2.210095062109602271e+00 1.000000000000000056e-01
2.449799196787148503e+01 1.700079085083011865e+00 1.000000000000000056e-01
2.489959839357429772e+01 1.432380321541308676e+00 1.000000000000000056e-01
2.530120481927710685e+01 8.638330877238471484e-01 1.000000000000000056e-01
2.570281124497991954e+01 3.240647291736503677e-01 1.000000000000000056e-01
2.610441767068273222e+01 -1.851788398858858764e-01 1.000000000000000056e-01
2.650602409638554136e+01 -2.537110172038445355e-01 1.000000000000000056e-01
2.690763052208835404e+01 -4.476720646625103051e-01 1.000000000000000056e-01
2.730923694779116317e+01 -2.585950105635263507e-01 1.000000000000000056e-01
2.771084337349397586e+01 -1.466789788140794304e-01 1.000000000000000056e-01
2.811244979919678855e+01 -1.092429520088495920e-01 1.000000000000000056e-01
2.851405622489959768e+01 3.284093390195527706e-01 1.000000000000000056e-01
2.891566265060241037e+01 7.492809195630971697e-01 1.000000000000000056e-01
2.931726907630521950e+01 6.690020975442416695e-01 1.000000000000000056e-01
2.971887550200803219e+01 7.588732223978429392e-01 1.000000000000000056e-01
3.012048192771084487e+01 8.239410413675837264e-01 1.000000000000000056e-01
3.052208835341365400e+01 7.930436983732725986e-01 1.000000000000000056e-01
3.092369477911646669e+01 6.615058570060092791e-01 1.000000000000000056e-01
3.132530120481927582e+01 2.812133670196731994e-01 1.000000000000000056e-01
3.172690763052208851e+01 -1.063600944309467666e-01 1.000000000000000056e-01
3.212851405622490120e+01 -7.104950270474986729e-01 1.000000000000000056e-01
3.253012048192771033e+01 -1.003246386255905342e+00 1.000000000000000056e-01
3.293172690763051946e+01 -9.400787689286791426e-01 1.000000000000000056e-01
3.333333333333333570e+01 -8.407307703345354710e-01 1.000000000000000056e-01
3.373493975903614484e+01 -5.795569632271146965e-01 1.000000000000000056e-01
3.413654618473895397e+01 -2.207733137181557281e-01 1.000000000000000056e-01
3.453815261044177021e+01 8.212485792505797022e-02 1.000000000000000056e-01
3.493975903614457934e+01 2.218897480836912184e-01 1.000000000000000056e-01
3.534136546184738847e+01 5.551492869181609557e-02 1.000000000000000056e-01
3.574297188755019761e+01 -1.301661400408085645e-01 1.000000000000000056e-01
3.614457831325301385e+01 -4.072097586354208598e-01 1.000000000000000056e-01
3.654618473895582298e+01 -8.161196504751364600e-01 1.000000000000000056e-01
3.694779116465863211e+01 -7.427572074150937675e-01 1.000000000000000056e-01
3.734939759036144835e+01 -8.792273378690311780e-01 1.000000000000000056e-01
3.775100401606425748e+01 -7.143585860701723300e-01 1.000000000000000056e-01
3.815261044176706662e+01 -1.422336678634788243e-01 1.000000000000000056e-01
3.855421686746987575e+01 -1.502162553023858871e-01 1.000000000000000056e-01
3.895582329317269199e+01 4.167937470334567851e-01 1.000000000000000056e-01
3.935742971887550112e+01 4.199117400808970446e-01 1.000000000000000056e-01
3.975903614457831026e+01 5.459154203397347249e-01 1.000000000000000056e-01
4.016064257028112650e+01 8.260872689752338793e-01 1.000000000000000056e-01
4.056224899598393563e+01 9.348479394142505949e-01 1.000000000000000056e-01
4.096385542168674476e+01 9.929310128516979361e-01 1.000000000000000056e-01
4.136546184738956100e+01 1.196073557916174313e+00 1.000000000000000056e-01
4.176706827309237013e+01 1.011908361474642915e+00 1.000000000000000056e-01
4.216867469879517927e+01 1.131619240408172411e+00 1.000000000000000056e-01
4.257028112449798840e+01 1.057177167992205513e+00 1.000000000000000056e-01
4.297188755020080464e+01 5.296499194375465791e-01 1.000000000000000056e-01
4.337349397590361377e+01 1.840486614312341340e-01 1.000000000000000056e-01
4.377510040160642291e+01 -4.340851389685715378e-01 1.000000000000000056e-01
4.417670682730923915e+01 -1.038942969958688289e+00 1.000000000000000056e-01
4.457831325301204828e+01 -1.738555881873258935e+00 1.000000000000000056e-01
4.497991967871485741e+01 -2.216583453375088997e+00 1.000000000000000056e-01
4.538152610441767365e+01 -2.909227718466505852e+00 1.000000000000000056e-01
4.578313253012048278e+01 -3.063551838514821934e+00 1.000000000000000056e-01
4.618473895582329192e+01 -3.506699772233413448e+00 1.000000000000000056e-01
4.658634538152610105e+01 -3.911969676174469779e+00 1.000000000000000056e-01
4.698795180722891729e+01 -3.593887188212760098e+00 1.000000000000000056e-01
4.738955823293172642e+01 -3.531295921994510145e+00 1.000000000000000056e-01
4.779116465863453556e+01 -3.144205092586584094e+00 1.000000000000000056e-01
4.819277108433735179e+01 -2.588259514306993747e+00 1.000000000000000056e-01
4.859437751004016093e+01 -2.275711059412642179e+00 1.000000000000000056e-01
4.899598393574297006e+01 -1.672038128948110103e+00 1.000000000000000056e-01
4.939759036144578630e+01 -1.512172448041084305e+00 1.000000000000000056e-01
4.979919678714859543e+01 -1.348461974371832239e+00 1.000000000000000056e-01
5.020080321285140457e+01 -1.381794606031469197e+00 1.000000000000000056e-01
5.060240963855421370e+01 -1.333326733590950219e+00 1.000000000000000056e-01
5.100401606425702994e+01 -1.177850740336732871e+00 1.000000000000000056e-01
5.140562248995983907e+01 -9.491610326325625735e-01 1.000000000000000056e-01
5.180722891566264821e+01 -6.718201624597724964e-01 1.000000000000000056e-01
5.220883534136546444e+01 -4.985677729943396308e-01 1.000000000000000056e-01
5.261044176706827358e+01 -4.330431994611301239e-01 1.000000000000000056e-01
5.301204819277108271e+01 -4.977582958728032914e-01 1.000000000000000056e-01
5.341365461847389184e+01 -4.063850291612239873e-01 1.000000000000000056e-01
5.381526104417670808e+01 -4.050561497553506474e-01 1.000000000000000056e-01
5.421686746987951722e+01 -4.282651712034606789e-02 1.000000000000000056e-01
5.461847389558232635e+01 3.046837440865743929e-01 1.000000000000000056e-01
5.502008032128514259e+01 5.244039475880467593e-01 1.000000000000000056e-01
5.542168674698795172e+01 5.667254138013704257e-01 1.000000000000000056e-01
5.582329317269076085e+01 3.613954351001892884e-01 1.000000000000000056e-01
5.622489959839357709e+01 1.146390028904865632e-01 1.000000000000000056e-01
5.662650602409638623e+01 -6.918716147103240455e-02 1.000000000000000056e-01
5.702811244979919536e+01 -4.122295057138931629e-01 1.000000000000000056e-01
5.742971887550200449e+01 -8.867736547325129060e-01 1.000000000000000056e-01
5.783132530120482073e+01 -1.301762046472126233e+00 1.000000000000000056e-01
5.823293172690762987e+01 -1.861038191190517610e+00 1.000000000000000056e-01
5.863453815261043900e+01 -1.698630322776195856e+00 1.000000000000000056e-01
5.903614457831325524e+01 -1.660796499166067086e+00 1.000000000000000056e-01
5.943775100401606437e+01 -1.327194825839934422e+00 1.000000000000000056e-01
5.983935742971887350e+01 -1.334628180440306844e+00 1.000000000000000056e-01
6.024096385542168974e+01 -1.053959719591371913e+00 1.000000000000000056e-01
6.064257028112449888e+01 -9.350290197934326697e-01 1.000000000000000056e-01
6.104417670682730801e+01 -1.170469134237116737e+00 1.000000000000000056e-01
6.144578313253011714e+01 -1.288716464742912793e+00 1.000000000000000056e-01
6.184738955823293338e+01 -1.286474417632648359e+00 1.000000000000000056e-01
6.224899598393574252e+01 -1.412288431804062494e+00 1.000000000000000056e-01
6.265060240963855165e+01 -1.368714846281761099e+00 1.000000000000000056e-01
6.305220883534136789e+01 -1.418985680825733731e+00 1.000000000000000056e-01
6.345381526104417702e+01 -1.340110236444964409e+00 1.000000000000000056e-01
6.385542168674698615e+01 -1.130786948181840446e+00 1.000000000000000056e-01
6.425702811244980239e+01 -5.107121264683243123e-01 1.000000000000000056e-01
6.465863453815261153e+01 6.352994040271016385e-02 1.000000000000000056e-01
6.506024096385542066e+01 6.720225861784899779e-01 1.000000000000000056e-01
6.546184738955822979e+01 1.345206791881409236e+00 1.000000000000000056e-01
6.586345381526103893e+01 1.760105866671032970e+00 1.000000000000000056e-01
6.626506024096384806e+01 1.756225234183814043e+00 1.000000000000000056e-01
6.666666666666667140e+01 1.732667153003464966e+00 1.000000000000000056e-01
6.706827309236948054e+01 1.153467360100628003e+00 1.000000000000000056e-01
6.746987951807228967e+01 1.011490523140518016e+00 1.000000000000000056e-01
6.787148594377509880e+01 3.523938248030356601e-01 1.000000000000000056e-01
6.827309236947790794e+01 -1.414822150092840958e-01 1.000000000000000056e-01
6.867469879518071707e+01 -9.681536158472563436e-01 1.000000000000000056e-01
6.907630522088354041e+01 -1.047550212967821803e+00 1.000000000000000056e-01
6.947791164658634955e+01 -1.050402411450483964e+00 1.000000000000000056e-01
6.987951807228915868e+01 -9.880368018467922120e-01 1.000000000000000056e-01
7.028112449799196781e+01 -6.669336139796261387e-01 1.000000000000000056e-01
7.068273092369477695e+01 -3.166495040814937267e-01 1.000000000000000056e-01
7.108433734939758608e+01 2.860700495426615753e-01 1.000000000000000056e-01
7.148594377510039521e+01 7.478391742371092166e-01 1.000000000000000056e-01
7.188755020080321856e+01 7.918642741421468845e-01 1.000000000000000056e-01
7.228915662650602769e+01 7.027175902627191828e-01 1.000000000000000056e-01
7.269076305220883683e+01 6.536997489842938380e-01 1.000000000000000056e-01
7.309236947791164596e+01 4.561126733459641702e-01 1.000000000000000056e-01
7.349397590361445509e+01 4.970043810457535627e-01 1.000000000000000056e-01
7.389558232931726423e+01 8.333184813686158599e-01 1.000000000000000056e-01
7.429718875502007336e+01 9.644582935409043989e-01 1.000000000000000056e-01
7.469879518072289670e+01 8.042231410588506213e-01 1.000000000000000056e-01
7.510040160642570584e+01 5.703462446850960932e-01 1.000000000000000056e-01
7.550200803212851497e+01 9.615740433969142964e-02 1.000000000000000056e-01
7.590361445783132410e+01 -5.112102943759387896e-01 1.000000000000000056e-01
7.630522088353413324e+01 -5.915469467505406476e-01 1.000000000000000056e-01
7.670682730923694237e+01 -5.579463297501184860e-01 1.000000000000000056e-01
7.710843373493975150e+01 -3.721485294741334604e-01 1.000000000000000056e-01
7.751004016064257485e+01 3.875040457280202744e-01 1.000000000000000056e-01
7.791164658634538398e+01 8.279759005429603302e-01 1.000000000000000056e-01
7.831325301204819311e+01 9.364658463002425437e-01 1.000000000000000056e-01
7.871485943775100225e+01 9.257269854375509421e-01 1.000000000000000056e-01
7.911646586345381138e+01 7.201903797885462755e-01 1.000000000000000056e-01
7.951807228915662051e+01 6.899630806390011362e-01 1.000000000000000056e-01
7.991967871485944386e+01 6.304041819858346996e-01 1.000000000000000056e-01
8.032128514056225299e+01 4.274610013974473599e-01 1.000000000000000056e-01
8.072289156626506212e+01 4.717479607762098959e-01 1.000000000000000056e-01
8.112449799196787126e+01 5.333726675743721835e-01 1.000000000000000056e-01
8.152610441767068039e+01 2.707715956835753390e-01 1.000000000000000056e-01
8.192771084337348952e+01 -4.049705483241102799e-01 1.000000000000000056e-01
8.232931726907629866e+01 -8.599450904065724099e-01 1.000000000000000056e-01
8.273092369477912200e+01 -1.557505597782111506e+00 1.000000000000000056e-01
8.313253012048193114e+01 -2.059068964660794254e+00 1.000000000000000056e-01
8.353413654618474027e+01 -2.331004707800730102e+00 1.000000000000000056e-01
8.393574297188754940e+01 -2.385401848522980650e+00 1.000000000000000056e-01
8.433734939759035854e+01 -2.024102911157755535e+00 1.000000000000000056e-01
8.473895582329316767e+01 -1.879161878628843318e+00 1.000000000000000056e-01
8.514056224899597680e+01 -1.605536696178095690e+00 1.000000000000000056e-01
8.554216867469880015e+01 -1.470057937000730952e+00 1.000000000000000056e-01
8.594377510040160928e+01 -1.314382680789685010e+00 1.000000000000000056e-01
8.634538152610441841e+01 -1.218873539436561959e+00 1.000000000000000056e-01
8.674698795180722755e+01 -1.440849014525258820e+00 1.000000000000000056e-01
8.714859437751003668e+01 -1.323206326295090829e+00 1.000000000000000056e-01
8.755020080321284581e+01 -1.213838686334104633e+00 1.000000000000000056e-01
8.795180722891566916e+01 -1.222841264435939435e+00 1.000000000000000056e-01
8.835341365461847829e+01 -1.133913705970056585e+00 1.000000000000000056e-01
8.875502008032128742e+01 -6.360420627242342473e-01 1.000000000000000056e-01
8.915662650602409656e+01 -2.598392113937932346e-01 1.000000000000000056e-01
8.955823293172690569e+01 1.644692004394751328e-01 1.000000000000000056e-01
8.995983935742971482e+01 4.372456148575256663e-01 1.000000000000000056e-01
9.036144578313252396e+01 -1.721372016728643650e-02 1.000000000000000056e-01
9.076305220883534730e+01 -2.214810151648744785e-01 1.000000000000000056e-01
9.116465863453815643e+01 -9.309989429291414265e-01 1.000000000000000056e-01
9.156626506024096557e+01 -1.418785025505759911e+00 1.000000000000000056e-01
9.196787148594377470e+01 -1.715919950164678243e+00 1.000000000000000056e-01
9.236947791164658383e+01 -1.794407270665265397e+00 1.000000000000000056e-01
9.277108433734939297e+01 -1.753086824376245856e+00 1.000000000000000056e-01
9.317269076305220210e+01 -1.696411115871607755e+00 1.000000000000000056e-01
9.357429718875502545e+01 -1.323440127871022831e+00 1.000000000000000056e-01
9.397590361445783458e+01 -1.244432962211928118e+00 1.000000000000000056e-01
9.437751004016064371e+01 -1.125113331543374784e+00 1.000000000000000056e-01
9.477911646586345285e+01 -1.129197268274600097e+00 1.000000000000000056e-01
9.518072289156626198e+01 -1.292087894784109237e+00 1.000000000000000056e-01
9.558232931726907111e+01 -1.061224889287616380e+00 1.000000000000000056e-01
9.598393574297188025e+01 -5.643017044601397192e-01 1.000000000000000056e-01
9.638554216867470359e+01 -4.349687000684943627e-01 1.000000000000000056e-01
9.678714859437751272e+01 -1.068168412408260493e-01 1.000000000000000056e-01
9.718875502008032186e+01 1.960589784451248208e-01 1.000000000000000056e-01
9.759036144578313099e+01 -1.672433525602445570e-01 1.000000000000000056e-01
9.799196787148594012e+01 -5.123547194832451801e-01 1.000000000000000056e-01
9.839357429718874926e+01 -7.916440190804332477e-01 1.000000000000000056e-01
9.879518072289157260e+01 -7.741309403304147407e-01 1.000000000000000056e-01
9.919678714859438173e+01 -1.228184000660124786e+00 1.000000000000000056e-01
9.959839357429719087e+01 -1.125562815640331893e+00 1.000000000000000056e-01
1.000000000000000000e+02 -9.208560875722499039e-01 1.000000000000000056e-01
