0.000000000000000000e+00 1.088253254298281902e+00 1.000000000000000056e-01
4.016064257028112428e-01 1.552851202268023867e+00 1.000000000000000056e-01
8.032128514056224855e-01 1.126257492132743954e+00 1.000000000000000056e-01
1.204819277108433617e+00 -2.026553480819979214e-01 1.000000000000000056e-01
1.606425702811244971e+00 -1.391053367697418164e+00 1.000000000000000056e-01
2.008032128514056325e+00 -1.398744200370362067e+00 1.000000000000000056e-01
2.409638554216867234e+00 -6.851698736251707889e-01 1.000000000000000056e-01
2.811244979919678588e+00 2.048943686285003840e-01 1.000000000000000056e-01
3.212851405622489942e+00 1.245681866967508711e+00 1.000000000000000056e-01
3.614457831325301296e+00 1.264598516033505593e+00 1.000000000000000056e-01
4.016064257028112650e+00 1.220032319974547086e+00 1.000000000000000056e-01
4.417670682730923559e+00 9.554077260833535590e-01 1.000000000000000056e-01
4.819277108433734469e+00 1.231347177951804817e+00 1.000000000000000056e-01
5.220883534136546267e+00 1.925390435098124797e+00 1.000000000000000056e-01
5.622489959839357176e+00 3.002819765707123167e+00 1.000000000000000056e-01
6.024096385542168974e+00 3.681187246250003930e+00 1.000000000000000056e-01
6.425702811244979884e+00 3.499997400109386536e+00 1.000000000000000056e-01
6.827309236947790794e+00 2.602480674948330464e+00 1.000000000000000056e-01
7.228915662650602592e+00 1.818722107399824539e+00 1.000000000000000056e-01
7.630522088353413501e+00 1.075005074297547880e+00 1.000000000000000056e-01
8.032128514056225299e+00 9.694415386544273927e-01 1.000000000000000056e-01
8.433734939759036209e+00 1.654512096633010909e+00 1.000000000000000056e-01
8.835341365461847118e+00 1.688968435141873448e+00 1.000000000000000056e-01
9.236947791164658028e+00 1.391834426345097020e+00 1.000000000000000056e-01
9.638554216867468938e+00 8.266082072506046874e-01 1.000000000000000056e-01
1.004016064257028162e+01 1.066544613443710238e-01 1.000000000000000056e-01
1.044176706827309253e+01 -6.747661638658267180e-02 1.000000000000000056e-01
1.084337349397590344e+01 1.012676226164604953e+00 1.000000000000000056e-01
1.124497991967871435e+01 1.984464348849385162e+00 1.000000000000000056e-01
1.164658634538152526e+01 1.930364416446802789e+00 1.000000000000000056e-01
1.204819277108433795e+01 7.042029629126784762e-01 1.000000000000000056e-01
1.244979919678714886e+01 -6.227804064033097831e-01 1.000000000000000056e-01
1.285140562248995977e+01 -8.222205786737348809e-01 1.000000000000000056e-01
1.325301204819277068e+01 -4.539562755825077289e-02 1.000000000000000056e-01
1.365461847389558159e+01 -1.725294126589443922e-01 1.000000000000000056e-01
1.405622489959839427e+01 -1.375370334474384171e+00 1.000000000000000056e-01
1.445783132530120518e+01 -2.321600479799674321e+00 1.000000000000000056e-01
1.485943775100401609e+01 -1.946890485151143935e+00 1.000000000000000056e-01
1.526104417670682700e+01 -8.468450276047543301e-01 1.000000000000000056e-01
1.566265060240963791e+01 6.193046747520652984e-02 1.000000000000000056e-01
1.606425702811245060e+01 6.780986149089427428e-01 1.000000000000000056e-01
1.646586345381525973e+01 6.651107260667794563e-01 1.000000000000000056e-01
1.686746987951807242e+01 6.660369043304115166e-01 1.000000000000000056e-01
1.726907630522088510e+01 4.009836433699150438e-01 1.000000000000000056e-01
1.767068273092369424e+01 3.771886661883514513e-01 1.000000000000000056e-01
1.807228915662650692e+01 -1.411310139161238986e-01 1.000000000000000056e-01
1.847389558232931606e+01 -7.505913252003096892e-01 1.000000000000000056e-01
1.887550200803212874e+01 -6.299116878160502253e-01 1.000000000000000056e-01
1.927710843373493788e+01 -2.145343969699892162e-01 1.000000000000000056e-01
1.967871485943775056e+01 2.831740689812084488e-01 1.000000000000000056e-01
2.008032128514056325e+01 1.101843917935580452e-01 1.000000000000000056e-01
2.048192771084337238e+01 -1.280962264745624524e-01 1.000000000000000056e-01
2.088353413654618507e+01 -1.271463438973756965e-01 1.000000000000000056e-01
2.128514056224899420e+01 2.635016363266540762e-01 1.000000000000000056e-01
2.168674698795180689e+01 4.667600330542096554e-01 1.000000000000000056e-01
2.208835341365461957e+01 4.546348942437948293e-01 1.000000000000000056e-01
2.248995983935742871e+01 7.830353020770144390e-01 1.000000000000000056e-01
2.289156626506024139e+01 3.575043615951539744e-01 1.000000000000000056e-01
2.329317269076305053e+01 -2.016995427592345735e-01 1.000000000000000056e-01
2.369477911646586321e+01 -7.969654276817597083e-01 1.000000000000000056e-01
2.409638554216867590e+01 -7.023519756041984863e-01 1.000000000000000056e-01
2.449799196787148503e+01 -3.027807164506137738e-01 1.000000000000000056e-01
2.489959839357429772e+01 3.055207020372724958e-01 1.000000000000000056e-01
2.530120481927710685e+01 1.051037335846263021e+00 1.000000000000000056e-01
2.570281124497991954e+01 1.422074581734919629e+00 1.000000000000000056e-01
2.610441767068273222e+01 1.518781349955719895e+00 1.000000000000000056e-01
2.650602409638554136e+01 8.660827746923103199e-01 1.000000000000000056e-01
2.690763052208835404e+01 -4.412151767768330846e-01 1.000000000000000056e-01
2.730923694779116317e+01 -1.174415414434828442e+00 1.000000000000000056e-01
2.771084337349397586e+01 -3.257203529316009538e-01 1.000000000000000056e-01
2.811244979919678855e+01 7.209843540237875770e-01 1.000000000000000056e-01
2.851405622489959768e+01 1.054850099446574818e+00 1.000000000000000056e-01
2.891566265060241037e+01 6.677982387697949385e-01 1.000000000000000056e-01
2.931726907630521950e+01 -1.957937174268419567e-01 1.000000000000000056e-01
2.971887550200803219e+01 -1.000307990563450655e+00 1.000000000000000056e-01
3.012048192771084487e+01 -1.568598207074352935e+00 1.000000000000000056e-01
3.052208835341365400e+01 -1.164530276299421407e+00 1.000000000000000056e-01
3.092369477911646669e+01 -2.035448930408037538e-01 1.000000000000000056e-01
3.132530120481927582e+01 4.432609252998349070e-01 1.000000000000000056e-01
3.172690763052208851e+01 7.948275780360336551e-01 1.000000000000000056e-01
3.212851405622490120e+01 9.783585495514737218e-01 1.000000000000000056e-01
3.253012048192771033e+01 7.389061067779687519e-01 1.000000000000000056e-01
3.293172690763051946e+01 3.108319643978578739e-01 1.000000000000000056e-01
3.333333333333333570e+01 -6.700421091679545360e-02 1.000000000000000056e-01
3.373493975903614484e+01 2.014329728283436594e-01 1.000000000000000056e-01
3.413654618473895397e+01 7.699540183475486188e-01 1.000000000000000056e-01
3.453815261044177021e+01 1.270744253097763066e+00 1.000000000000000056e-01
3.493975903614457934e+01 1.511022075165786571e+00 1.000000000000000056e-01
3.534136546184738847e+01 1.309173138801129621e+00 1.000000000000000056e-01
3.574297188755019761e+01 1.452560822508586202e+00 1.000000000000000056e-01
3.614457831325301385e+01 1.643606467465962728e+00 1.000000000000000056e-01
3.654618473895582298e+01 1.727777756516440277e+00 1.000000000000000056e-01
3.694779116465863211e+01 1.369692648314095651e+00 1.000000000000000056e-01
3.734939759036144835e+01 9.149541227368217511e-01 1.000000000000000056e-01
3.775100401606425748e+01 1.165444783813993773e-02 1.000000000000000056e-01
3.815261044176706662e+01 -1.196601924520118709e+00 1.000000000000000056e-01
3.855421686746987575e+01 -2.295427385622413663e+00 1.000000000000000056e-01
3.895582329317269199e+01 -1.908185698403537245e+00 1.000000000000000056e-01
3.935742971887550112e+01 -4.645264511664097817e-01 1.000000000000000056e-01
3.975903614457831026e+01 8.494104173458555396e-01 1.000000000000000056e-01
4.016064257028112650e+01 1.272958165689814791e+00 1.000000000000000056e-01
4.056224899598393563e+01 2.042194713693327723e-01 1.000000000000000056e-01
4.096385542168674476e+01 -9.691545681343667340e-01 1.000000000000000056e-01
4.136546184738956100e+01 -1.250068527478830571e+00 1.000000000000000056e-01
4.176706827309237013e+01 -5.343720753013084801e-01 1.000000000000000056e-01
4.216867469879517927e+01 -3.779079751847563839e-01 1.000000000000000056e-01
4.257028112449798840e+01 -1.551963393123769741e-01 1.000000000000000056e-01
4.297188755020080464e+01 1.298259632766144978e-01 1.000000000000000056e-01
4.337349397590361377e+01 2.903579928701977356e-02 1.000000000000000056e-01
4.377510040160642291e+01 3.167462576014482001e-03 1.000000000000000056e-01
4.417670682730923915e+01 4.073927203664325924e-01 1.000000000000000056e-01
4.457831325301204828e+01 8.819873363529083798e-01 1.000000000000000056e-01
4.497991967871485741e+01 8.106472362570648071e-01 1.000000000000000056e-01
4.538152610441767365e+01 4.985169007684925324e-01 1.000000000000000056e-01
4.578313253012048278e+01 4.506912434802128331e-01 1.000000000000000056e-01
4.618473895582329192e+01 5.419277585114223861e-01 1.000000000000000056e-01
4.658634538152610105e+01 8.072421669909003450e-01 1.000000000000000056e-01
4.698795180722891729e+01 1.805274459386504660e+00 1.000000000000000056e-01
4.738955823293172642e+01 2.075816425350912375e+00 1.000000000000000056e-01
4.779116465863453556e+01 8.405130952201235184e-01 1.000000000000000056e-01
4.819277108433735179e+01 -5.706491365048329545e-01 1.000000000000000056e-01
4.859437751004016093e+01 -2.147438628599548149e+00 1.000000000000000056e-01
4.899598393574297006e+01 -2.358230574421670944e+00 1.000000000000000056e-01
4.939759036144578630e+01 -2.114488182268545735e+00 1.000000000000000056e-01
4.979919678714859543e+01 -1.513864863516373394e+00 1.000000000000000056e-01
5.020080321285140457e+01 -8.384067411693081340e-01 1.000000000000000056e-01
5.060240963855421370e+01 1.146338058339844840e-01 1.000000000000000056e-01
5.100401606425702994e+01 8.037587187036883130e-01 1.000000000000000056e-01
5.140562248995983907e+01 1.060147472752530184e+00 1.000000000000000056e-01
5.180722891566264821e+01 6.999336302786075548e-01 1.000000000000000056e-01
5.220883534136546444e+01 -9.405256814636027418e-02 1.000000000000000056e-01
5.261044176706827358e+01 -9.694148512382799732e-01 1.000000000000000056e-01
5.301204819277108271e+01 -1.042291021339934121e+00 1.000000000000000056e-01
5.341365461847389184e+01 -4.168673587574844852e-01 1.000000000000000056e-01
5.381526104417670808e+01 1.360686798453845658e-01 1.000000000000000056e-01
5.421686746987951722e+01 3.385141889736910104e-01 1.000000000000000056e-01
5.461847389558232635e+01 2.779190973136280163e-01 1.000000000000000056e-01
5.502008032128514259e+01 -5.133076715531809109e-01 1.000000000000000056e-01
5.542168674698795172e+01 -1.230019203813357720e+00 1.000000000000000056e-01
5.582329317269076085e+01 -8.612208289182580190e-01 1.000000000000000056e-01
5.622489959839357709e+01 -1.151036608081436735e-01 1.000000000000000056e-01
5.662650602409638623e+01 -1.967688681784477145e-01 1.000000000000000056e-01
5.702811244979919536e+01 -6.459012393122505191e-01 1.000000000000000056e-01
5.742971887550200449e+01 -2.779554372645648419e-01 1.000000000000000056e-01
5.783132530120482073e+01 1.428261422371900791e+00 1.000000000000000056e-01
5.823293172690762987e+01 2.587314489918418836e+00 1.000000000000000056e-01
5.863453815261043900e+01 2.705823716182052863e+00 1.000000000000000056e-01
5.903614457831325524e+01 1.467508774780617031e+00 1.000000000000000056e-01
5.943775100401606437e+01 -5.582029219981940460e-02 1.000000000000000056e-01
5.983935742971887350e+01 -6.087165449228707503e-01 1.000000000000000056e-01
6.024096385542168974e+01 -9.317411575524519041e-01 1.000000000000000056e-01
6.064257028112449888e+01 -1.636760666476193782e+00 1.000000000000000056e-01
6.104417670682730801e+01 -1.057024824929741369e+00 1.000000000000000056e-01
6.144578313253011714e+01 -8.070601738575220452e-01 1.000000000000000056e-01
6.184738955823293338e+01 -1.559376744302392870e-01 1.000000000000000056e-01
6.224899598393574252e+01 -8.244877891275113890e-02 1.000000000000000056e-01
6.265060240963855165e+01 -1.109958264346714296e-01 1.000000000000000056e-01
6.305220883534136789e+01 6.173592799588165647e-01 1.000000000000000056e-01
6.345381526104417702e+01 8.870276410627588870e-01 1.000000000000000056e-01
6.385542168674698615e+01 6.259731592539529155e-01 1.000000000000000056e-01
6.425702811244980239e+01 3.047807629202324842e-01 1.000000000000000056e-01
6.465863453815261153e+01 -1.390839219254048631e-01 1.000000000000000056e-01
6.506024096385542066e+01 1.275911837403264082e-01 1.000000000000000056e-01
6.546184738955822979e+01 1.067457430991012313e+00 1.000000000000000056e-01
6.586345381526103893e+01 1.409506133671447170e+00 1.000000000000000056e-01
6.626506024096384806e+01 7.676083130932802590e-01 1.000000000000000056e-01
6.666666666666667140e+01 -1.512581820954337630e-01 1.000000000000000056e-01
6.706827309236948054e+01 -2.457023348636845628e-01 1.000000000000000056e-01
6.746987951807228967e+01 1.008536593885936139e-01 1.000000000000000056e-01
6.787148594377509880e+01 4.717420375252560638e-01 1.000000000000000056e-01
6.827309236947790794e+01 3.739184541529352868e-01 1.000000000000000056e-01
6.867469879518071707e+01 4.866535538106665504e-01 1.000000000000000056e-01
6.907630522088354041e+01 1.081546168468752400e+00 1.000000000000000056e-01
6.947791164658634955e+01 1.237553216488750829e+00 1.000000000000000056e-01
6.987951807228915868e+01 9.877881358649956978e-01 1.000000000000000056e-01
7.028112449799196781e+01 9.782022824778180414e-02 1.000000000000000056e-01
7.068273092369477695e+01 -8.392573246376719975e-01 1.000000000000000056e-01
7.108433734939758608e+01 -6.563580740266998781e-01 1.000000000000000056e-01
7.148594377510039521e+01 -2.270104150271758936e-01 1.000000000000000056e-01
7.188755020080321856e+01 6.122912071544223123e-01 1.000000000000000056e-01
7.228915662650602769e+01 1.114953993603401639e+00 1.000000000000000056e-01
7.269076305220883683e+01 9.049963332812468453e-01 1.000000000000000056e-01
7.309236947791164596e+01 5.532615118822473699e-01 1.000000000000000056e-01
7.349397590361445509e+01 6.746356204182371030e-01 1.000000000000000056e-01
7.389558232931726423e+01 8.804608862471542396e-01 1.000000000000000056e-01
7.429718875502007336e+01 7.237699704176242532e-01 1.000000000000000056e-01
7.469879518072289670e+01 1.957018067001698447e-01 1.000000000000000056e-01
7.510040160642570584e+01 -6.289156956856546410e-01 1.000000000000000056e-01
7.550200803212851497e+01 -1.656985108165454967e+00 1.000000000000000056e-01
7.590361445783132410e+01 -1.793765186086819785e+00 1.000000000000000056e-01
7.630522088353413324e+01 -1.308010997887787852e+00 1.000000000000000056e-01
7.670682730923694237e+01 -1.155251394088532946e+00 1.000000000000000056e-01
7.710843373493975150e+01 -5.895015481711000094e-01 1.000000000000000056e-01
7.751004016064257485e+01 -5.847948867371166592e-01 1.000000000000000056e-01
7.791164658634538398e+01 -4.669670780910540886e-01 1.000000000000000056e-01
7.831325301204819311e+01 -5.852839325936706194e-01 1.000000000000000056e-01
7.871485943775100225e+01 -6.662912043141084872e-01 1.000000000000000056e-01
7.911646586345381138e+01 -5.705383645685576655e-01 1.000000000000000056e-01
7.951807228915662051e+01 -6.456476016118612993e-01 1.000000000000000056e-01
7.991967871485944386e+01 -1.183761269960329043e+00 1.000000000000000056e-01
8.032128514056225299e+01 -1.369620743897451254e+00 1.000000000000000056e-01
8.072289156626506212e+01 -1.491368564021246623e+00 1.000000000000000056e-01
8.112449799196787126e+01 -1.316067430354228129e+00 1.000000000000000056e-01
8.152610441767068039e+01 -1.343109751092580684e+00 1.000000000000000056e-01
8.192771084337348952e+01 -6.155116405632687915e-01 1.000000000000000056e-01
8.232931726907629866e+01 5.673997024233555786e-01 1.000000000000000056e-01
8.273092369477912200e+01 1.115748396198310344e+00 1.000000000000000056e-01
8.313253012048193114e+01 8.667655298597118918e-01 1.000000000000000056e-01
8.353413654618474027e+01 8.195775643001041999e-01 1.000000000000000056e-01
8.393574297188754940e+01 3.963436311621092445e-01 1.000000000000000056e-01
8.433734939759035854e+01 1.394743725878635487e-01 1.000000000000000056e-01
8.473895582329316767e+01 -3.715031895234590653e-01 1.000000000000000056e-01
8.514056224899597680e+01 -1.463179743697262225e+00 1.000000000000000056e-01
8.554216867469880015e+01 -2.631412048255727498e+00 1.000000000000000056e-01
8.594377510040160928e+01 -2.865036438780742323e+00 1.000000000000000056e-01
8.634538152610441841e+01 -1.659333560244314665e+00 1.000000000000000056e-01
8.674698795180722755e+01 -7.206813911177563092e-01 1.000000000000000056e-01
8.714859437751003668e+01 -4.943590795225166062e-02 1.000000000000000056e-01
8.755020080321284581e+01 -9.910010110394182337e-02 1.000000000000000056e-01
8.795180722891566916e+01 -2.446208671864069095e-01 1.000000000000000056e-01
8.835341365461847829e+01 -3.603567724615004408e-01 1.000000000000000056e-01
8.875502008032128742e+01 -3.389477214502287783e-01 1.000000000000000056e-01
8.915662650602409656e+01 1.037374627662280557e-01 1.000000000000000056e-01
8.955823293172690569e+01 8.270414156846597198e-01 1.000000000000000056e-01
8.995983935742971482e+01 9.746041666304420259e-01 1.000000000000000056e-01
9.036144578313252396e+01 6.485776334969785006e-01 1.000000000000000056e-01
9.076305220883534730e+01 6.560397822136317114e-02 1.000000000000000056e-01
9.116465863453815643e+01 1.066509510889178391e-01 1.000000000000000056e-01
9.156626506024096557e+01 2.757341847242057997e-01 1.000000000000000056e-01
9.196787148594377470e+01 1.760133882323554888e-01 1.000000000000000056e-01
9.236947791164658383e+01 1.913456784912085373e-01 1.000000000000000056e-01
9.277108433734939297e+01 1.569200015871150822e-01 1.000000000000000056e-01
9.317269076305220210e+01 6.789437657426466988e-02 1.000000000000000056e-01
9.357429718875502545e+01 4.137744816055751590e-02 1.000000000000000056e-01
9.397590361445783458e+01 -1.334276717887081243e-01 1.000000000000000056e-01
9.437751004016064371e+01 1.316805780885093868e-01 1.000000000000000056e-01
9.477911646586345285e+01 4.451822204491167612e-01 1.000000000000000056e-01
9.518072289156626198e+01 5.933231887591179365e-01 1.000000000000000056e-01
9.558232931726907111e+01 6.177052027120926159e-01 1.000000000000000056e-01
9.598393574297188025e+01 1.211603190752325032e-01 1.000000000000000056e-01
9.638554216867470359e+01 -4.602389982420939663e-01 1.000000000000000056e-01
9.678714859437751272e+01 -1.123662327361594881e+00 1.000000000000000056e-01
9.718875502008032186e+01 -1.824421908376423707e+00 1.000000000000000056e-01
9.759036144578313099e+01 -1.881373092468215047e+00 1.000000000000000056e-01
9.799196787148594012e+01 -1.360141925832736076e+00 1.000000000000000056e-01
9.839357429718874926e+01 -8.155383710319229484e-01 1.000000000000000056e-01
9.879518072289157260e+01 -9.296188475435152032e-02 1.000000000000000056e-01
9.919678714859438173e+01 -6.942151817113527690e-01 1.000000000000000056e-01
9.959839357429719087e+01 -1.245365881141870634e+00 1.000000000000000056e-01
1.000000000000000000e+02 -1.091735262300326470e+00 1.000000000000000056e-01
