0.000000000000000000e+00 -2.219582317787929693e+00 1.000000000000000056e-01
4.016064257028112428e-01 -2.012720112233125747e+00 1.000000000000000056e-01
8.032128514056224855e-01 -2.381426237240815258e+00 1.000000000000000056e-01
1.204819277108433617e+00 -2.675550016937464637e+00 1.000000000000000056e-01
1.606425702811244971e+00 -2.821638631954766385e+00 1.000000000000000056e-01
2.008032128514056325e+00 -2.398908395010203698e+00 1.000000000000000056e-01
2.409638554216867234e+00 -2.003164275090297153e+00 1.000000000000000056e-01
2.811244979919678588e+00 -1.954007496257008425e+00 1.000000000000000056e-01
3.212851405622489942e+00 -1.796166703909878981e+00 1.000000000000000056e-01
3.614457831325301296e+00 -1.880788058524838435e+00 1.000000000000000056e-01
4.016064257028112650e+00 -2.134894850382234033e+00 1.000000000000000056e-01
4.417670682730923559e+00 -2.330784622633718328e+00 1.000000000000000056e-01
4.819277108433734469e+00 -2.524496588623252435e+00 1.000000000000000056e-01
5.220883534136546267e+00 -2.461874535277131848e+00 1.000000000000000056e-01
5.622489959839357176e+00 -2.600530638038294651e+00 1.000000000000000056e-01
6.024096385542168974e+00 -2.345762675189085211e+00 1.000000000000000056e-01
6.425702811244979884e+00 -1.951363048115708043e+00 1.000000000000000056e-01
6.827309236947790794e+00 -1.826256680326391990e+00 1.000000000000000056e-01
7.228915662650602592e+00 -1.688189025274941635e+00 1.000000000000000056e-01
7.630522088353413501e+00 -2.002898886074418794e+00 1.000000000000000056e-01
8.032128514056225299e+00 -2.089714937140533912e+00 1.000000000000000056e-01
8.433734939759036209e+00 -2.007266598217768205e+00 1.000000000000000056e-01
8.835341365461847118e+00 -1.856243549443959751e+00 1.000000000000000056e-01
9.236947791164658028e+00 -1.299068573286057848e+00 1.000000000000000056e-01
9.638554216867468938e+00 -9.598945918253931620e-01 1.000000000000000056e-01
1.004016064257028162e+01 -7.843733437413573650e-01 1.000000000000000056e-01
1.044176706827309253e+01 -1.336897490796437715e+00 1.000000000000000056e-01
1.084337349397590344e+01 -1.381905871343773962e+00 1.000000000000000056e-01
1.124497991967871435e+01 -1.979415816430245778e+00 1.000000000000000056e-01
1.164658634538152526e+01 -2.615562110965721221e+00 1.000000000000000056e-01
1.204819277108433795e+01 -3.184690083613381795e+00 1.000000000000000056e-01
1.244979919678714886e+01 -3.374088345048115833e+00 1.000000000000000056e-01
1.285140562248995977e+01 -3.828608851218470832e+00 1.000000000000000056e-01
1.325301204819277068e+01 -3.820153579892485052e+00 1.000000000000000056e-01
1.365461847389558159e+01 -3.472810530660671802e+00 1.000000000000000056e-01
1.405622489959839427e+01 -3.766530638370680695e+00 1.000000000000000056e-01
1.445783132530120518e+01 -3.550073658527083786e+00 1.000000000000000056e-01
1.485943775100401609e+01 -3.079316447732659334e+00 1.000000000000000056e-01
1.526104417670682700e+01 -2.879352751235457308e+00 1.000000000000000056e-01
1.566265060240963791e+01 -2.505136184673338207e+00 1.000000000000000056e-01
1.606425702811245060e+01 -1.950266859781658590e+00 1.000000000000000056e-01
1.646586345381525973e+01 -1.398358996853539926e+00 1.000000000000000056e-01
1.686746987951807242e+01 -8.548718606649752250e-01 1.000000000000000056e-01
1.726907630522088510e+01 -8.761432344345457812e-01 1.000000000000000056e-01
1.767068273092369424e+01 -7.946541672773321796e-01 1.000000000000000056e-01
1.807228915662650692e+01 -6.177396774581710437e-01 1.000000000000000056e-01
1.847389558232931606e+01 -4.579189136092923773e-01 1.000000000000000056e-01
1.887550200803212874e+01 -1.045941741324253882e-01 1.000000000000000056e-01
1.927710843373493788e+01 2.512407657716684284e-01 1.000000000000000056e-01
1.967871485943775056e+01 4.527999810247717027e-01 1.000000000000000056e-01
2.008032128514056325e+01 8.667813363640342050e-01 1.000000000000000056e-01
2.048192771084337238e+01 4.767389765103601795e-01 1.000000000000000056e-01
2.088353413654618507e+01 -2.565613874368173342e-01 1.000000000000000056e-01
2.128514056224899420e+01 -8.885413806504021128e-01 1.000000000000000056e-01
2.168674698795180689e+01 -1.689920996092335814e+00 1.000000000000000056e-01
2.208835341365461957e+01 -2.610824047875691445e+00 1.000000000000000056e-01
2.248995983935742871e+01 -2.987606277154629453e+00 1.000000000000000056e-01
2.289156626506024139e+01 -2.977319890736437991e+00 1.000000000000000056e-01
2.329317269076305053e+01 -2.702252940708314011e+00 1.000000000000000056e-01
2.369477911646586321e+01 -1.931983406447375318e+00 1.000000000000000056e-01
2.409638554216867590e+01 -1.389452417094409142e+00 1.000000000000000056e-01
2.449799196787148503e+01 -4.716089908240964634e-01 1.000000000000000056e-01
2.489959839357429772e+01 -8.474731938618063065e-02 1.000000000000000056e-01
2.530120481927710685e+01 4.674342079639261516e-01 1.000000000000000056e-01
2.570281124497991954e+01 9.370796125148791456e-01 1.000000000000000056e-01
2.610441767068273222e+01 1.261586669993148835e+00 1.000000000000000056e-01
2.650602409638554136e+01 1.185669884437847932e+00 1.000000000000000056e-01
2.690763052208835404e+01 9.119297633240499579e-01 1.000000000000000056e-01
2.730923694779116317e+01 3.100773161356246699e-01 1.000000000000000056e-01
2.771084337349397586e+01 -2.742034675561099699e-01 1.000000000000000056e-01
2.811244979919678855e+01 -6.458156697020689396e-01 1.000000000000000056e-01
2.851405622489959768e+01 -1.059060310502305979e+00 1.000000000000000056e-01
2.891566265060241037e+01 -8.463504056025920042e-01 1.000000000000000056e-01
2.931726907630521950e+01 -5.344854720729674824e-01 1.000000000000000056e-01
2.971887550200803219e+01 1.977136836929436342e-02 1.000000000000000056e-01
3.012048192771084487e+01 1.826164360869693970e-01 1.000000000000000056e-01
3.052208835341365400e+01 -4.932558160816634396e-02 1.000000000000000056e-01
3.092369477911646669e+01 -3.003501094184960474e-01 1.000000000000000056e-01
3.132530120481927582e+01 -8.577057448772881232e-01 1.000000000000000056e-01
3.172690763052208851e+01 -1.632380044616384529e+00 1.000000000000000056e-01
3.212851405622490120e+01 -2.236189778237377190e+00 1.000000000000000056e-01
3.253012048192771033e+01 -2.618102400548156794e+00 1.000000000000000056e-01
3.293172690763051946e+01 -2.891400976822238178e+00 1.000000000000000056e-01
3.333333333333333570e+01 -2.423966572598256874e+00 1.000000000000000056e-01
3.373493975903614484e+01 -2.047088128860068412e+00 1.000000000000000056e-01
3.413654618473895397e+01 -1.477345314664852527e+00 1.000000000000000056e-01
3.453815261044177021e+01 -9.132562891901592206e-01 1.000000000000000056e-01
3.493975903614457934e+01 -5.697118093897801661e-01 1.000000000000000056e-01
3.534136546184738847e+01 -5.015543041151728776e-01 1.000000000000000056e-01
3.574297188755019761e+01 -5.974708474856824658e-01 1.000000000000000056e-01
3.614457831325301385e+01 -1.079238674184234359e+00 1.000000000000000056e-01
3.654618473895582298e+01 -1.485250662382550546e+00 1.000000000000000056e-01
3.694779116465863211e+01 -1.795587010686206186e+00 1.000000000000000056e-01
3.734939759036144835e+01 -1.999887574992597949e+00 1.000000000000000056e-01
3.775100401606425748e+01 -2.247138707581089800e+00 1.000000000000000056e-01
3.815261044176706662e+01 -2.208706598230208762e+00 1.000000000000000056e-01
3.855421686746987575e+01 -2.102539284738867309e+00 1.000000000000000056e-01
3.895582329317269199e+01 -1.481957377986169888e+00 1.000000000000000056e-01
3.935742971887550112e+01 -1.123280017629714411e+00 1.000000000000000056e-01
3.975903614457831026e+01 -7.961277484764849310e-01 1.000000000000000056e-01
4.016064257028112650e+01 -4.910757476555297485e-01 1.000000000000000056e-01
4.056224899598393563e+01 -8.133823675540747811e-01 1.000000000000000056e-01
4.096385542168674476e+01 -1.088496618909322589e+00 1.000000000000000056e-01
4.136546184738956100e+01 -9.692519698581375520e-01 1.000000000000000056e-01
4.176706827309237013e+01 -1.464849019229800930e+00 1.000000000000000056e-01
4.216867469879517927e+01 -1.674651567181879352e+00 1.000000000000000056e-01
4.257028112449798840e+01 -1.407847498818818099e+00 1.000000000000000056e-01
4.297188755020080464e+01 -1.586832923341335411e+00 1.000000000000000056e-01
4.337349397590361377e+01 -1.609546390007661643e+00 1.000000000000000056e-01
4.377510040160642291e+01 -1.398476648185473348e+00 1.000000000000000056e-01
4.417670682730923915e+01 -9.875677307211542244e-01 1.000000000000000056e-01
4.457831325301204828e+01 -1.001525303641268350e+00 1.000000000000000056e-01
4.497991967871485741e+01 -7.779884978354706382e-01 1.000000000000000056e-01
4.538152610441767365e+01 -1.084659877648740833e+00 1.000000000000000056e-01
4.578313253012048278e+01 -1.524173604525730585e+00 1.000000000000000056e-01
4.618473895582329192e+01 -1.415670735109525236e+00 1.000000000000000056e-01
4.658634538152610105e+01 -1.295291090052497207e+00 1.000000000000000056e-01
4.698795180722891729e+01 -9.146388820661974783e-01 1.000000000000000056e-01
4.738955823293172642e+01 -2.203116267002583895e-01 1.000000000000000056e-01
4.779116465863453556e+01 3.064159630800378231e-01 1.000000000000000056e-01
4.819277108433735179e+01 9.241888791285040039e-01 1.000000000000000056e-01
4.859437751004016093e+01 1.069206491322133745e+00 1.000000000000000056e-01
4.899598393574297006e+01 1.289916635262063460e+00 1.000000000000000056e-01
4.939759036144578630e+01 1.160999686372047757e+00 1.000000000000000056e-01
4.979919678714859543e+01 8.941265523004461313e-01 1.000000000000000056e-01
5.020080321285140457e+01 -5.656790757006646686e-03 1.000000000000000056e-01
5.060240963855421370e+01 -5.347138905863877412e-01 1.000000000000000056e-01
5.100401606425702994e+01 -1.035983527776074498e+00 1.000000000000000056e-01
5.140562248995983907e+01 -1.058438034086525592e+00 1.000000000000000056e-01
5.180722891566264821e+01 -1.116354739086527159e+00 1.000000000000000056e-01
5.220883534136546444e+01 -1.121636288192650488e+00 1.000000000000000056e-01
5.261044176706827358e+01 -7.766224685095919344e-01 1.000000000000000056e-01
5.301204819277108271e+01 -5.652827861548325172e-01 1.000000000000000056e-01
5.341365461847389184e+01 -3.327645186057426874e-01 1.000000000000000056e-01
5.381526104417670808e+01 -1.211949216790168399e-01 1.000000000000000056e-01
5.421686746987951722e+01 8.695034732957726553e-02 1.000000000000000056e-01
5.461847389558232635e+01 3.089507217584759879e-01 1.000000000000000056e-01
5.502008032128514259e+01 2.593102793370443138e-01 1.000000000000000056e-01
5.542168674698795172e+01 4.372312652862564430e-01 1.000000000000000056e-01
5.582329317269076085e+01 3.463124997992190202e-01 1.000000000000000056e-01
5.622489959839357709e+01 4.973023160779118101e-01 1.000000000000000056e-01
5.662650602409638623e+01 8.449208706848895245e-01 1.000000000000000056e-01
5.702811244979919536e+01 1.067266049914171733e+00 1.000000000000000056e-01
5.742971887550200449e+01 1.052774316278271671e+00 1.000000000000000056e-01
5.783132530120482073e+01 9.316964944676050520e-01 1.000000000000000056e-01
5.823293172690762987e+01 7.738175928911902313e-01 1.000000000000000056e-01
5.863453815261043900e+01 6.271225396611983527e-01 1.000000000000000056e-01
5.903614457831325524e+01 1.345927768305230088e-01 1.000000000000000056e-01
5.943775100401606437e+01 -2.023832793789163698e-01 1.000000000000000056e-01
5.983935742971887350e+01 -9.330840911545593697e-01 1.000000000000000056e-01
6.024096385542168974e+01 -1.411069644371746090e+00 1.000000000000000056e-01
6.064257028112449888e+01 -1.784124816150269854e+00 1.000000000000000056e-01
6.104417670682730801e+01 -1.955566533948526864e+00 1.000000000000000056e-01
6.144578313253011714e+01 -2.109581192605253008e+00 1.000000000000000056e-01
6.184738955823293338e+01 -2.149083537148502643e+00 1.000000000000000056e-01
6.224899598393574252e+01 -1.869156307998198319e+00 1.000000000000000056e-01
6.265060240963855165e+01 -1.412132746613104617e+00 1.000000000000000056e-01
6.305220883534136789e+01 -8.708137280558493343e-01 1.000000000000000056e-01
6.345381526104417702e+01 -2.105130309356261220e-01 1.000000000000000056e-01
6.385542168674698615e+01 3.915708944927958624e-01 1.000000000000000056e-01
6.425702811244980239e+01 8.115035084875388272e-01 1.000000000000000056e-01
6.465863453815261153e+01 9.615524375329688178e-01 1.000000000000000056e-01
6.506024096385542066e+01 7.853816049708729485e-01 1.000000000000000056e-01
6.546184738955822979e+01 7.604057033275376520e-01 1.000000000000000056e-01
6.586345381526103893e+01 3.928253334958278220e-01 1.000000000000000056e-01
6.626506024096384806e+01 2.106684148444069316e-01 1.000000000000000056e-01
6.666666666666667140e+01 -1.042692795043561049e-01 1.000000000000000056e-01
6.706827309236948054e+01 -2.725082114638753827e-01 1.000000000000000056e-01
6.746987951807228967e+01 -8.565751054797505759e-01 1.000000000000000056e-01
6.787148594377509880e+01 -1.476707005925084637e+00 1.000000000000000056e-01
6.827309236947790794e+01 -2.048055492626551288e+00 1.000000000000000056e-01
6.867469879518071707e+01 -2.442520252943106041e+00 1.000000000000000056e-01
6.907630522088354041e+01 -2.523366501968708153e+00 1.000000000000000056e-01
6.947791164658634955e+01 -2.269131585657130579e+00 1.000000000000000056e-01
6.987951807228915868e+01 -2.061798673626173528e+00 1.000000000000000056e-01
7.028112449799196781e+01 -1.590049995084746426e+00 1.000000000000000056e-01
7.068273092369477695e+01 -1.104096225087507932e+00 1.000000000000000056e-01
7.108433734939758608e+01 -1.054821849781674814e+00 1.000000000000000056e-01
7.148594377510039521e+01 -4.533328252452875073e-01 1.000000000000000056e-01
7.188755020080321856e+01 -4.707642301659846762e-01 1.000000000000000056e-01
7.228915662650602769e+01 2.257848596992551304e-01 1.000000000000000056e-01
7.269076305220883683e+01 9.845348718153649203e-01 1.000000000000000056e-01
7.309236947791164596e+01 1.596660709798854549e+00 1.000000000000000056e-01
7.349397590361445509e+01 2.038343857998294872e+00 1.000000000000000056e-01
7.389558232931726423e+01 2.163579938156578564e+00 1.000000000000000056e-01
7.429718875502007336e+01 2.229801798284736680e+00 1.000000000000000056e-01
7.469879518072289670e+01 1.707860077363385853e+00 1.000000000000000056e-01
7.510040160642570584e+01 1.262495351182667758e+00 1.000000000000000056e-01
7.550200803212851497e+01 6.731280157347705462e-01 1.000000000000000056e-01
7.590361445783132410e+01 3.078415230445047737e-02 1.000000000000000056e-01
7.630522088353413324e+01 -5.074847935205656357e-01 1.000000000000000056e-01
7.670682730923694237e+01 -8.229988279137344653e-01 1.000000000000000056e-01
7.710843373493975150e+01 -1.291318972894776929e+00 1.000000000000000056e-01
7.751004016064257485e+01 -1.934828147179293856e+00 1.000000000000000056e-01
7.791164658634538398e+01 -2.389278764941674904e+00 1.000000000000000056e-01
7.831325301204819311e+01 -2.344161562183878278e+00 1.000000000000000056e-01
7.871485943775100225e+01 -2.317088904767784729e+00 1.000000000000000056e-01
7.911646586345381138e+01 -1.958150704619264992e+00 1.000000000000000056e-01
7.951807228915662051e+01 -1.473818452885997887e+00 1.000000000000000056e-01
7.991967871485944386e+01 -1.106407042542299157e+00 1.000000000000000056e-01
8.032128514056225299e+01 -6.193960586704152504e-01 1.000000000000000056e-01
8.072289156626506212e+01 -7.704819691020342587e-02 1.000000000000000056e-01
8.112449799196787126e+01 6.896032359344037577e-01 1.000000000000000056e-01
8.152610441767068039e+01 1.595810079362387945e+00 1.000000000000000056e-01
8.192771084337348952e+01 2.451366694368341204e+00 1.000000000000000056e-01
8.232931726907629866e+01 3.024337484879497495e+00 1.000000000000000056e-01
8.273092369477912200e+01 3.603501465093333689e+00 1.000000000000000056e-01
8.313253012048193114e+01 3.806913743072910528e+00 1.000000000000000056e-01
8.353413654618474027e+01 3.565384275930071567e+00 1.000000000000000056e-01
8.393574297188754940e+01 3.561395137884585615e+00 1.000000000000000056e-01
8.433734939759035854e+01 3.173218558954568724e+00 1.000000000000000056e-01
8.473895582329316767e+01 2.403437138307329413e+00 1.000000000000000056e-01
8.514056224899597680e+01 1.552887196528691671e+00 1.000000000000000056e-01
8.554216867469880015e+01 6.883601542611902380e-01 1.000000000000000056e-01
8.594377510040160928e+01 7.326820834070163491e-02 1.000000000000000056e-01
8.634538152610441841e+01 -2.013611235018821222e-01 1.000000000000000056e-01
8.674698795180722755e+01 -8.039038639144918674e-01 1.000000000000000056e-01
8.714859437751003668e+01 -1.348809049252335912e+00 1.000000000000000056e-01
8.755020080321284581e+01 -1.800584462940694186e+00 1.000000000000000056e-01
8.795180722891566916e+01 -2.225300781189607946e+00 1.000000000000000056e-01
8.835341365461847829e+01 -2.411161649185505684e+00 1.000000000000000056e-01
8.875502008032128742e+01 -2.190899351191363476e+00 1.000000000000000056e-01
8.915662650602409656e+01 -2.031527695995199778e+00 1.000000000000000056e-01
8.955823293172690569e+01 -1.476880946500989999e+00 1.000000000000000056e-01
8.995983935742971482e+01 -1.186424522019852601e+00 1.000000000000000056e-01
9.036144578313252396e+01 -8.472090956640090376e-01 1.000000000000000056e-01
9.076305220883534730e+01 -1.887861323362056420e-01 1.000000000000000056e-01
9.116465863453815643e+01 8.188342040204757977e-01 1.000000000000000056e-01
9.156626506024096557e+01 1.466160218133067517e+00 1.000000000000000056e-01
9.196787148594377470e+01 2.033648376738782737e+00 1.000000000000000056e-01
9.236947791164658383e+01 2.877161644405046292e+00 1.000000000000000056e-01
9.277108433734939297e+01 3.063398405408221947e+00 1.000000000000000056e-01
9.317269076305220210e+01 3.021034055961540066e+00 1.000000000000000056e-01
9.357429718875502545e+01 3.309659424547459761e+00 1.000000000000000056e-01
9.397590361445783458e+01 2.981509571265519298e+00 1.000000000000000056e-01
9.437751004016064371e+01 2.653611218591145793e+00 1.000000000000000056e-01
9.477911646586345285e+01 2.112764801332863041e+00 1.000000000000000056e-01
9.518072289156626198e+01 1.813646993952408693e+00 1.000000000000000056e-01
9.558232931726907111e+01 1.191965200733552388e+00 1.000000000000000056e-01
9.598393574297188025e+01 8.028486278210107407e-01 1.000000000000000056e-01
9.638554216867470359e+01 4.303466379380560536e-01 1.000000000000000056e-01
9.678714859437751272e+01 1.140541951707743640e-01 1.000000000000000056e-01
9.718875502008032186e+01 -5.486121105278938259e-01 1.000000000000000056e-01
9.759036144578313099e+01 -7.386519346525320939e-01 1.000000000000000056e-01
9.799196787148594012e+01 -1.165407156849267434e+00 1.000000000000000056e-01
9.839357429718874926e+01 -1.344408293024132339e+00 1.000000000000000056e-01
9.879518072289157260e+01 -1.350024382892988761e+00 1.000000000000000056e-01
9.919678714859438173e+01 -1.018186678945270263e+00 1.000000000000000056e-01
9.959839357429719087e+01 -5.801312881351898820e-01 1.000000000000000056e-01
1.000000000000000000e+02 6.683348180713945264e-02 1.000000000000000056e-01
