0.000000000000000000e+00 3.680361185956027015e-01 1.000000000000000056e-01
4.016064257028112428e-01 -3.605051398387625894e-01 1.000000000000000056e-01
8.032128514056224855e-01 -6.772583265669237518e-01 1.000000000000000056e-01
1.204819277108433617e+00 -8.380637359407767661e-01 1.000000000000000056e-01
1.606425702811244971e+00 -1.349998026630132131e+00 1.000000000000000056e-01
2.008032128514056325e+00 -1.208417366626230116e+00 1.000000000000000056e-01
2.409638554216867234e+00 -1.161181157519191487e+00 1.000000000000000056e-01
2.811244979919678588e+00 -1.113708303439339575e+00 1.000000000000000056e-01
3.212851405622489942e+00 -3.688931359195057880e-01 1.000000000000000056e-01
3.614457831325301296e+00 9.112373642079242275e-01 1.000000000000000056e-01
4.016064257028112650e+00 1.877058367077835577e+00 1.000000000000000056e-01
4.417670682730923559e+00 2.228526391981207500e+00 1.000000000000000056e-01
4.819277108433734469e+00 1.992392093419064647e+00 1.000000000000000056e-01
5.220883534136546267e+00 1.668784687812235212e+00 1.000000000000000056e-01
5.622489959839357176e+00 1.820727356140640074e+00 1.000000000000000056e-01
6.024096385542168974e+00 1.884287019336266411e+00 1.000000000000000056e-01
6.425702811244979884e+00 1.645840690499686065e+00 1.000000000000000056e-01
6.827309236947790794e+00 4.392557694528654300e-01 1.000000000000000056e-01
7.228915662650602592e+00 -9.990378374505289871e-01 1.000000000000000056e-01
7.630522088353413501e+00 -2.107199032030665720e+00 1.000000000000000056e-01
8.032128514056225299e+00 -2.068542615277837449e+00 1.000000000000000056e-01
8.433734939759036209e+00 -1.408695489853412086e+00 1.000000000000000056e-01
8.835341365461847118e+00 -7.426981357678024143e-01 1.000000000000000056e-01
9.236947791164658028e+00 -1.869765513445453275e-01 1.000000000000000056e-01
9.638554216867468938e+00 2.954306913938335999e-01 1.000000000000000056e-01
1.004016064257028162e+01 2.585843311506910158e-01 1.000000000000000056e-01
1.044176706827309253e+01 3.465053836142247823e-01 1.000000000000000056e-01
1.084337349397590344e+01 -4.531657096575432420e-02 1.000000000000000056e-01
1.124497991967871435e+01 -1.143589556555776876e-01 1.000000000000000056e-01
1.164658634538152526e+01 -1.017641724985312024e-01 1.000000000000000056e-01
1.204819277108433795e+01 9.213957015999175992e-02 1.000000000000000056e-01
1.244979919678714886e+01 1.527945515681982669e-01 1.000000000000000056e-01
1.285140562248995977e+01 1.015554919108094256e-01 1.000000000000000056e-01
1.325301204819277068e+01 -8.987039131430493710e-02 1.000000000000000056e-01
1.365461847389558159e+01 -6.927819914147628211e-01 1.000000000000000056e-01
1.405622489959839427e+01 -1.463535128162623433e+00 1.000000000000000056e-01
1.445783132530120518e+01 -1.300940850408747185e+00 1.000000000000000056e-01
1.485943775100401609e+01 -1.016354661804175219e+00 1.000000000000000056e-01
1.526104417670682700e+01 -5.981224843566843585e-01 1.000000000000000056e-01
1.566265060240963791e+01 2.957240493651390190e-01 1.000000000000000056e-01
1.606425702811245060e+01 7.261335548307473742e-01 1.000000000000000056e-01
1.646586345381525973e+01 1.184022592125099749e+00 1.000000000000000056e-01
1.686746987951807242e+01 1.743919179497787075e+00 1.000000000000000056e-01
1.726907630522088510e+01 2.346021014247035907e+00 1.000000000000000056e-01
1.767068273092369424e+01 2.668664287758823139e+00 1.000000000000000056e-01
1.807228915662650692e+01 3.131931239906641018e+00 1.000000000000000056e-01
1.847389558232931606e+01 2.785133347602955389e+00 1.000000000000000056e-01
1.887550200803212874e+01 1.558712555368182207e+00 1.000000000000000056e-01
1.927710843373493788e+01 3.500522073414554236e-01 1.000000000000000056e-01
1.967871485943775056e+01 -6.034560742858020577e-01 1.000000000000000056e-01
2.008032128514056325e+01 -1.041838724651457770e+00 1.000000000000000056e-01
2.048192771084337238e+01 -9.660864947799611135e-01 1.000000000000000056e-01
2.088353413654618507e+01 -1.099285692433188188e+00 1.000000000000000056e-01
2.128514056224899420e+01 -1.063027611212943979e+00 1.000000000000000056e-01
2.168674698795180689e+01 -4.732437494778325426e-01 1.000000000000000056e-01
2.208835341365461957e+01 -3.012127371648874452e-01 1.000000000000000056e-01
2.248995983935742871e+01 3.530236901412332484e-01 1.000000000000000056e-01
2.289156626506024139e+01 4.723203002839604370e-01 1.000000000000000056e-01
2.329317269076305053e+01 4.741206829230362185e-01 1.000000000000000056e-01
2.369477911646586321e+01 3.306215196439627468e-01 1.000000000000000056e-01
2.409638554216867590e+01 -9.957406192539818013e-02 1.000000000000000056e-01
2.449799196787148503e+01 -6.709892823087711955e-01 1.000000000000000056e-01
2.489959839357429772e+01 -1.392833457218028093e+00 1.000000000000000056e-01
2.530120481927710685e+01 -1.658531406109760020e+00 1.000000000000000056e-01
2.570281124497991954e+01 -1.774603384514875648e+00 1.000000000000000056e-01
2.610441767068273222e+01 -1.756293260011674962e+00 1.000000000000000056e-01
2.650602409638554136e+01 -1.860816551971741006e+00 1.000000000000000056e-01
2.690763052208835404e+01 -1.734678605292722331e+00 1.000000000000000056e-01
2.730923694779116317e+01 -1.563279333690143380e+00 1.000000000000000056e-01
2.771084337349397586e+01 -8.172918934276239833e-01 1.000000000000000056e-01
2.811244979919678855e+01 -1.873182352089654279e-01 1.000000000000000056e-01
2.851405622489959768e+01 8.570181989183973670e-01 1.000000000000000056e-01
2.891566265060241037e+01 1.838152562060134443e+00 1.000000000000000056e-01
2.931726907630521950e+01 2.149194698105505452e+00 1.000000000000000056e-01
2.971887550200803219e+01 2.605456512681203929e+00 1.000000000000000056e-01
3.012048192771084487e+01 2.503553658737334597e+00 1.000000000000000056e-01
3.052208835341365400e+01 2.654409813606943835e+00 1.000000000000000056e-01
3.092369477911646669e+01 2.690589976381460247e+00 1.000000000000000056e-01
3.132530120481927582e+01 2.502331930921140035e+00 1.000000000000000056e-01
3.172690763052208851e+01 2.248731549008761377e+00 1.000000000000000056e-01
3.212851405622490120e+01 1.832569110183736472e+00 1.000000000000000056e-01
3.253012048192771033e+01 9.100355119048137986e-01 1.000000000000000056e-01
3.293172690763051946e+01 7.297168398072317874e-01 1.000000000000000056e-01
3.333333333333333570e+01 1.473704988164177720e+00 1.000000000000000056e-01
3.373493975903614484e+01 2.014827867755937252e+00 1.000000000000000056e-01
3.413654618473895397e+01 2.223437699025005099e+00 1.000000000000000056e-01
3.453815261044177021e+01 2.169400971236867370e+00 1.000000000000000056e-01
3.493975903614457934e+01 1.974999226702129684e+00 1.000000000000000056e-01
3.534136546184738847e+01 1.753808042385286203e+00 1.000000000000000056e-01
3.574297188755019761e+01 1.735613090511314960e+00 1.000000000000000056e-01
3.614457831325301385e+01 1.237913506806100461e+00 1.000000000000000056e-01
3.654618473895582298e+01 1.323188972894944637e+00 1.000000000000000056e-01
3.694779116465863211e+01 1.567659205848740189e+00 1.000000000000000056e-01
3.734939759036144835e+01 1.763008495563936018e+00 1.000000000000000056e-01
3.775100401606425748e+01 2.034919567581162880e+00 1.000000000000000056e-01
3.815261044176706662e+01 1.925950542126679155e+00 1.000000000000000056e-01
3.855421686746987575e+01 1.740636051739951506e+00 1.000000000000000056e-01
3.895582329317269199e+01 1.964444403217094681e+00 1.000000000000000056e-01
3.935742971887550112e+01 2.167560096081270427e+00 1.000000000000000056e-01
3.975903614457831026e+01 2.192655722982375099e+00 1.000000000000000056e-01
4.016064257028112650e+01 2.066233805435618187e+00 1.000000000000000056e-01
4.056224899598393563e+01 2.233569384972649452e+00 1.000000000000000056e-01
4.096385542168674476e+01 1.791931003989067683e+00 1.000000000000000056e-01
4.136546184738956100e+01 1.245044281590943935e+00 1.000000000000000056e-01
4.176706827309237013e+01 4.224616694437148268e-01 1.000000000000000056e-01
4.216867469879517927e+01 -2.772490337970656693e-01 1.000000000000000056e-01
4.257028112449798840e+01 -9.236249502433464542e-01 1.000000000000000056e-01
4.297188755020080464e+01 -7.624428060709279587e-01 1.000000000000000056e-01
4.337349397590361377e+01 -4.370560993522378812e-01 1.000000000000000056e-01
4.377510040160642291e+01 -8.174202472004601372e-01 1.000000000000000056e-01
4.417670682730923915e+01 -1.204151030677948597e+00 1.000000000000000056e-01
4.457831325301204828e+01 -2.160489592334554398e+00 1.000000000000000056e-01
4.497991967871485741e+01 -3.193540362761613682e+00 1.000000000000000056e-01
4.538152610441767365e+01 -3.635447022544370466e+00 1.000000000000000056e-01
4.578313253012048278e+01 -3.367944689526790825e+00 1.000000000000000056e-01
4.618473895582329192e+01 -2.257551355645285529e+00 1.000000000000000056e-01
4.658634538152610105e+01 -1.745175337531889470e+00 1.000000000000000056e-01
4.698795180722891729e+01 -1.219766014794369635e+00 1.000000000000000056e-01
4.738955823293172642e+01 -1.585550595430714749e+00 1.000000000000000056e-01
4.779116465863453556e+01 -1.572358842774504328e+00 1.000000000000000056e-01
4.819277108433735179e+01 -1.082191561804880742e+00 1.000000000000000056e-01
4.859437751004016093e+01 1.890233801312103390e-01 1.000000000000000056e-01
4.899598393574297006e+01 7.784797361812714200e-01 1.000000000000000056e-01
4.939759036144578630e+01 1.197259661867944525e+00 1.000000000000000056e-01
4.979919678714859543e+01 7.751429068076944873e-01 1.000000000000000056e-01
5.020080321285140457e+01 3.316149171517381034e-03 1.000000000000000056e-01
5.060240963855421370e+01 -6.835976436892382546e-01 1.000000000000000056e-01
5.100401606425702994e+01 -1.322724067951120075e+00 1.000000000000000056e-01
5.140562248995983907e+01 -1.406875700932713968e+00 1.000000000000000056e-01
5.180722891566264821e+01 -1.231707469644111264e+00 1.000000000000000056e-01
5.220883534136546444e+01 -9.821224323112849319e-01 1.000000000000000056e-01
5.261044176706827358e+01 -9.033895428792338977e-01 1.000000000000000056e-01
5.301204819277108271e+01 -8.115797473759628344e-01 1.000000000000000056e-01
5.341365461847389184e+01 -2.283646234344037240e-01 1.000000000000000056e-01
5.381526104417670808e+01 6.877806698485309234e-01 1.000000000000000056e-01
5.421686746987951722e+01 2.090109546541917940e+00 1.000000000000000056e-01
5.461847389558232635e+01 2.989007561915134836e+00 1.000000000000000056e-01
5.502008032128514259e+01 3.268615229707428238e+00 1.000000000000000056e-01
5.542168674698795172e+01 2.462103233447421324e+00 1.000000000000000056e-01
5.582329317269076085e+01 1.186811147715518322e+00 1.000000000000000056e-01
5.622489959839357709e+01 1.938129205629206542e-01 1.000000000000000056e-01
5.662650602409638623e+01 -4.024421391775832579e-01 1.000000000000000056e-01
5.702811244979919536e+01 -8.145916778415720483e-01 1.000000000000000056e-01
5.742971887550200449e+01 -1.063992750464595183e+00 1.000000000000000056e-01
5.783132530120482073e+01 -9.214791459228930393e-01 1.000000000000000056e-01
5.823293172690762987e+01 -4.799908611538763470e-01 1.000000000000000056e-01
5.863453815261043900e+01 -5.420300658162762186e-01 1.000000000000000056e-01
5.903614457831325524e+01 -7.446182401823512320e-01 1.000000000000000056e-01
5.943775100401606437e+01 -1.034594327815143266e+00 1.000000000000000056e-01
5.983935742971887350e+01 -1.637639606303314954e+00 1.000000000000000056e-01
6.024096385542168974e+01 -3.030809830533832017e+00 1.000000000000000056e-01
6.064257028112449888e+01 -4.282673400783602702e+00 1.000000000000000056e-01
6.104417670682730801e+01 -4.539346385155853092e+00 1.000000000000000056e-01
6.144578313253011714e+01 -4.166120181159983282e+00 1.000000000000000056e-01
6.184738955823293338e+01 -3.232333321031457984e+00 1.000000000000000056e-01
6.224899598393574252e+01 -2.334579128709845630e+00 1.000000000000000056e-01
6.265060240963855165e+01 -1.965288690655833781e+00 1.000000000000000056e-01
6.305220883534136789e+01 -1.985367427983777189e+00 1.000000000000000056e-01
6.345381526104417702e+01 -2.179545545425274344e+00 1.000000000000000056e-01
6.385542168674698615e+01 -1.973354786139831285e+00 1.000000000000000056e-01
6.425702811244980239e+01 -2.026404078191459401e+00 1.000000000000000056e-01
6.465863453815261153e+01 -1.452675594738526366e+00 1.000000000000000056e-01
6.506024096385542066e+01 -8.611115653285027483e-01 1.000000000000000056e-01
6.546184738955822979e+01 -8.239284808010021166e-01 1.000000000000000056e-01
6.586345381526103893e+01 -5.189889361976909310e-01 1.000000000000000056e-01
6.626506024096384806e+01 -9.213911635108329445e-02 1.000000000000000056e-01
6.666666666666667140e+01 -8.400926111890962000e-02 1.000000000000000056e-01
6.706827309236948054e+01 -1.478235293565862418e-01 1.000000000000000056e-01
6.746987951807228967e+01 -8.093641638308887165e-01 1.000000000000000056e-01
6.787148594377509880e+01 -1.358781301112760742e+00 1.000000000000000056e-01
6.827309236947790794e+01 -1.797250536746750615e+00 1.000000000000000056e-01
6.867469879518071707e+01 -1.917648731430047215e+00 1.000000000000000056e-01
6.907630522088354041e+01 -2.051634977223744105e+00 1.000000000000000056e-01
6.947791164658634955e+01 -2.059841636173790125e+00 1.000000000000000056e-01
6.987951807228915868e+01 -1.694974593958993081e+00 1.000000000000000056e-01
7.028112449799196781e+01 -1.655587317777942546e+00 1.000000000000000056e-01
7.068273092369477695e+01 -1.327758328864148574e+00 1.000000000000000056e-01
7.108433734939758608e+01 -1.082735700106335575e+00 1.000000000000000056e-01
7.148594377510039521e+01 -7.054391806374621376e-01 1.000000000000000056e-01
7.188755020080321856e+01 -4.343930556618980643e-01 1.000000000000000056e-01
7.228915662650602769e+01 -5.131593928575572949e-01 1.000000000000000056e-01
7.269076305220883683e+01 -4.430895783596941473e-01 1.000000000000000056e-01
7.309236947791164596e+01 -1.724564379839692851e-01 1.000000000000000056e-01
7.349397590361445509e+01 1.896466806939873795e-01 1.000000000000000056e-01
7.389558232931726423e+01 3.317730685723789819e-01 1.000000000000000056e-01
7.429718875502007336e+01 -2.326509798468713586e-02 1.000000000000000056e-01
7.469879518072289670e+01 -4.186549334239532683e-01 1.000000000000000056e-01
7.510040160642570584e+01 -7.585664707542056906e-01 1.000000000000000056e-01
7.550200803212851497e+01 -6.647994678682038749e-01 1.000000000000000056e-01
7.590361445783132410e+01 -5.150426060265262951e-01 1.000000000000000056e-01
7.630522088353413324e+01 -6.842083852380602405e-02 1.000000000000000056e-01
7.670682730923694237e+01 3.240726952271114625e-01 1.000000000000000056e-01
7.710843373493975150e+01 1.787892423416087284e-01 1.000000000000000056e-01
7.751004016064257485e+01 -4.692876289395444545e-01 1.000000000000000056e-01
7.791164658634538398e+01 -1.136129912141359277e+00 1.000000000000000056e-01
7.831325301204819311e+01 -1.738116294337451073e+00 1.000000000000000056e-01
7.871485943775100225e+01 -1.550804177480279655e+00 1.000000000000000056e-01
7.911646586345381138e+01 -5.321626852027908638e-01 1.000000000000000056e-01
7.951807228915662051e+01 7.407837029368239401e-01 1.000000000000000056e-01
7.991967871485944386e+01 1.439340054249541589e+00 1.000000000000000056e-01
8.032128514056225299e+01 1.627242446505275719e+00 1.000000000000000056e-01
8.072289156626506212e+01 6.735553898619623947e-01 1.000000000000000056e-01
8.112449799196787126e+01 -2.055460231190646692e-01 1.000000000000000056e-01
8.152610441767068039e+01 -1.362781208977138503e+00 1.000000000000000056e-01
8.192771084337348952e+01 -1.686098493154404077e+00 1.000000000000000056e-01
8.232931726907629866e+01 -1.682314830063198041e+00 1.000000000000000056e-01
8.273092369477912200e+01 -1.898360019615978000e+00 1.000000000000000056e-01
8.313253012048193114e+01 -1.942165028979179864e+00 1.000000000000000056e-01
8.353413654618474027e+01 -1.526607474104696438e+00 1.000000000000000056e-01
8.393574297188754940e+01 -1.276738198113707368e+00 1.000000000000000056e-01
8.433734939759035854e+01 -3.803051494865990478e-01 1.000000000000000056e-01
8.473895582329316767e+01 4.732102219890669259e-01 1.000000000000000056e-01
8.514056224899597680e+01 9.550793144289039249e-01 1.000000000000000056e-01
8.554216867469880015e+01 5.492147410668926089e-01 1.000000000000000056e-01
8.594377510040160928e+01 -2.886562544116139800e-02 1.000000000000000056e-01
8.634538152610441841e+01 -2.015914721324436609e-01 1.000000000000000056e-01
8.674698795180722755e+01 -7.081945245605741901e-02 1.000000000000000056e-01
8.714859437751003668e+01 7.128715810374970374e-01 1.000000000000000056e-01
8.755020080321284581e+01 1.090500300673196588e+00 1.000000000000000056e-01
8.795180722891566916e+01 1.612977927956290358e+00 1.000000000000000056e-01
8.835341365461847829e+01 2.061090340931534648e+00 1.000000000000000056e-01
8.875502008032128742e+01 2.001561162612172318e+00 1.000000000000000056e-01
8.915662650602409656e+01 2.087130155608440951e+00 1.000000000000000056e-01
8.955823293172690569e+01 2.469290595868365745e+00 1.000000000000000056e-01
8.995983935742971482e+01 2.903446834646658647e+00 1.000000000000000056e-01
9.036144578313252396e+01 3.607013779802997533e+00 1.000000000000000056e-01
9.076305220883534730e+01 3.954470406754255762e+00 1.000000000000000056e-01
9.116465863453815643e+01 3.352744329577591387e+00 1.000000000000000056e-01
9.156626506024096557e+01 1.929035916236526482e+00 1.000000000000000056e-01
9.196787148594377470e+01 5.816171654297150884e-01 1.000000000000000056e-01
9.236947791164658383e+01 -4.521853204946452709e-01 1.000000000000000056e-01
9.277108433734939297e+01 -7.114785055315209217e-01 1.000000000000000056e-01
9.317269076305220210e+01 -8.148420901392156024e-02 1.000000000000000056e-01
9.357429718875502545e+01 5.376692904049392707e-01 1.000000000000000056e-01
9.397590361445783458e+01 9.735702322674129050e-01 1.000000000000000056e-01
9.437751004016064371e+01 1.062780785801067385e+00 1.000000000000000056e-01
9.477911646586345285e+01 8.468456541371081059e-01 1.000000000000000056e-01
9.518072289156626198e+01 7.777245494214075627e-01 1.000000000000000056e-01
9.558232931726907111e+01 3.887594199597941835e-01 1.000000000000000056e-01
9.598393574297188025e+01 -9.296837963500381719e-02 1.000000000000000056e-01
9.638554216867470359e+01 -1.171116562322721544e+00 1.000000000000000056e-01
9.678714859437751272e+01 -2.413803792322880781e+00 1.000000000000000056e-01
9.718875502008032186e+01 -2.947964274736371681e+00 1.000000000000000056e-01
9.759036144578313099e+01 -3.226548308982305713e+00 1.000000000000000056e-01
9.799196787148594012e+01 -3.198833632270208227e+00 1.000000000000000056e-01
9.839357429718874926e+01 -3.079629688492565354e+00 1.000000000000000056e-01
9.879518072289157260e+01 -2.941194377503780988e+00 1.000000000000000056e-01
9.919678714859438173e+01 -2.597336461137203401e+00 1.000000000000000056e-01
9.959839357429719087e+01 -1.792773639019066945e+00 1.000000000000000056e-01
1.000000000000000000e+02 -1.335901130061169839e+00 1.000000000000000056e-01
