0.000000000000000000e+00 -5.898816588248418924e-01 1.000000000000000056e-01
4.016064257028112428e-01 -5.766125899569560787e-01 1.000000000000000056e-01
8.032128514056224855e-01 -1.074047129960897795e+00 1.000000000000000056e-01
1.204819277108433617e+00 -1.570017256631148550e+00 1.000000000000000056e-01
1.606425702811244971e+00 -1.640698216239595109e+00 1.000000000000000056e-01
2.008032128514056325e+00 -1.889543893739043634e+00 1.000000000000000056e-01
2.409638554216867234e+00 -2.042596966715383378e+00 1.000000000000000056e-01
2.811244979919678588e+00 -2.050636962641775529e+00 1.000000000000000056e-01
3.212851405622489942e+00 -1.737010945680806939e+00 1.000000000000000056e-01
3.614457831325301296e+00 -1.897585745774719612e+00 1.000000000000000056e-01
4.016064257028112650e+00 -1.351210622188661281e+00 1.000000000000000056e-01
4.417670682730923559e+00 -9.763066176739387814e-01 1.000000000000000056e-01
4.819277108433734469e+00 -5.756433211159344143e-01 1.000000000000000056e-01
5.220883534136546267e+00 -5.259690698762786720e-01 1.000000000000000056e-01
5.622489959839357176e+00 -7.165621084118203310e-01 1.000000000000000056e-01
6.024096385542168974e+00 -1.290862221243043173e+00 1.000000000000000056e-01
6.425702811244979884e+00 -1.600498304044932096e+00 1.000000000000000056e-01
6.827309236947790794e+00 -1.613961675367481030e+00 1.000000000000000056e-01
7.228915662650602592e+00 -1.630440132036579781e+00 1.000000000000000056e-01
7.630522088353413501e+00 -1.508798688299409108e+00 1.000000000000000056e-01
8.032128514056225299e+00 -1.227304595909649354e+00 1.000000000000000056e-01
8.433734939759036209e+00 -1.036451045034259666e+00 1.000000000000000056e-01
8.835341365461847118e+00 -7.077677456504377629e-01 1.000000000000000056e-01
9.236947791164658028e+00 -5.524103751584069633e-01 1.000000000000000056e-01
9.638554216867468938e+00 -6.164002480316177479e-01 1.000000000000000056e-01
1.004016064257028162e+01 -5.002020069120713952e-01 1.000000000000000056e-01
1.044176706827309253e+01 -7.134896201224902867e-01 1.000000000000000056e-01
1.084337349397590344e+01 -8.450074636029002439e-01 1.000000000000000056e-01
1.124497991967871435e+01 -8.966296313276229668e-01 1.000000000000000056e-01
1.164658634538152526e+01 -5.790218447747902397e-01 1.000000000000000056e-01
1.204819277108433795e+01 -3.609781290289767464e-01 1.000000000000000056e-01
1.244979919678714886e+01 1.933342164906014238e-01 1.000000000000000056e-01
1.285140562248995977e+01 2.655625921853344007e-01 1.000000000000000056e-01
1.325301204819277068e+01 4.173339839724792277e-01 1.000000000000000056e-01
1.365461847389558159e+01 5.460487419110657825e-01 1.000000000000000056e-01
1.405622489959839427e+01 6.542256649405473468e-01 1.000000000000000056e-01
1.445783132530120518e+01 5.895002374624291885e-01 1.000000000000000056e-01
1.485943775100401609e+01 6.874147975433332336e-01 1.000000000000000056e-01
1.526104417670682700e+01 6.474995934032190537e-01 1.000000000000000056e-01
1.566265060240963791e+01 9.083594846471756412e-01 1.000000000000000056e-01
1.606425702811245060e+01 1.077627821313617451e+00 1.000000000000000056e-01
1.646586345381525973e+01 1.166419445928571275e+00 1.000000000000000056e-01
1.686746987951807242e+01 1.403114517540382966e+00 1.000000000000000056e-01
1.726907630522088510e+01 1.392198867843886134e+00 1.000000000000000056e-01
1.767068273092369424e+01 1.649291666139919066e+00 1.000000000000000056e-01
1.807228915662650692e+01 1.731129473176338918e+00 1.000000000000000056e-01
1.847389558232931606e+01 2.016138247774569070e+00 1.000000000000000056e-01
1.887550200803212874e+01 1.970849148807121587e+00 1.000000000000000056e-01
1.927710843373493788e+01 1.872653601451818473e+00 1.000000000000000056e-01
1.967871485943775056e+01 2.086882883839559000e+00 1.000000000000000056e-01
2.008032128514056325e+01 2.374975369956115578e+00 1.000000000000000056e-01
2.048192771084337238e+01 2.502759212767806218e+00 1.000000000000000056e-01
2.088353413654618507e+01 2.693056969938355305e+00 1.000000000000000056e-01
2.128514056224899420e+01 2.588720011956924694e+00 1.000000000000000056e-01
2.168674698795180689e+01 2.604393317422073029e+00 1.000000000000000056e-01
2.208835341365461957e+01 2.305045960671421756e+00 1.000000000000000056e-01
2.248995983935742871e+01 1.763743088517770508e+00 1.000000000000000056e-01
2.289156626506024139e+01 1.537443164672875229e+00 1.000000000000000056e-01
2.329317269076305053e+01 8.516438294146989607e-01 1.000000000000000056e-01
2.369477911646586321e+01 2.531283303056082179e-01 1.000000000000000056e-01
2.409638554216867590e+01 -6.559340536229741891e-01 1.000000000000000056e-01
2.449799196787148503e+01 -6.846256515421766942e-01 1.000000000000000056e-01
2.489959839357429772e+01 -4.451452722483264512e-01 1.000000000000000056e-01
2.530120481927710685e+01 -2.210047703454777468e-02 1.000000000000000056e-01
2.570281124497991954e+01 6.192454478487219305e-01 1.000000000000000056e-01
2.610441767068273222e+01 1.297610111417527134e+00 1.000000000000000056e-01
2.650602409638554136e+01 1.481861877549352391e+00 1.000000000000000056e-01
2.690763052208835404e+01 1.580801289284268218e+00 1.000000000000000056e-01
2.730923694779116317e+01 1.686735426434252227e+00 1.000000000000000056e-01
2.771084337349397586e+01 1.983942709997733145e+00 1.000000000000000056e-01
2.811244979919678855e+01 1.922649566307818469e+00 1.000000000000000056e-01
2.851405622489959768e+01 1.916781015727909265e+00 1.000000000000000056e-01
2.891566265060241037e+01 1.990047033638462359e+00 1.000000000000000056e-01
2.931726907630521950e+01 2.137316573298701172e+00 1.000000000000000056e-01
2.971887550200803219e+01 2.441404313782547852e+00 1.000000000000000056e-01
3.012048192771084487e+01 2.630657880372193169e+00 1.000000000000000056e-01
3.052208835341365400e+01 2.983328639262074589e+00 1.000000000000000056e-01
3.092369477911646669e+01 2.542642236402921530e+00 1.000000000000000056e-01
3.132530120481927582e+01 2.297233496302522937e+00 1.000000000000000056e-01
3.172690763052208851e+01 1.451174352219576136e+00 1.000000000000000056e-01
3.212851405622490120e+01 1.331178965795222213e+00 1.000000000000000056e-01
3.253012048192771033e+01 9.747966824168354805e-01 1.000000000000000056e-01
3.293172690763051946e+01 3.803620903876357984e-01 1.000000000000000056e-01
3.333333333333333570e+01 -3.293381705936626602e-03 1.000000000000000056e-01
3.373493975903614484e+01 -9.997841486540562927e-01 1.000000000000000056e-01
3.413654618473895397e+01 -1.756661660790617141e+00 1.000000000000000056e-01
3.453815261044177021e+01 -2.298907890946902288e+00 1.000000000000000056e-01
3.493975903614457934e+01 -2.582953876625130984e+00 1.000000000000000056e-01
3.534136546184738847e+01 -2.025372180744778206e+00 1.000000000000000056e-01
3.574297188755019761e+01 -1.716938625472185231e+00 1.000000000000000056e-01
3.614457831325301385e+01 -1.748515137421334575e+00 1.000000000000000056e-01
3.654618473895582298e+01 -1.762805868247509622e+00 1.000000000000000056e-01
3.694779116465863211e+01 -1.603586788319339762e+00 1.000000000000000056e-01
3.734939759036144835e+01 -1.959757212722208930e+00 1.000000000000000056e-01
3.775100401606425748e+01 -1.960158381391956750e+00 1.000000000000000056e-01
3.815261044176706662e+01 -2.261420060400328502e+00 1.000000000000000056e-01
3.855421686746987575e+01 -2.326427077103729868e+00 1.000000000000000056e-01
3.895582329317269199e+01 -2.123541333815016419e+00 1.000000000000000056e-01
3.935742971887550112e+01 -2.020765026168876322e+00 1.000000000000000056e-01
3.975903614457831026e+01 -1.836715158024745165e+00 1.000000000000000056e-01
4.016064257028112650e+01 -1.811448019307043023e+00 1.000000000000000056e-01
4.056224899598393563e+01 -1.837954735559017561e+00 1.000000000000000056e-01
4.096385542168674476e+01 -1.565023018303658642e+00 1.000000000000000056e-01
4.136546184738956100e+01 -1.194966055369250491e+00 1.000000000000000056e-01
4.176706827309237013e+01 -6.231601216495948892e-01 1.000000000000000056e-01
4.216867469879517927e+01 -3.339824103465846572e-02 1.000000000000000056e-01
4.257028112449798840e+01 7.525694737262107470e-01 1.000000000000000056e-01
4.297188755020080464e+01 9.772689140145339737e-01 1.000000000000000056e-01
4.337349397590361377e+01 1.109388823984511330e+00 1.000000000000000056e-01
4.377510040160642291e+01 1.006372750867283283e+00 1.000000000000000056e-01
4.417670682730923915e+01 9.803399328891490017e-01 1.000000000000000056e-01
4.457831325301204828e+01 6.146919025375621182e-01 1.000000000000000056e-01
4.497991967871485741e+01 4.057919813548016563e-01 1.000000000000000056e-01
4.538152610441767365e+01 -1.897674384699606087e-02 1.000000000000000056e-01
4.578313253012048278e+01 -5.629206320025481602e-01 1.000000000000000056e-01
4.618473895582329192e+01 -1.132940303113986191e+00 1.000000000000000056e-01
4.658634538152610105e+01 -1.689709618812373026e+00 1.000000000000000056e-01
4.698795180722891729e+01 -2.111016370061573166e+00 1.000000000000000056e-01
4.738955823293172642e+01 -1.999794394589693658e+00 1.000000000000000056e-01
4.779116465863453556e+01 -1.839588804927635435e+00 1.000000000000000056e-01
4.819277108433735179e+01 -1.664030838589966921e+00 1.000000000000000056e-01
4.859437751004016093e+01 -1.579973183473521559e+00 1.000000000000000056e-01
4.899598393574297006e+01 -1.437484874322370709e+00 1.000000000000000056e-01
4.939759036144578630e+01 -1.119349613274549071e+00 1.000000000000000056e-01
4.979919678714859543e+01 -1.445299378276017288e+00 1.000000000000000056e-01
5.020080321285140457e+01 -1.295180341225347087e+00 1.000000000000000056e-01
5.060240963855421370e+01 -1.318511058672038327e+00 1.000000000000000056e-01
5.100401606425702994e+01 -1.289849769428713877e+00 1.000000000000000056e-01
5.140562248995983907e+01 -1.042300213636746520e+00 1.000000000000000056e-01
5.180722891566264821e+01 -9.077580345348141844e-01 1.000000000000000056e-01
5.220883534136546444e+01 -7.952091943175342292e-01 1.000000000000000056e-01
5.261044176706827358e+01 -6.470965828110496476e-01 1.000000000000000056e-01
5.301204819277108271e+01 -5.560253291984154078e-01 1.000000000000000056e-01
5.341365461847389184e+01 -3.469953461790412641e-01 1.000000000000000056e-01
5.381526104417670808e+01 -2.596022809919872054e-02 1.000000000000000056e-01
5.421686746987951722e+01 -1.215967720137147226e-02 1.000000000000000056e-01
5.461847389558232635e+01 -6.854645486527349840e-02 1.000000000000000056e-01
5.502008032128514259e+01 -7.573532207781304981e-01 1.000000000000000056e-01
5.542168674698795172e+01 -1.424126441075402649e+00 1.000000000000000056e-01
5.582329317269076085e+01 -1.806600128375277281e+00 1.000000000000000056e-01
5.622489959839357709e+01 -2.002528069425714374e+00 1.000000000000000056e-01
5.662650602409638623e+01 -1.630081334190545794e+00 1.000000000000000056e-01
5.702811244979919536e+01 -1.399947840512309361e+00 1.000000000000000056e-01
5.742971887550200449e+01 -9.580847877223421794e-01 1.000000000000000056e-01
5.783132530120482073e+01 -4.863686740957962606e-01 1.000000000000000056e-01
5.823293172690762987e+01 -3.393544708097214202e-01 1.000000000000000056e-01
5.863453815261043900e+01 -3.294434592330782174e-01 1.000000000000000056e-01
5.903614457831325524e+01 -4.743746994758319957e-01 1.000000000000000056e-01
5.943775100401606437e+01 -2.743638282432990794e-01 1.000000000000000056e-01
5.983935742971887350e+01 -7.047279380859194919e-01 1.000000000000000056e-01
6.024096385542168974e+01 -7.160469878874614613e-01 1.000000000000000056e-01
6.064257028112449888e+01 -8.511093237099577324e-01 1.000000000000000056e-01
6.104417670682730801e+01 -1.043006898561396500e+00 1.000000000000000056e-01
6.144578313253011714e+01 -1.133272871506762147e+00 1.000000000000000056e-01
6.184738955823293338e+01 -1.518106150914531938e+00 1.000000000000000056e-01
6.224899598393574252e+01 -1.692708085842619337e+00 1.000000000000000056e-01
6.265060240963855165e+01 -1.560815266919584721e+00 1.000000000000000056e-01
6.305220883534136789e+01 -1.521940878735089875e+00 1.000000000000000056e-01
6.345381526104417702e+01 -1.374442716025866984e+00 1.000000000000000056e-01
6.385542168674698615e+01 -8.879690564066246017e-01 1.000000000000000056e-01
6.425702811244980239e+01 -1.065877263049966883e+00 1.000000000000000056e-01
6.465863453815261153e+01 -1.303231549732846828e+00 1.000000000000000056e-01
6.506024096385542066e+01 -1.636434278642865614e+00 1.000000000000000056e-01
6.546184738955822979e+01 -1.515007718634605816e+00 1.000000000000000056e-01
6.586345381526103893e+01 -1.557727947728982709e+00 1.000000000000000056e-01
6.626506024096384806e+01 -1.236003854598749063e+00 1.000000000000000056e-01
6.666666666666667140e+01 -1.115624602303782353e+00 1.000000000000000056e-01
6.706827309236948054e+01 -8.233529297121764401e-01 1.000000000000000056e-01
6.746987951807228967e+01 -6.957194598347476999e-01 1.000000000000000056e-01
6.787148594377509880e+01 -3.747820291895621603e-01 1.000000000000000056e-01
6.827309236947790794e+01 -2.131617166329134450e-01 1.000000000000000056e-01
6.867469879518071707e+01 3.677441436118486506e-02 1.000000000000000056e-01
6.907630522088354041e+01 5.357902342414084806e-01 1.000000000000000056e-01
6.947791164658634955e+01 4.482847522248274430e-01 1.000000000000000056e-01
6.987951807228915868e+01 6.027725873391255318e-01 1.000000000000000056e-01
7.028112449799196781e+01 2.180772053435851010e-01 1.000000000000000056e-01
7.068273092369477695e+01 -4.064443195952689020e-02 1.000000000000000056e-01
7.108433734939758608e+01 -3.003765963467340816e-01 1.000000000000000056e-01
7.148594377510039521e+01 -4.040651703006897244e-01 1.000000000000000056e-01
7.188755020080321856e+01 -2.861889571107119057e-01 1.000000000000000056e-01
7.228915662650602769e+01 -1.384565969925576623e-01 1.000000000000000056e-01
7.269076305220883683e+01 6.931806256751757433e-02 1.000000000000000056e-01
7.309236947791164596e+01 4.224377285272676863e-01 1.000000000000000056e-01
7.349397590361445509e+01 2.877323273913983681e-01 1.000000000000000056e-01
7.389558232931726423e+01 6.053934365115942740e-01 1.000000000000000056e-01
7.429718875502007336e+01 8.437923454485608543e-01 1.000000000000000056e-01
7.469879518072289670e+01 6.460883649276992768e-01 1.000000000000000056e-01
7.510040160642570584e+01 5.438624707869401664e-01 1.000000000000000056e-01
7.550200803212851497e+01 3.608351030878547139e-01 1.000000000000000056e-01
7.590361445783132410e+01 2.367651476565417468e-01 1.000000000000000056e-01
7.630522088353413324e+01 1.031899375901165761e-01 1.000000000000000056e-01
7.670682730923694237e+01 3.993496766397853781e-01 1.000000000000000056e-01
7.710843373493975150e+01 4.934585111885128050e-01 1.000000000000000056e-01
7.751004016064257485e+01 5.092270296220183790e-01 1.000000000000000056e-01
7.791164658634538398e+01 6.734520351205591782e-01 1.000000000000000056e-01
7.831325301204819311e+01 6.087175566186816544e-01 1.000000000000000056e-01
7.871485943775100225e+01 8.936614282950162691e-01 1.000000000000000056e-01
7.911646586345381138e+01 4.814866376424284389e-01 1.000000000000000056e-01
7.951807228915662051e+01 1.926317020188003659e-01 1.000000000000000056e-01
7.991967871485944386e+01 -9.860922998161024411e-02 1.000000000000000056e-01
8.032128514056225299e+01 -4.150403776106982301e-01 1.000000000000000056e-01
8.072289156626506212e+01 -5.341971007063401888e-01 1.000000000000000056e-01
8.112449799196787126e+01 -5.467904391195258507e-01 1.000000000000000056e-01
8.152610441767068039e+01 -4.354348540606454709e-01 1.000000000000000056e-01
8.192771084337348952e+01 -1.469775332401794254e-01 1.000000000000000056e-01
8.232931726907629866e+01 4.689931073960559860e-01 1.000000000000000056e-01
8.273092369477912200e+01 1.235865045278443430e+00 1.000000000000000056e-01
8.313253012048193114e+01 1.779670041781842071e+00 1.000000000000000056e-01
8.353413654618474027e+01 1.859641151528399261e+00 1.000000000000000056e-01
8.393574297188754940e+01 1.985920940381168398e+00 1.000000000000000056e-01
8.433734939759035854e+01 1.859656270518053489e+00 1.000000000000000056e-01
8.473895582329316767e+01 1.785592849502909196e+00 1.000000000000000056e-01
8.514056224899597680e+01 1.185463888148601708e+00 1.000000000000000056e-01
8.554216867469880015e+01 1.047983079962298447e+00 1.000000000000000056e-01
8.594377510040160928e+01 8.512053678325066652e-01 1.000000000000000056e-01
8.634538152610441841e+01 6.824904680874170904e-01 1.000000000000000056e-01
8.674698795180722755e+01 7.786141161226421969e-01 1.000000000000000056e-01
8.714859437751003668e+01 7.964041154379569720e-01 1.000000000000000056e-01
8.755020080321284581e+01 7.652491236392989782e-01 1.000000000000000056e-01
8.795180722891566916e+01 6.974128382094633150e-01 1.000000000000000056e-01
8.835341365461847829e+01 3.715560020692126875e-01 1.000000000000000056e-01
8.875502008032128742e+01 7.749667321942835252e-02 1.000000000000000056e-01
8.915662650602409656e+01 5.724605227146814523e-02 1.000000000000000056e-01
8.955823293172690569e+01 2.910767039645367760e-01 1.000000000000000056e-01
8.995983935742971482e+01 1.183173496696595661e-01 1.000000000000000056e-01
9.036144578313252396e+01 -2.128675987545555759e-02 1.000000000000000056e-01
9.076305220883534730e+01 1.641829260870214524e-01 1.000000000000000056e-01
9.116465863453815643e+01 -2.455067453842918468e-02 1.000000000000000056e-01
9.156626506024096557e+01 6.271648579734268036e-01 1.000000000000000056e-01
9.196787148594377470e+01 1.049346622462719703e+00 1.000000000000000056e-01
9.236947791164658383e+01 1.193498713074794715e+00 1.000000000000000056e-01
9.277108433734939297e+01 1.464540211925576818e+00 1.000000000000000056e-01
9.317269076305220210e+01 1.347168054877287968e+00 1.000000000000000056e-01
9.357429718875502545e+01 8.194481398033643949e-01 1.000000000000000056e-01
9.397590361445783458e+01 7.806929814319510941e-01 1.000000000000000056e-01
9.437751004016064371e+01 2.306164373318342897e-01 1.000000000000000056e-01
9.477911646586345285e+01 3.224681284369318446e-02 1.000000000000000056e-01
9.518072289156626198e+01 -8.178235456362847877e-02 1.000000000000000056e-01
9.558232931726907111e+01 -2.252163852000527156e-04 1.000000000000000056e-01
9.598393574297188025e+01 7.606448044956648502e-02 1.000000000000000056e-01
9.638554216867470359e+01 6.979631255219425068e-01 1.000000000000000056e-01
9.678714859437751272e+01 7.118667558355273872e-01 1.000000000000000056e-01
9.718875502008032186e+01 9.192355747972885682e-01 1.000000000000000056e-01
9.759036144578313099e+01 7.727829578931767474e-01 1.000000000000000056e-01
9.799196787148594012e+01 5.299042459891958323e-01 1.000000000000000056e-01
9.839357429718874926e+01 1.716129564724363232e-01 1.000000000000000056e-01
9.879518072289157260e+01 1.450697010599434345e-01 1.000000000000000056e-01
9.919678714859438173e+01 3.266302520910512874e-01 1.000000000000000056e-01
9.959839357429719087e+01 5.080669249971931922e-01 1.000000000000000056e-01
1.000000000000000000e+02 7.559580024973965307e-01 1.000000000000000056e-01
