0.000000000000000000e+00 -1.125855821462525164e+00 1.000000000000000056e-01
4.016064257028112428e-01 -1.536255719502754857e+00 1.000000000000000056e-01
8.032128514056224855e-01 -1.663232698325241010e+00 1.000000000000000056e-01
1.204819277108433617e+00 -1.950502326704542266e+00 1.000000000000000056e-01
1.606425702811244971e+00 -2.399719090935959809e+00 1.000000000000000056e-01
2.008032128514056325e+00 -2.078223795260080387e+00 1.000000000000000056e-01
2.409638554216867234e+00 -1.131177062023875912e+00 1.000000000000000056e-01
2.811244979919678588e+00 -1.092674040145040770e+00 1.000000000000000056e-01
3.212851405622489942e+00 -1.077853116418889812e+00 1.000000000000000056e-01
3.614457831325301296e+00 -2.426439249859566605e-01 1.000000000000000056e-01
4.016064257028112650e+00 1.140957619394246114e+00 1.000000000000000056e-01
4.417670682730923559e+00 2.075407490923040221e+00 1.000000000000000056e-01
4.819277108433734469e+00 1.271081199918505433e+00 1.000000000000000056e-01
5.220883534136546267e+00 -5.675362154859240338e-01 1.000000000000000056e-01
5.622489959839357176e+00 -1.480350868666993946e+00 1.000000000000000056e-01
6.024096385542168974e+00 -1.476810775825847077e+00 1.000000000000000056e-01
6.425702811244979884e+00 -1.170345500034112973e+00 1.000000000000000056e-01
6.827309236947790794e+00 -4.048937897658277940e-01 1.000000000000000056e-01
7.228915662650602592e+00 9.202025253434105156e-01 1.000000000000000056e-01
7.630522088353413501e+00 1.731536259130778577e+00 1.000000000000000056e-01
8.032128514056225299e+00 1.544938530567287582e+00 1.000000000000000056e-01
8.433734939759036209e+00 1.132893519191402909e+00 1.000000000000000056e-01
8.835341365461847118e+00 7.893162297188882626e-01 1.000000000000000056e-01
9.236947791164658028e+00 6.744602783934418033e-01 1.000000000000000056e-01
9.638554216867468938e+00 3.153623513914817211e-01 1.000000000000000056e-01
1.004016064257028162e+01 -6.877357004946307861e-02 1.000000000000000056e-01
1.044176706827309253e+01 4.438662419463080822e-01 1.000000000000000056e-01
1.084337349397590344e+01 3.799495568130545897e-01 1.000000000000000056e-01
1.124497991967871435e+01 -1.481744202327721638e-01 1.000000000000000056e-01
1.164658634538152526e+01 -1.013807472111885488e+00 1.000000000000000056e-01
1.204819277108433795e+01 -1.194312530029195019e+00 1.000000000000000056e-01
1.244979919678714886e+01 -6.153810444104796940e-01 1.000000000000000056e-01
1.285140562248995977e+01 3.256507557659700236e-01 1.000000000000000056e-01
1.325301204819277068e+01 1.110163691462230595e+00 1.000000000000000056e-01
1.365461847389558159e+01 1.045929202877614150e+00 1.000000000000000056e-01
1.405622489959839427e+01 5.075761310525960246e-01 1.000000000000000056e-01
1.445783132530120518e+01 1.117388536788782361e+00 1.000000000000000056e-01
1.485943775100401609e+01 2.013251596828358636e+00 1.000000000000000056e-01
1.526104417670682700e+01 2.358859642187525196e+00 1.000000000000000056e-01
1.566265060240963791e+01 1.095612904736210202e+00 1.000000000000000056e-01
1.606425702811245060e+01 -3.575858634011190307e-01 1.000000000000000056e-01
1.646586345381525973e+01 -5.536085730026478746e-01 1.000000000000000056e-01
1.686746987951807242e+01 -3.485108164372066053e-01 1.000000000000000056e-01
1.726907630522088510e+01 -2.011958806025118951e-01 1.000000000000000056e-01
1.767068273092369424e+01 3.652323860027331115e-01 1.000000000000000056e-01
1.807228915662650692e+01 1.055012775862193219e+00 1.000000000000000056e-01
1.847389558232931606e+01 8.983381647961545813e-01 1.000000000000000056e-01
1.887550200803212874e+01 -2.993606380847948500e-01 1.000000000000000056e-01
1.927710843373493788e+01 -9.594065009452769077e-01 1.000000000000000056e-01
1.967871485943775056e+01 -1.709993755845944818e+00 1.000000000000000056e-01
2.008032128514056325e+01 -2.611018198789242906e+00 1.000000000000000056e-01
2.048192771084337238e+01 -2.503988787091380619e+00 1.000000000000000056e-01
2.088353413654618507e+01 -1.546681320591542619e+00 1.000000000000000056e-01
2.128514056224899420e+01 2.928091429772681220e-01 1.000000000000000056e-01
2.168674698795180689e+01 1.456131041337493492e+00 1.000000000000000056e-01
2.208835341365461957e+01 1.409842097920701365e+00 1.000000000000000056e-01
2.248995983935742871e+01 8.051307256104901500e-01 1.000000000000000056e-01
2.289156626506024139e+01 5.514029874957330213e-01 1.000000000000000056e-01
2.329317269076305053e+01 9.832560972264225985e-01 1.000000000000000056e-01
2.369477911646586321e+01 9.004854567933936460e-01 1.000000000000000056e-01
2.409638554216867590e+01 -1.452681248003534209e-01 1.000000000000000056e-01
2.449799196787148503e+01 -3.296183730738457274e-01 1.000000000000000056e-01
2.489959839357429772e+01 1.948826451511025404e-01 1.000000000000000056e-01
2.530120481927710685e+01 9.031560572435245460e-01 1.000000000000000056e-01
2.570281124497991954e+01 1.701293677065311982e-01 1.000000000000000056e-01
2.610441767068273222e+01 -3.849916641512971527e-01 1.000000000000000056e-01
2.650602409638554136e+01 2.001899624613001638e-03 1.000000000000000056e-01
2.690763052208835404e+01 6.274739507702123964e-01 1.000000000000000056e-01
2.730923694779116317e+01 2.774320523090285651e-01 1.000000000000000056e-01
2.771084337349397586e+01 -1.125010219907918607e+00 1.000000000000000056e-01
2.811244979919678855e+01 -2.761891630306143153e+00 1.000000000000000056e-01
2.851405622489959768e+01 -3.268868810906419231e+00 1.000000000000000056e-01
2.891566265060241037e+01 -2.392275681735760884e+00 1.000000000000000056e-01
2.931726907630521950e+01 -1.371775804542149535e+00 1.000000000000000056e-01
2.971887550200803219e+01 -8.734974047110816153e-01 1.000000000000000056e-01
3.012048192771084487e+01 -2.042353360679114882e+00 1.000000000000000056e-01
3.052208835341365400e+01 -3.298115349840523791e+00 1.000000000000000056e-01
3.092369477911646669e+01 -3.737507838507668101e+00 1.000000000000000056e-01
3.132530120481927582e+01 -3.131684302075315340e+00 1.000000000000000056e-01
3.172690763052208851e+01 -1.935996321685630850e+00 1.000000000000000056e-01
3.212851405622490120e+01 -6.486236844103357990e-01 1.000000000000000056e-01
3.253012048192771033e+01 1.100743277077307347e-01 1.000000000000000056e-01
3.293172690763051946e+01 7.193238172296160249e-01 1.000000000000000056e-01
3.333333333333333570e+01 5.393358762000400874e-01 1.000000000000000056e-01
3.373493975903614484e+01 4.528683687580092876e-01 1.000000000000000056e-01
3.413654618473895397e+01 1.070951167402878212e+00 1.000000000000000056e-01
3.453815261044177021e+01 1.613327865567095731e+00 1.000000000000000056e-01
3.493975903614457934e+01 1.927212118940291319e+00 1.000000000000000056e-01
3.534136546184738847e+01 1.629693473034255824e+00 1.000000000000000056e-01
3.574297188755019761e+01 9.055873177887552306e-01 1.000000000000000056e-01
3.614457831325301385e+01 3.043062070495101967e-03 1.000000000000000056e-01
3.654618473895582298e+01 -5.914254027891170384e-01 1.000000000000000056e-01
3.694779116465863211e+01 -2.552711298238254378e-01 1.000000000000000056e-01
3.734939759036144835e+01 -6.925083936380062311e-02 1.000000000000000056e-01
3.775100401606425748e+01 -1.528447919650263442e-01 1.000000000000000056e-01
3.815261044176706662e+01 -2.625213203313187665e-02 1.000000000000000056e-01
3.855421686746987575e+01 1.356266055745147581e+00 1.000000000000000056e-01
3.895582329317269199e+01 2.167815011019674554e+00 1.000000000000000056e-01
3.935742971887550112e+01 1.970730630865403565e+00 1.000000000000000056e-01
3.975903614457831026e+01 1.274296002436989594e+00 1.000000000000000056e-01
4.016064257028112650e+01 1.189744107080738855e+00 1.000000000000000056e-01
4.056224899598393563e+01 1.254844130593007812e+00 1.000000000000000056e-01
4.096385542168674476e+01 1.333310315275468838e+00 1.000000000000000056e-01
4.136546184738956100e+01 7.528724015263538183e-01 1.000000000000000056e-01
4.176706827309237013e+01 8.278194683796562536e-01 1.000000000000000056e-01
4.216867469879517927e+01 1.047491664551662982e+00 1.000000000000000056e-01
4.257028112449798840e+01 1.135123830464919603e+00 1.000000000000000056e-01
4.297188755020080464e+01 7.992327130468523944e-01 1.000000000000000056e-01
4.337349397590361377e+01 2.818989070908688443e-01 1.000000000000000056e-01
4.377510040160642291e+01 4.798240246683199151e-01 1.000000000000000056e-01
4.417670682730923915e+01 6.481193095210435740e-01 1.000000000000000056e-01
4.457831325301204828e+01 1.205761926128486428e+00 1.000000000000000056e-01
4.497991967871485741e+01 2.533255931355382629e+00 1.000000000000000056e-01
4.538152610441767365e+01 3.092557327364978903e+00 1.000000000000000056e-01
4.578313253012048278e+01 2.145987563470256987e+00 1.000000000000000056e-01
4.618473895582329192e+01 2.135704530880253582e-01 1.000000000000000056e-01
4.658634538152610105e+01 -1.924883504750368735e+00 1.000000000000000056e-01
4.698795180722891729e+01 -3.525298000230843165e+00 1.000000000000000056e-01
4.738955823293172642e+01 -4.012348715060385373e+00 1.000000000000000056e-01
4.779116465863453556e+01 -3.464585905463231086e+00 1.000000000000000056e-01
4.819277108433735179e+01 -2.209401292718026433e+00 1.000000000000000056e-01
4.859437751004016093e+01 -3.211954745694998725e-01 1.000000000000000056e-01
4.899598393574297006e+01 1.297805672738339355e+00 1.000000000000000056e-01
4.939759036144578630e+01 1.013452980348808152e+00 1.000000000000000056e-01
4.979919678714859543e+01 -3.272189751838187055e-01 1.000000000000000056e-01
5.020080321285140457e+01 -8.160177471514872272e-01 1.000000000000000056e-01
5.060240963855421370e+01 -1.860407994182858848e-01 1.000000000000000056e-01
5.100401606425702994e+01 4.903157670628630616e-01 1.000000000000000056e-01
5.140562248995983907e+01 -7.096406479012221102e-02 1.000000000000000056e-01
5.180722891566264821e+01 -3.189170276370719703e-01 1.000000000000000056e-01
5.220883534136546444e+01 6.156807400312779704e-02 1.000000000000000056e-01
5.261044176706827358e+01 5.317537382277896796e-02 1.000000000000000056e-01
5.301204819277108271e+01 -3.062155876748532402e-01 1.000000000000000056e-01
5.341365461847389184e+01 -8.249480115753651255e-01 1.000000000000000056e-01
5.381526104417670808e+01 -1.619114319743924169e+00 1.000000000000000056e-01
5.421686746987951722e+01 -1.911777392007103504e+00 1.000000000000000056e-01
5.461847389558232635e+01 -1.470513377152511625e+00 1.000000000000000056e-01
5.502008032128514259e+01 -5.514609906783914939e-01 1.000000000000000056e-01
5.542168674698795172e+01 6.221986166194998225e-02 1.000000000000000056e-01
5.582329317269076085e+01 1.436755787817379781e-01 1.000000000000000056e-01
5.622489959839357709e+01 -8.462848133300443498e-01 1.000000000000000056e-01
5.662650602409638623e+01 -1.543625121862256755e+00 1.000000000000000056e-01
5.702811244979919536e+01 -1.606773304543062775e+00 1.000000000000000056e-01
5.742971887550200449e+01 -8.895132670554959375e-01 1.000000000000000056e-01
5.783132530120482073e+01 -3.633384433986187045e-01 1.000000000000000056e-01
5.823293172690762987e+01 -4.829647082708844463e-01 1.000000000000000056e-01
5.863453815261043900e+01 -3.645380549855588015e-01 1.000000000000000056e-01
5.903614457831325524e+01 -3.887603115193431491e-01 1.000000000000000056e-01
5.943775100401606437e+01 -1.887646044901603037e-01 1.000000000000000056e-01
5.983935742971887350e+01 3.746509464483547269e-01 1.000000000000000056e-01
6.024096385542168974e+01 1.700006006541402215e+00 1.000000000000000056e-01
6.064257028112449888e+01 2.415845850075254209e+00 1.000000000000000056e-01
6.104417670682730801e+01 2.066193478965083319e+00 1.000000000000000056e-01
6.144578313253011714e+01 1.988219829162827690e+00 1.000000000000000056e-01
6.184738955823293338e+01 3.361092731905884534e+00 1.000000000000000056e-01
6.224899598393574252e+01 4.205886125055253721e+00 1.000000000000000056e-01
6.265060240963855165e+01 3.691753993851500937e+00 1.000000000000000056e-01
6.305220883534136789e+01 2.729480149050228732e+00 1.000000000000000056e-01
6.345381526104417702e+01 1.871800559505460093e+00 1.000000000000000056e-01
6.385542168674698615e+01 2.038514564114052074e+00 1.000000000000000056e-01
6.425702811244980239e+01 1.431300517352088963e+00 1.000000000000000056e-01
6.465863453815261153e+01 5.559841573684431992e-01 1.000000000000000056e-01
6.506024096385542066e+01 -2.618039303536528473e-01 1.000000000000000056e-01
6.546184738955822979e+01 -5.277471165146216947e-01 1.000000000000000056e-01
6.586345381526103893e+01 -1.096753648276452608e+00 1.000000000000000056e-01
6.626506024096384806e+01 -1.672864616445997044e+00 1.000000000000000056e-01
6.666666666666667140e+01 -1.776916563240825919e+00 1.000000000000000056e-01
6.706827309236948054e+01 -8.700055246694706756e-01 1.000000000000000056e-01
6.746987951807228967e+01 6.011927475802336662e-01 1.000000000000000056e-01
6.787148594377509880e+01 1.649880425670096740e+00 1.000000000000000056e-01
6.827309236947790794e+01 1.536336794319908439e+00 1.000000000000000056e-01
6.867469879518071707e+01 5.779832255175900713e-01 1.000000000000000056e-01
6.907630522088354041e+01 -3.632940283941866744e-01 1.000000000000000056e-01
6.947791164658634955e+01 -7.971196579669401761e-01 1.000000000000000056e-01
6.987951807228915868e+01 -1.034726112064700887e+00 1.000000000000000056e-01
7.028112449799196781e+01 -1.821031025443214268e+00 1.000000000000000056e-01
7.068273092369477695e+01 -2.671921822291578152e+00 1.000000000000000056e-01
7.108433734939758608e+01 -2.426308326241564117e+00 1.000000000000000056e-01
7.148594377510039521e+01 -7.242012173790460805e-01 1.000000000000000056e-01
7.188755020080321856e+01 9.794300273289078262e-01 1.000000000000000056e-01
7.228915662650602769e+01 1.584663026656959239e+00 1.000000000000000056e-01
7.269076305220883683e+01 1.076165049150032527e+00 1.000000000000000056e-01
7.309236947791164596e+01 9.328832124973449602e-01 1.000000000000000056e-01
7.349397590361445509e+01 1.036635457313041186e+00 1.000000000000000056e-01
7.389558232931726423e+01 1.155083338429470086e+00 1.000000000000000056e-01
7.429718875502007336e+01 3.548769514800495517e-01 1.000000000000000056e-01
7.469879518072289670e+01 -9.190067364680827300e-01 1.000000000000000056e-01
7.510040160642570584e+01 -1.410603614251531690e+00 1.000000000000000056e-01
7.550200803212851497e+01 -8.591525453306135818e-01 1.000000000000000056e-01
7.590361445783132410e+01 -6.745473378562697464e-01 1.000000000000000056e-01
7.630522088353413324e+01 -5.409007773382054074e-01 1.000000000000000056e-01
7.670682730923694237e+01 -4.526174038306016861e-02 1.000000000000000056e-01
7.710843373493975150e+01 7.380989331750222870e-01 1.000000000000000056e-01
7.751004016064257485e+01 1.051736353365922749e+00 1.000000000000000056e-01
7.791164658634538398e+01 6.124225750177950678e-01 1.000000000000000056e-01
7.831325301204819311e+01 9.572835275566262681e-01 1.000000000000000056e-01
7.871485943775100225e+01 1.185368718502205043e+00 1.000000000000000056e-01
7.911646586345381138e+01 5.331886672305504726e-01 1.000000000000000056e-01
7.951807228915662051e+01 -5.451493401540481454e-01 1.000000000000000056e-01
7.991967871485944386e+01 -1.297002250748785945e+00 1.000000000000000056e-01
8.032128514056225299e+01 -1.193745274171492676e+00 1.000000000000000056e-01
8.072289156626506212e+01 -5.647246980019642315e-01 1.000000000000000056e-01
8.112449799196787126e+01 2.322957532229019684e-01 1.000000000000000056e-01
8.152610441767068039e+01 1.003105113082007005e+00 1.000000000000000056e-01
8.192771084337348952e+01 1.817710607490562236e+00 1.000000000000000056e-01
8.232931726907629866e+01 1.406342098413994268e+00 1.000000000000000056e-01
8.273092369477912200e+01 1.430415807428297992e+00 1.000000000000000056e-01
8.313253012048193114e+01 2.131001162213846278e+00 1.000000000000000056e-01
8.353413654618474027e+01 2.917026770474476560e+00 1.000000000000000056e-01
8.393574297188754940e+01 2.605840438977965690e+00 1.000000000000000056e-01
8.433734939759035854e+01 1.207355606184714825e+00 1.000000000000000056e-01
8.473895582329316767e+01 -1.121947642450915605e-02 1.000000000000000056e-01
8.514056224899597680e+01 -5.912560786704271765e-01 1.000000000000000056e-01
8.554216867469880015e+01 2.508139482026475187e-01 1.000000000000000056e-01
8.594377510040160928e+01 6.056806993647121384e-01 1.000000000000000056e-01
8.634538152610441841e+01 5.054200487468715197e-01 1.000000000000000056e-01
8.674698795180722755e+01 -2.723583248695703452e-01 1.000000000000000056e-01
8.714859437751003668e+01 -1.394888090388635149e+00 1.000000000000000056e-01
8.755020080321284581e+01 -3.025956970211675756e+00 1.000000000000000056e-01
8.795180722891566916e+01 -3.785240566859862987e+00 1.000000000000000056e-01
8.835341365461847829e+01 -3.611955875981203157e+00 1.000000000000000056e-01
8.875502008032128742e+01 -3.871301605899817755e+00 1.000000000000000056e-01
8.915662650602409656e+01 -3.780387280391525717e+00 1.000000000000000056e-01
8.955823293172690569e+01 -2.614674332475198870e+00 1.000000000000000056e-01
8.995983935742971482e+01 -1.168959217571081899e+00 1.000000000000000056e-01
9.036144578313252396e+01 7.438664752067922215e-02 1.000000000000000056e-01
9.076305220883534730e+01 8.722838510048480654e-01 1.000000000000000056e-01
9.116465863453815643e+01 1.133256616216123724e+00 1.000000000000000056e-01
9.156626506024096557e+01 7.698256635134246295e-01 1.000000000000000056e-01
9.196787148594377470e+01 3.181989803285410479e-01 1.000000000000000056e-01
9.236947791164658383e+01 2.127831858057047387e-01 1.000000000000000056e-01
9.277108433734939297e+01 2.701958747453743759e-01 1.000000000000000056e-01
9.317269076305220210e+01 1.352494827741002048e-01 1.000000000000000056e-01
9.357429718875502545e+01 -1.029311645255633678e+00 1.000000000000000056e-01
9.397590361445783458e+01 -1.576537784970673206e+00 1.000000000000000056e-01
9.437751004016064371e+01 -1.158110919904750125e+00 1.000000000000000056e-01
9.477911646586345285e+01 -1.595706227924797549e+00 1.000000000000000056e-01
9.518072289156626198e+01 -2.501034756442655826e+00 1.000000000000000056e-01
9.558232931726907111e+01 -3.021141823011673999e+00 1.000000000000000056e-01
9.598393574297188025e+01 -2.213501052780126432e+00 1.000000000000000056e-01
9.638554216867470359e+01 -9.479818180920953630e-01 1.000000000000000056e-01
9.678714859437751272e+01 1.807009591809077831e-01 1.000000000000000056e-01
9.718875502008032186e+01 2.133262307581366701e-01 1.000000000000000056e-01
9.759036144578313099e+01 -4.045504603113751069e-02 1.000000000000000056e-01
9.799196787148594012e+01 -3.808671539413369111e-01 1.000000000000000056e-01
9.839357429718874926e+01 -1.725017766620223492e-01 1.000000000000000056e-01
9.879518072289157260e+01 3.461035578535056056e-01 1.000000000000000056e-01
9.919678714859438173e+01 1.361363970399041667e+00 1.000000000000000056e-01
9.959839357429719087e+01 3.040456405586752897e+00 1.000000000000000056e-01
1.000000000000000000e+02 4.422982973269297347e+00 1.000000000000000056e-01
