0.000000000000000000e+00 2.425977023349787043e+00 1.000000000000000056e-01
4.016064257028112428e-01 1.845651214503020388e+00 1.000000000000000056e-01
8.032128514056224855e-01 1.563026665545264926e+00 1.000000000000000056e-01
1.204819277108433617e+00 1.248953950939756474e+00 1.000000000000000056e-01
1.606425702811244971e+00 8.222873472754217428e-01 1.000000000000000056e-01
2.008032128514056325e+00 3.111289784580092421e-01 1.000000000000000056e-01
2.409638554216867234e+00 -1.584607232052027137e-01 1.000000000000000056e-01
2.811244979919678588e+00 -4.485241735366130578e-01 1.000000000000000056e-01
3.212851405622489942e+00 -6.789853488299941731e-01 1.000000000000000056e-01
3.614457831325301296e+00 -5.590760964703217484e-01 1.000000000000000056e-01
4.016064257028112650e+00 -6.337639061514552807e-01 1.000000000000000056e-01
4.417670682730923559e+00 -1.363273751934562239e-01 1.000000000000000056e-01
4.819277108433734469e+00 1.532609785686426807e-01 1.000000000000000056e-01
5.220883534136546267e+00 5.926858764345632746e-01 1.000000000000000056e-01
5.622489959839357176e+00 1.285405647445095889e+00 1.000000000000000056e-01
6.024096385542168974e+00 1.593066380407119009e+00 1.000000000000000056e-01
6.425702811244979884e+00 2.274843502164548337e+00 1.000000000000000056e-01
6.827309236947790794e+00 2.420033630230328914e+00 1.000000000000000056e-01
7.228915662650602592e+00 2.943449678776819400e+00 1.000000000000000056e-01
7.630522088353413501e+00 3.281830146602508158e+00 1.000000000000000056e-01
8.032128514056225299e+00 3.378062636726590906e+00 1.000000000000000056e-01
8.433734939759036209e+00 3.478511148242977136e+00 1.000000000000000056e-01
8.835341365461847118e+00 3.409899150411261903e+00 1.000000000000000056e-01
9.236947791164658028e+00 2.923886486674170282e+00 1.000000000000000056e-01
9.638554216867468938e+00 2.220987311919018659e+00 1.000000000000000056e-01
1.004016064257028162e+01 1.721082508193725769e+00 1.000000000000000056e-01
1.044176706827309253e+01 8.275938462365146631e-01 1.000000000000000056e-01
1.084337349397590344e+01 2.986315241051679670e-01 1.000000000000000056e-01
1.124497991967871435e+01 -1.686863016907252932e-02 1.000000000000000056e-01
1.164658634538152526e+01 -6.041674571058552878e-02 1.000000000000000056e-01
1.204819277108433795e+01 1.426421331718583096e-01 1.000000000000000056e-01
1.244979919678714886e+01 5.600120900595257911e-01 1.000000000000000056e-01
1.285140562248995977e+01 1.026163453894563204e+00 1.000000000000000056e-01
1.325301204819277068e+01 1.306054091864901290e+00 1.000000000000000056e-01
1.365461847389558159e+01 1.752450202710323701e+00 1.000000000000000056e-01
1.405622489959839427e+01 2.022722196917377424e+00 1.000000000000000056e-01
1.445783132530120518e+01 2.098521104442734320e+00 1.000000000000000056e-01
1.485943775100401609e+01 2.201699454594016281e+00 1.000000000000000056e-01
1.526104417670682700e+01 2.547915263689753296e+00 1.000000000000000056e-01
1.566265060240963791e+01 2.768682366604270584e+00 1.000000000000000056e-01
1.606425702811245060e+01 2.981521650504864063e+00 1.000000000000000056e-01
1.646586345381525973e+01 3.052841471638981119e+00 1.000000000000000056e-01
1.686746987951807242e+01 3.352662275736988384e+00 1.000000000000000056e-01
1.726907630522088510e+01 3.693688134108212395e+00 1.000000000000000056e-01
1.767068273092369424e+01 3.659041940831749162e+00 1.000000000000000056e-01
1.807228915662650692e+01 3.779969304545042874e+00 1.000000000000000056e-01
1.847389558232931606e+01 3.436150043152538025e+00 1.000000000000000056e-01
1.887550200803212874e+01 3.397710587061051779e+00 1.000000000000000056e-01
1.927710843373493788e+01 3.007729662969456985e+00 1.000000000000000056e-01
1.967871485943775056e+01 2.664841530506041778e+00 1.000000000000000056e-01
2.008032128514056325e+01 2.029736752321949833e+00 1.000000000000000056e-01
2.048192771084337238e+01 1.684501075199571929e+00 1.000000000000000056e-01
2.088353413654618507e+01 1.203507390077610539e+00 1.000000000000000056e-01
2.128514056224899420e+01 1.047556104569542290e+00 1.000000000000000056e-01
2.168674698795180689e+01 1.123000973535197344e+00 1.000000000000000056e-01
2.208835341365461957e+01 1.442271401335398995e+00 1.000000000000000056e-01
2.248995983935742871e+01 1.649198759230380507e+00 1.000000000000000056e-01
2.289156626506024139e+01 1.470077337979673437e+00 1.000000000000000056e-01
2.329317269076305053e+01 1.575740187619747212e+00 1.000000000000000056e-01
2.369477911646586321e+01 1.292024181471306932e+00 1.000000000000000056e-01
2.409638554216867590e+01 8.169567010219799252e-01 1.000000000000000056e-01
2.449799196787148503e+01 4.372562047440203270e-01 1.000000000000000056e-01
2.489959839357429772e+01 7.678540788586481203e-02 1.000000000000000056e-01
2.530120481927710685e+01 2.489312657441285492e-01 1.000000000000000056e-01
2.570281124497991954e+01 8.880868780759625103e-02 1.000000000000000056e-01
2.610441767068273222e+01 2.505811927140985662e-01 1.000000000000000056e-01
2.650602409638554136e+01 4.742870872704523788e-01 1.000000000000000056e-01
2.690763052208835404e+01 8.686247129912018083e-01 1.000000000000000056e-01
2.730923694779116317e+01 1.191230477643658414e+00 1.000000000000000056e-01
2.771084337349397586e+01 1.593417971906077701e+00 1.000000000000000056e-01
2.811244979919678855e+01 1.953498431064721874e+00 1.000000000000000056e-01
2.851405622489959768e+01 2.492364523390413034e+00 1.000000000000000056e-01
2.891566265060241037e+01 2.579683096239439255e+00 1.000000000000000056e-01
2.931726907630521950e+01 2.702292045313444913e+00 1.000000000000000056e-01
2.971887550200803219e+01 2.649204458686740260e+00 1.000000000000000056e-01
3.012048192771084487e+01 2.424160363831556531e+00 1.000000000000000056e-01
3.052208835341365400e+01 2.127559189700157560e+00 1.000000000000000056e-01
3.092369477911646669e+01 1.741029959428235019e+00 1.000000000000000056e-01
3.132530120481927582e+01 1.367824742692531848e+00 1.000000000000000056e-01
3.172690763052208851e+01 1.270460046768530527e+00 1.000000000000000056e-01
3.212851405622490120e+01 7.718545871241888623e-01 1.000000000000000056e-01
3.253012048192771033e+01 8.764548461093484288e-01 1.000000000000000056e-01
3.293172690763051946e+01 4.668206714863156193e-01 1.000000000000000056e-01
3.333333333333333570e+01 -2.197533605899255893e-02 1.000000000000000056e-01
3.373493975903614484e+01 -2.553147279138162640e-01 1.000000000000000056e-01
3.413654618473895397e+01 -1.131940047292576246e+00 1.000000000000000056e-01
3.453815261044177021e+01 -1.572524568900759423e+00 1.000000000000000056e-01
3.493975903614457934e+01 -2.136998933677901391e+00 1.000000000000000056e-01
3.534136546184738847e+01 -2.460773816806999470e+00 1.000000000000000056e-01
3.574297188755019761e+01 -2.543131075653123130e+00 1.000000000000000056e-01
3.614457831325301385e+01 -2.331387993985665208e+00 1.000000000000000056e-01
3.654618473895582298e+01 -2.034861996841378584e+00 1.000000000000000056e-01
3.694779116465863211e+01 -1.637618445467506678e+00 1.000000000000000056e-01
3.734939759036144835e+01 -1.362842234803780306e+00 1.000000000000000056e-01
3.775100401606425748e+01 -8.283745272625288036e-01 1.000000000000000056e-01
3.815261044176706662e+01 -4.752121698326396970e-01 1.000000000000000056e-01
3.855421686746987575e+01 -2.122978086214111215e-01 1.000000000000000056e-01
3.895582329317269199e+01 2.282324506016927268e-01 1.000000000000000056e-01
3.935742971887550112e+01 5.662883507544929085e-01 1.000000000000000056e-01
3.975903614457831026e+01 5.930915546654792481e-01 1.000000000000000056e-01
4.016064257028112650e+01 4.902775966207476577e-01 1.000000000000000056e-01
4.056224899598393563e+01 8.472243354330222243e-01 1.000000000000000056e-01
4.096385542168674476e+01 9.812369343707161295e-01 1.000000000000000056e-01
4.136546184738956100e+01 1.046946563761094851e+00 1.000000000000000056e-01
4.176706827309237013e+01 1.191517427896433112e+00 1.000000000000000056e-01
4.216867469879517927e+01 7.395813093280275696e-01 1.000000000000000056e-01
4.257028112449798840e+01 7.297525801777958732e-01 1.000000000000000056e-01
4.297188755020080464e+01 6.421536750823888529e-01 1.000000000000000056e-01
4.337349397590361377e+01 3.225088503786416871e-01 1.000000000000000056e-01
4.377510040160642291e+01 1.537172678949649818e-03 1.000000000000000056e-01
4.417670682730923915e+01 -4.268377935169191395e-01 1.000000000000000056e-01
4.457831325301204828e+01 -6.942015230505212964e-01 1.000000000000000056e-01
4.497991967871485741e+01 -8.991314310629587858e-01 1.000000000000000056e-01
4.538152610441767365e+01 -1.035687528596624274e+00 1.000000000000000056e-01
4.578313253012048278e+01 -9.210739289454492607e-01 1.000000000000000056e-01
4.618473895582329192e+01 -8.922004463670620833e-01 1.000000000000000056e-01
4.658634538152610105e+01 -6.234974376980287891e-01 1.000000000000000056e-01
4.698795180722891729e+01 -6.683837795857860975e-01 1.000000000000000056e-01
4.738955823293172642e+01 -5.314893145314631973e-01 1.000000000000000056e-01
4.779116465863453556e+01 -6.619962446918679078e-01 1.000000000000000056e-01
4.819277108433735179e+01 -9.435924684362706483e-01 1.000000000000000056e-01
4.859437751004016093e+01 -8.058738562579617071e-01 1.000000000000000056e-01
4.899598393574297006e+01 -8.723917331668540331e-01 1.000000000000000056e-01
4.939759036144578630e+01 -4.844700397951404169e-01 1.000000000000000056e-01
4.979919678714859543e+01 -1.532538131977647378e-01 1.000000000000000056e-01
5.020080321285140457e+01 2.095777701353908340e-01 1.000000000000000056e-01
5.060240963855421370e+01 8.810454741752649088e-01 1.000000000000000056e-01
5.100401606425702994e+01 1.159147960439491420e+00 1.000000000000000056e-01
5.140562248995983907e+01 1.137104171458726665e+00 1.000000000000000056e-01
5.180722891566264821e+01 1.116984464077162453e+00 1.000000000000000056e-01
5.220883534136546444e+01 8.372304882550754002e-01 1.000000000000000056e-01
5.261044176706827358e+01 3.137726923426325532e-01 1.000000000000000056e-01
5.301204819277108271e+01 1.483031945510797089e-01 1.000000000000000056e-01
5.341365461847389184e+01 -4.639074105779287249e-01 1.000000000000000056e-01
5.381526104417670808e+01 -4.529773293491634600e-01 1.000000000000000056e-01
5.421686746987951722e+01 -9.028072231475002818e-01 1.000000000000000056e-01
5.461847389558232635e+01 -7.608071907603410899e-01 1.000000000000000056e-01
5.502008032128514259e+01 -5.472085262325797617e-01 1.000000000000000056e-01
5.542168674698795172e+01 -1.084280742404268444e-01 1.000000000000000056e-01
5.582329317269076085e+01 2.017578407110593997e-01 1.000000000000000056e-01
5.622489959839357709e+01 7.850015652648638653e-01 1.000000000000000056e-01
5.662650602409638623e+01 1.042864252369571920e+00 1.000000000000000056e-01
5.702811244979919536e+01 1.165290602470268277e+00 1.000000000000000056e-01
5.742971887550200449e+01 1.075128394960344735e+00 1.000000000000000056e-01
5.783132530120482073e+01 1.096955615318135235e+00 1.000000000000000056e-01
5.823293172690762987e+01 1.130752422575001193e+00 1.000000000000000056e-01
5.863453815261043900e+01 1.217216011954951993e+00 1.000000000000000056e-01
5.903614457831325524e+01 1.193687205993113842e+00 1.000000000000000056e-01
5.943775100401606437e+01 1.597897933724494735e+00 1.000000000000000056e-01
5.983935742971887350e+01 1.654341791501011683e+00 1.000000000000000056e-01
6.024096385542168974e+01 1.796098003490544714e+00 1.000000000000000056e-01
6.064257028112449888e+01 1.460479787946147301e+00 1.000000000000000056e-01
6.104417670682730801e+01 1.065401512422875285e+00 1.000000000000000056e-01
6.144578313253011714e+01 1.188990819804343735e+00 1.000000000000000056e-01
6.184738955823293338e+01 7.480589839581600620e-01 1.000000000000000056e-01
6.224899598393574252e+01 2.517793532027138848e-01 1.000000000000000056e-01
6.265060240963855165e+01 -2.841409220133032099e-01 1.000000000000000056e-01
6.305220883534136789e+01 -7.283860412273005513e-01 1.000000000000000056e-01
6.345381526104417702e+01 -1.073242277254335741e+00 1.000000000000000056e-01
6.385542168674698615e+01 -1.213347594765986859e+00 1.000000000000000056e-01
6.425702811244980239e+01 -9.841040188126115584e-01 1.000000000000000056e-01
6.465863453815261153e+01 -1.269921092395720930e+00 1.000000000000000056e-01
6.506024096385542066e+01 -9.567580951305862946e-01 1.000000000000000056e-01
6.546184738955822979e+01 -6.869239805165410218e-01 1.000000000000000056e-01
6.586345381526103893e+01 -3.789572921722258458e-01 1.000000000000000056e-01
6.626506024096384806e+01 -2.838556110804873467e-01 1.000000000000000056e-01
6.666666666666667140e+01 -7.028150183952024121e-03 1.000000000000000056e-01
6.706827309236948054e+01 6.450246359132183471e-02 1.000000000000000056e-01
6.746987951807228967e+01 4.047982426125014133e-01 1.000000000000000056e-01
6.787148594377509880e+01 2.072650099332871698e-01 1.000000000000000056e-01
6.827309236947790794e+01 4.201523295549463022e-01 1.000000000000000056e-01
6.867469879518071707e+01 3.712734018169126515e-01 1.000000000000000056e-01
6.907630522088354041e+01 4.995174110375647514e-01 1.000000000000000056e-01
6.947791164658634955e+01 3.919958381656835633e-01 1.000000000000000056e-01
6.987951807228915868e+01 2.683939959123546881e-01 1.000000000000000056e-01
7.028112449799196781e+01 -1.448149332808586556e-02 1.000000000000000056e-01
7.068273092369477695e+01 -1.492031837684910378e-01 1.000000000000000056e-01
7.108433734939758608e+01 -1.662034122255785507e-01 1.000000000000000056e-01
7.148594377510039521e+01 -4.693344292086227831e-01 1.000000000000000056e-01
7.188755020080321856e+01 -3.377970205038706708e-01 1.000000000000000056e-01
7.228915662650602769e+01 -5.315499940423065173e-01 1.000000000000000056e-01
7.269076305220883683e+01 -6.429186786011381605e-01 1.000000000000000056e-01
7.309236947791164596e+01 -5.480876440543193118e-01 1.000000000000000056e-01
7.349397590361445509e+01 -7.582424906029682221e-01 1.000000000000000056e-01
7.389558232931726423e+01 -8.163748206124091800e-01 1.000000000000000056e-01
7.429718875502007336e+01 -8.485074956612859154e-01 1.000000000000000056e-01
7.469879518072289670e+01 -1.123155558921128172e+00 1.000000000000000056e-01
7.510040160642570584e+01 -1.092048843889223519e+00 1.000000000000000056e-01
7.550200803212851497e+01 -9.151154889431994954e-01 1.000000000000000056e-01
7.590361445783132410e+01 -6.926787331592731967e-01 1.000000000000000056e-01
7.630522088353413324e+01 -8.159350181005564639e-01 1.000000000000000056e-01
7.670682730923694237e+01 -7.529334168668389005e-01 1.000000000000000056e-01
7.710843373493975150e+01 -9.084963467935367465e-01 1.000000000000000056e-01
7.751004016064257485e+01 -9.447124909310039564e-01 1.000000000000000056e-01
7.791164658634538398e+01 -1.343338673354797841e+00 1.000000000000000056e-01
7.831325301204819311e+01 -1.659642317840824610e+00 1.000000000000000056e-01
7.871485943775100225e+01 -1.801099519786229619e+00 1.000000000000000056e-01
7.911646586345381138e+01 -1.899722754451838247e+00 1.000000000000000056e-01
7.951807228915662051e+01 -1.863489749473643764e+00 1.000000000000000056e-01
7.991967871485944386e+01 -2.043133352198643671e+00 1.000000000000000056e-01
8.032128514056225299e+01 -1.797326400805695279e+00 1.000000000000000056e-01
8.072289156626506212e+01 -1.671098960670445832e+00 1.000000000000000056e-01
8.112449799196787126e+01 -1.215888080018451278e+00 1.000000000000000056e-01
8.152610441767068039e+01 -6.062303825608714725e-01 1.000000000000000056e-01
8.192771084337348952e+01 -1.382137649939066681e-01 1.000000000000000056e-01
8.232931726907629866e+01 -1.327892175247300521e-01 1.000000000000000056e-01
8.273092369477912200e+01 2.879616889687847819e-02 1.000000000000000056e-01
8.313253012048193114e+01 1.541115584960620066e-01 1.000000000000000056e-01
8.353413654618474027e+01 6.339669193145371084e-02 1.000000000000000056e-01
8.393574297188754940e+01 -1.264378415640622991e-02 1.000000000000000056e-01
8.433734939759035854e+01 -1.156546349024562825e-01 1.000000000000000056e-01
8.473895582329316767e+01 -3.550163544176962449e-01 1.000000000000000056e-01
8.514056224899597680e+01 -9.478609611389239298e-01 1.000000000000000056e-01
8.554216867469880015e+01 -1.026557928859988422e+00 1.000000000000000056e-01
8.594377510040160928e+01 -1.343723258550713062e+00 1.000000000000000056e-01
8.634538152610441841e+01 -2.014180927731168858e+00 1.000000000000000056e-01
8.674698795180722755e+01 -2.287932526661317745e+00 1.000000000000000056e-01
8.714859437751003668e+01 -2.740941795969046524e+00 1.000000000000000056e-01
8.755020080321284581e+01 -2.511458398716587048e+00 1.000000000000000056e-01
8.795180722891566916e+01 -2.730722894607249263e+00 1.000000000000000056e-01
8.835341365461847829e+01 -2.729945985087549598e+00 1.000000000000000056e-01
8.875502008032128742e+01 -2.590948775300654372e+00 1.000000000000000056e-01
8.915662650602409656e+01 -2.226667780714781664e+00 1.000000000000000056e-01
8.955823293172690569e+01 -1.387655295689317336e+00 1.000000000000000056e-01
8.995983935742971482e+01 -6.928261567551036171e-01 1.000000000000000056e-01
9.036144578313252396e+01 3.226819091407627793e-01 1.000000000000000056e-01
9.076305220883534730e+01 1.133270854262953486e+00 1.000000000000000056e-01
9.116465863453815643e+01 1.895978018089154338e+00 1.000000000000000056e-01
9.156626506024096557e+01 2.111611655138671217e+00 1.000000000000000056e-01
9.196787148594377470e+01 2.389531179473164624e+00 1.000000000000000056e-01
9.236947791164658383e+01 1.983368875125438802e+00 1.000000000000000056e-01
9.277108433734939297e+01 1.478328628725390281e+00 1.000000000000000056e-01
9.317269076305220210e+01 1.034708454772859554e+00 1.000000000000000056e-01
9.357429718875502545e+01 4.601925370160463435e-01 1.000000000000000056e-01
9.397590361445783458e+01 -1.169329432314133305e-01 1.000000000000000056e-01
9.437751004016064371e+01 -8.255252075479708740e-01 1.000000000000000056e-01
9.477911646586345285e+01 -1.236140493885893310e+00 1.000000000000000056e-01
9.518072289156626198e+01 -1.522476343438987412e+00 1.000000000000000056e-01
9.558232931726907111e+01 -2.144617569240995447e+00 1.000000000000000056e-01
9.598393574297188025e+01 -2.343572360885124439e+00 1.000000000000000056e-01
9.638554216867470359e+01 -2.371987934918718732e+00 1.000000000000000056e-01
9.678714859437751272e+01 -2.259112730623818788e+00 1.000000000000000056e-01
9.718875502008032186e+01 -1.694869727594407127e+00 1.000000000000000056e-01
9.759036144578313099e+01 -1.398195777118545591e+00 1.000000000000000056e-01
9.799196787148594012e+01 -7.017851438502786809e-01 1.000000000000000056e-01
9.839357429718874926e+01 -1.383784969045412372e-01 1.000000000000000056e-01
9.879518072289157260e+01 5.485988703373251285e-01 1.000000000000000056e-01
9.919678714859438173e+01 1.161405036177176164e+00 1.000000000000000056e-01
9.959839357429719087e+01 1.997159747455815815e+00 1.000000000000000056e-01
1.000000000000000000e+02 2.681861369513466986e+00 1.000000000000000056e-01
