0.000000000000000000e+00 -2.282352341020854603e-02 1.000000000000000056e-01
4.016064257028112428e-01 2.987428391054586241e-01 1.000000000000000056e-01
8.032128514056224855e-01 2.321968061072440803e-01 1.000000000000000056e-01
1.204819277108433617e+00 -9.716127767482884980e-02 1.000000000000000056e-01
1.606425702811244971e+00 -5.810850795512281231e-01 1.000000000000000056e-01
2.008032128514056325e+00 -8.947277520356667901e-01 1.000000000000000056e-01
2.409638554216867234e+00 -1.154706456915368662e+00 1.000000000000000056e-01
2.811244979919678588e+00 -1.354183338114080870e+00 1.000000000000000056e-01
3.212851405622489942e+00 -1.447020054604926331e+00 1.000000000000000056e-01
3.614457831325301296e+00 -9.759205294004477116e-01 1.000000000000000056e-01
4.016064257028112650e+00 -1.024945844710148490e+00 1.000000000000000056e-01
4.417670682730923559e+00 -1.296673476046192208e+00 1.000000000000000056e-01
4.819277108433734469e+00 -1.525405545659352713e+00 1.000000000000000056e-01
5.220883534136546267e+00 -1.660078564214335639e+00 1.000000000000000056e-01
5.622489959839357176e+00 -1.719992921047008627e+00 1.000000000000000056e-01
6.024096385542168974e+00 -1.005275708682729086e+00 1.000000000000000056e-01
6.425702811244979884e+00 -4.601557518613291764e-01 1.000000000000000056e-01
6.827309236947790794e+00 1.825197716128625913e-01 1.000000000000000056e-01
7.228915662650602592e+00 5.278465850432616513e-01 1.000000000000000056e-01
7.630522088353413501e+00 8.262064481453460507e-01 1.000000000000000056e-01
8.032128514056225299e+00 6.899174336721132228e-01 1.000000000000000056e-01
8.433734939759036209e+00 6.000197781342317960e-01 1.000000000000000056e-01
8.835341365461847118e+00 3.864312542093456537e-01 1.000000000000000056e-01
9.236947791164658028e+00 1.613864384820816733e-01 1.000000000000000056e-01
9.638554216867468938e+00 -3.468974175296137830e-01 1.000000000000000056e-01
1.004016064257028162e+01 -2.690777354694650625e-01 1.000000000000000056e-01
1.044176706827309253e+01 -3.360764612455434119e-01 1.000000000000000056e-01
1.084337349397590344e+01 -1.731498855409530357e-01 1.000000000000000056e-01
1.124497991967871435e+01 -4.390594812969532135e-01 1.000000000000000056e-01
1.164658634538152526e+01 -6.114198580825112028e-01 1.000000000000000056e-01
1.204819277108433795e+01 -1.036893122392975375e+00 1.000000000000000056e-01
1.244979919678714886e+01 -1.529932463255857744e+00 1.000000000000000056e-01
1.285140562248995977e+01 -2.164354289844053980e+00 1.000000000000000056e-01
1.325301204819277068e+01 -2.284091290737917834e+00 1.000000000000000056e-01
1.365461847389558159e+01 -2.495969885048570092e+00 1.000000000000000056e-01
1.405622489959839427e+01 -2.511661138259905890e+00 1.000000000000000056e-01
1.445783132530120518e+01 -2.508063845464198582e+00 1.000000000000000056e-01
1.485943775100401609e+01 -2.241645599880092377e+00 1.000000000000000056e-01
1.526104417670682700e+01 -2.144987315653209325e+00 1.000000000000000056e-01
1.566265060240963791e+01 -2.282047975462571543e+00 1.000000000000000056e-01
1.606425702811245060e+01 -1.943368570577770571e+00 1.000000000000000056e-01
1.646586345381525973e+01 -1.688015180262558257e+00 1.000000000000000056e-01
1.686746987951807242e+01 -8.544590747541530584e-01 1.000000000000000056e-01
1.726907630522088510e+01 -4.943884993479066292e-01 1.000000000000000056e-01
1.767068273092369424e+01 1.414698267593553493e-01 1.000000000000000056e-01
1.807228915662650692e+01 2.569739862620259996e-01 1.000000000000000056e-01
1.847389558232931606e+01 -2.969287379041616326e-01 1.000000000000000056e-01
1.887550200803212874e+01 -1.064435994140249475e+00 1.000000000000000056e-01
1.927710843373493788e+01 -1.614551724538859423e+00 1.000000000000000056e-01
1.967871485943775056e+01 -1.736862679613423666e+00 1.000000000000000056e-01
2.008032128514056325e+01 -1.690713897135456723e+00 1.000000000000000056e-01
2.048192771084337238e+01 -1.579989152076175740e+00 1.000000000000000056e-01
2.088353413654618507e+01 -1.242817956047670869e+00 1.000000000000000056e-01
2.128514056224899420e+01 -9.296905433919200323e-01 1.000000000000000056e-01
2.168674698795180689e+01 -7.987757193297220226e-01 1.000000000000000056e-01
2.208835341365461957e+01 -9.583475699989570940e-01 1.000000000000000056e-01
2.248995983935742871e+01 -1.049344471773729248e+00 1.000000000000000056e-01
2.289156626506024139e+01 -1.670219951554659188e+00 1.000000000000000056e-01
2.329317269076305053e+01 -2.095407643505993622e+00 1.000000000000000056e-01
2.369477911646586321e+01 -2.252243095626132785e+00 1.000000000000000056e-01
2.409638554216867590e+01 -2.694060258492888327e+00 1.000000000000000056e-01
2.449799196787148503e+01 -1.881997377263192384e+00 1.000000000000000056e-01
2.489959839357429772e+01 -1.136321930644231593e+00 1.000000000000000056e-01
2.530120481927710685e+01 -1.715752454863361254e-01 1.000000000000000056e-01
2.570281124497991954e+01 2.022425027422129762e-01 1.000000000000000056e-01
2.610441767068273222e+01 3.607274741064905310e-01 1.000000000000000056e-01
2.650602409638554136e+01 -9.230203983999629713e-02 1.000000000000000056e-01
2.690763052208835404e+01 -3.744010696626128842e-01 1.000000000000000056e-01
2.730923694779116317e+01 -5.004024104237959625e-01 1.000000000000000056e-01
2.771084337349397586e+01 -2.371025045947590670e-01 1.000000000000000056e-01
2.811244979919678855e+01 -1.808927942488808838e-01 1.000000000000000056e-01
2.851405622489959768e+01 -3.698709504896745548e-01 1.000000000000000056e-01
2.891566265060241037e+01 -9.137546953466421096e-01 1.000000000000000056e-01
2.931726907630521950e+01 -9.996289062612369047e-01 1.000000000000000056e-01
2.971887550200803219e+01 -1.020420568085135482e+00 1.000000000000000056e-01
3.012048192771084487e+01 -6.941636571119296217e-01 1.000000000000000056e-01
3.052208835341365400e+01 -6.775636384342890173e-01 1.000000000000000056e-01
3.092369477911646669e+01 -5.121949533656002806e-01 1.000000000000000056e-01
3.132530120481927582e+01 -6.058894209241147966e-01 1.000000000000000056e-01
3.172690763052208851e+01 -6.417534034969926138e-01 1.000000000000000056e-01
3.212851405622490120e+01 -3.991702062318502886e-01 1.000000000000000056e-01
3.253012048192771033e+01 3.906870344533718287e-01 1.000000000000000056e-01
3.293172690763051946e+01 1.261529720887886175e+00 1.000000000000000056e-01
3.333333333333333570e+01 1.957391259476767509e+00 1.000000000000000056e-01
3.373493975903614484e+01 1.986393586181623316e+00 1.000000000000000056e-01
3.413654618473895397e+01 1.764553607012008474e+00 1.000000000000000056e-01
3.453815261044177021e+01 1.323112555475776109e+00 1.000000000000000056e-01
3.493975903614457934e+01 5.316360613130665103e-01 1.000000000000000056e-01
3.534136546184738847e+01 6.845194067952982131e-01 1.000000000000000056e-01
3.574297188755019761e+01 3.979313929483699885e-01 1.000000000000000056e-01
3.614457831325301385e+01 7.083887385751788113e-01 1.000000000000000056e-01
3.654618473895582298e+01 6.911304942952902763e-01 1.000000000000000056e-01
3.694779116465863211e+01 5.840835145711000820e-01 1.000000000000000056e-01
3.734939759036144835e+01 3.159503820246889472e-01 1.000000000000000056e-01
3.775100401606425748e+01 -9.702681316023101243e-02 1.000000000000000056e-01
3.815261044176706662e+01 -2.427792353259934921e-01 1.000000000000000056e-01
3.855421686746987575e+01 -7.921656030932643366e-01 1.000000000000000056e-01
3.895582329317269199e+01 -1.002450636494909508e+00 1.000000000000000056e-01
3.935742971887550112e+01 -1.116167499698392129e+00 1.000000000000000056e-01
3.975903614457831026e+01 -1.035637879893596125e+00 1.000000000000000056e-01
4.016064257028112650e+01 -1.026717489472183775e+00 1.000000000000000056e-01
4.056224899598393563e+01 -5.386894870940689417e-01 1.000000000000000056e-01
4.096385542168674476e+01 -7.848353776152368344e-02 1.000000000000000056e-01
4.136546184738956100e+01 1.814964425794193814e-01 1.000000000000000056e-01
4.176706827309237013e+01 5.986273566001433233e-01 1.000000000000000056e-01
4.216867469879517927e+01 5.674481153768172748e-01 1.000000000000000056e-01
4.257028112449798840e+01 6.015102088535703162e-01 1.000000000000000056e-01
4.297188755020080464e+01 7.609786919387744319e-01 1.000000000000000056e-01
4.337349397590361377e+01 4.783760436298665764e-01 1.000000000000000056e-01
4.377510040160642291e+01 3.056538606470958208e-01 1.000000000000000056e-01
4.417670682730923915e+01 -1.498163104597508566e-01 1.000000000000000056e-01
4.457831325301204828e+01 3.219653331592547268e-02 1.000000000000000056e-01
4.497991967871485741e+01 3.867787906333715053e-01 1.000000000000000056e-01
4.538152610441767365e+01 8.434348572712677683e-01 1.000000000000000056e-01
4.578313253012048278e+01 1.357898936723384908e+00 1.000000000000000056e-01
4.618473895582329192e+01 8.873983281090584985e-01 1.000000000000000056e-01
4.658634538152610105e+01 9.404001385938092206e-01 1.000000000000000056e-01
4.698795180722891729e+01 7.166701325847660842e-01 1.000000000000000056e-01
4.738955823293172642e+01 7.089731298282682115e-01 1.000000000000000056e-01
4.779116465863453556e+01 1.129601584476551901e+00 1.000000000000000056e-01
4.819277108433735179e+01 1.789866124969003103e+00 1.000000000000000056e-01
4.859437751004016093e+01 2.294507960325916418e+00 1.000000000000000056e-01
4.899598393574297006e+01 2.783900762334083900e+00 1.000000000000000056e-01
4.939759036144578630e+01 2.724855595076573600e+00 1.000000000000000056e-01
4.979919678714859543e+01 2.687158751283181601e+00 1.000000000000000056e-01
5.020080321285140457e+01 2.142855996735804958e+00 1.000000000000000056e-01
5.060240963855421370e+01 1.453883481019445867e+00 1.000000000000000056e-01
5.100401606425702994e+01 7.578774951059770171e-01 1.000000000000000056e-01
5.140562248995983907e+01 4.212543579200098698e-01 1.000000000000000056e-01
5.180722891566264821e+01 6.210362410750249751e-01 1.000000000000000056e-01
5.220883534136546444e+01 9.126156219492839172e-01 1.000000000000000056e-01
5.261044176706827358e+01 1.541105190462484398e+00 1.000000000000000056e-01
5.301204819277108271e+01 1.973492425044010679e+00 1.000000000000000056e-01
5.341365461847389184e+01 2.205073169880101158e+00 1.000000000000000056e-01
5.381526104417670808e+01 2.503768807938290930e+00 1.000000000000000056e-01
5.421686746987951722e+01 2.615635657592794150e+00 1.000000000000000056e-01
5.461847389558232635e+01 2.908342157028722230e+00 1.000000000000000056e-01
5.502008032128514259e+01 2.751993610495971687e+00 1.000000000000000056e-01
5.542168674698795172e+01 2.697404559734447371e+00 1.000000000000000056e-01
5.582329317269076085e+01 2.032564173958457232e+00 1.000000000000000056e-01
5.622489959839357709e+01 1.238732383441511153e+00 1.000000000000000056e-01
5.662650602409638623e+01 4.619273580951553937e-01 1.000000000000000056e-01
5.702811244979919536e+01 9.153880209907913623e-02 1.000000000000000056e-01
5.742971887550200449e+01 -2.854645787907773014e-01 1.000000000000000056e-01
5.783132530120482073e+01 -6.671226340566491220e-02 1.000000000000000056e-01
5.823293172690762987e+01 -1.432274625270810731e-01 1.000000000000000056e-01
5.863453815261043900e+01 -8.941551017362095455e-02 1.000000000000000056e-01
5.903614457831325524e+01 -9.692761777811038926e-03 1.000000000000000056e-01
5.943775100401606437e+01 1.282965832573030041e-01 1.000000000000000056e-01
5.983935742971887350e+01 3.358714646263981640e-01 1.000000000000000056e-01
6.024096385542168974e+01 4.534947040449682221e-01 1.000000000000000056e-01
6.064257028112449888e+01 3.393579354324344211e-01 1.000000000000000056e-01
6.104417670682730801e+01 7.176724536649269348e-01 1.000000000000000056e-01
6.144578313253011714e+01 8.183234800249707952e-01 1.000000000000000056e-01
6.184738955823293338e+01 7.928082228318681368e-01 1.000000000000000056e-01
6.224899598393574252e+01 5.910190611621678469e-01 1.000000000000000056e-01
6.265060240963855165e+01 2.294491891252704030e-01 1.000000000000000056e-01
6.305220883534136789e+01 -3.971705730315983618e-01 1.000000000000000056e-01
6.345381526104417702e+01 -5.516664581624975972e-01 1.000000000000000056e-01
6.385542168674698615e+01 -5.723841523433036427e-01 1.000000000000000056e-01
6.425702811244980239e+01 -2.635393600559381433e-01 1.000000000000000056e-01
6.465863453815261153e+01 2.429637238671090993e-01 1.000000000000000056e-01
6.506024096385542066e+01 8.844029638003303440e-01 1.000000000000000056e-01
6.546184738955822979e+01 1.358512840738619110e+00 1.000000000000000056e-01
6.586345381526103893e+01 1.682163046008936735e+00 1.000000000000000056e-01
6.626506024096384806e+01 1.798745585128753266e+00 1.000000000000000056e-01
6.666666666666667140e+01 1.885425038542584808e+00 1.000000000000000056e-01
6.706827309236948054e+01 1.543791831474646603e+00 1.000000000000000056e-01
6.746987951807228967e+01 1.840299522522278242e+00 1.000000000000000056e-01
6.787148594377509880e+01 1.732000616072078447e+00 1.000000000000000056e-01
6.827309236947790794e+01 2.049832232732291981e+00 1.000000000000000056e-01
6.867469879518071707e+01 1.992595280846857220e+00 1.000000000000000056e-01
6.907630522088354041e+01 1.833002374674044033e+00 1.000000000000000056e-01
6.947791164658634955e+01 1.688143120648552875e+00 1.000000000000000056e-01
6.987951807228915868e+01 8.115388849675999605e-01 1.000000000000000056e-01
7.028112449799196781e+01 1.270479858389774452e-01 1.000000000000000056e-01
7.068273092369477695e+01 -7.117518055727192205e-01 1.000000000000000056e-01
7.108433734939758608e+01 -1.508663579803651178e+00 1.000000000000000056e-01
7.148594377510039521e+01 -1.514325481964592601e+00 1.000000000000000056e-01
7.188755020080321856e+01 -1.142320311100134544e+00 1.000000000000000056e-01
7.228915662650602769e+01 2.253249868286294130e-03 1.000000000000000056e-01
7.269076305220883683e+01 7.856724161464719858e-01 1.000000000000000056e-01
7.309236947791164596e+01 1.463146837134584377e+00 1.000000000000000056e-01
7.349397590361445509e+01 1.763329041664386532e+00 1.000000000000000056e-01
7.389558232931726423e+01 1.461053221581916084e+00 1.000000000000000056e-01
7.429718875502007336e+01 1.306443559458436487e+00 1.000000000000000056e-01
7.469879518072289670e+01 1.344718975105183123e+00 1.000000000000000056e-01
7.510040160642570584e+01 1.159190081909337700e+00 1.000000000000000056e-01
7.550200803212851497e+01 8.554317409781871939e-01 1.000000000000000056e-01
7.590361445783132410e+01 9.132515740384690162e-01 1.000000000000000056e-01
7.630522088353413324e+01 7.703813340225723616e-01 1.000000000000000056e-01
7.670682730923694237e+01 5.885954658249941129e-01 1.000000000000000056e-01
7.710843373493975150e+01 6.840857400565433233e-01 1.000000000000000056e-01
7.751004016064257485e+01 6.655665112753254009e-01 1.000000000000000056e-01
7.791164658634538398e+01 8.445500793836518971e-01 1.000000000000000056e-01
7.831325301204819311e+01 7.719662406296975421e-01 1.000000000000000056e-01
7.871485943775100225e+01 1.307079591989513290e+00 1.000000000000000056e-01
7.911646586345381138e+01 1.397975211839107557e+00 1.000000000000000056e-01
7.951807228915662051e+01 1.852118069778143639e+00 1.000000000000000056e-01
7.991967871485944386e+01 2.030355364744115043e+00 1.000000000000000056e-01
8.032128514056225299e+01 1.843135686838858422e+00 1.000000000000000056e-01
8.072289156626506212e+01 1.378610350355808478e+00 1.000000000000000056e-01
8.112449799196787126e+01 8.127898966071125386e-01 1.000000000000000056e-01
8.152610441767068039e+01 -1.473140602781178587e-01 1.000000000000000056e-01
8.192771084337348952e+01 -6.345583245140151707e-01 1.000000000000000056e-01
8.232931726907629866e+01 -7.621803286111364928e-01 1.000000000000000056e-01
8.273092369477912200e+01 -4.232854748441378656e-01 1.000000000000000056e-01
8.313253012048193114e+01 -4.818282349145815990e-01 1.000000000000000056e-01
8.353413654618474027e+01 -6.123489651614466567e-01 1.000000000000000056e-01
8.393574297188754940e+01 -8.062581350732501706e-01 1.000000000000000056e-01
8.433734939759035854e+01 -1.226082663298889264e+00 1.000000000000000056e-01
8.473895582329316767e+01 -1.697766801619464694e+00 1.000000000000000056e-01
8.514056224899597680e+01 -2.072669950420685137e+00 1.000000000000000056e-01
8.554216867469880015e+01 -2.390611653608428533e+00 1.000000000000000056e-01
8.594377510040160928e+01 -2.631422649120892299e+00 1.000000000000000056e-01
8.634538152610441841e+01 -3.007302039019277728e+00 1.000000000000000056e-01
8.674698795180722755e+01 -2.701084240248279755e+00 1.000000000000000056e-01
8.714859437751003668e+01 -2.706628223798490662e+00 1.000000000000000056e-01
8.755020080321284581e+01 -2.329535807165139971e+00 1.000000000000000056e-01
8.795180722891566916e+01 -2.223242577463891756e+00 1.000000000000000056e-01
8.835341365461847829e+01 -1.867609331978732135e+00 1.000000000000000056e-01
8.875502008032128742e+01 -1.640951873507918490e+00 1.000000000000000056e-01
8.915662650602409656e+01 -1.285537366709259111e+00 1.000000000000000056e-01
8.955823293172690569e+01 -9.480202450112205081e-01 1.000000000000000056e-01
8.995983935742971482e+01 -4.786149789644594255e-01 1.000000000000000056e-01
9.036144578313252396e+01 -3.034164214995820896e-01 1.000000000000000056e-01
9.076305220883534730e+01 -5.405246875809646134e-01 1.000000000000000056e-01
9.116465863453815643e+01 -8.977113342822919950e-01 1.000000000000000056e-01
9.156626506024096557e+01 -1.494384917604697049e+00 1.000000000000000056e-01
9.196787148594377470e+01 -1.674885948535431490e+00 1.000000000000000056e-01
9.236947791164658383e+01 -1.637396891933503129e+00 1.000000000000000056e-01
9.277108433734939297e+01 -1.096967691024029579e+00 1.000000000000000056e-01
9.317269076305220210e+01 -6.512974220395911784e-01 1.000000000000000056e-01
9.357429718875502545e+01 -2.537095683593327405e-02 1.000000000000000056e-01
9.397590361445783458e+01 5.285402387447007966e-01 1.000000000000000056e-01
9.437751004016064371e+01 9.922222146758067352e-01 1.000000000000000056e-01
9.477911646586345285e+01 1.294142680230742970e+00 1.000000000000000056e-01
9.518072289156626198e+01 1.529495201731063236e+00 1.000000000000000056e-01
9.558232931726907111e+01 1.461064345387918850e+00 1.000000000000000056e-01
9.598393574297188025e+01 1.189022562486135026e+00 1.000000000000000056e-01
9.638554216867470359e+01 6.849245639288328302e-01 1.000000000000000056e-01
9.678714859437751272e+01 4.274255034888641003e-02 1.000000000000000056e-01
9.718875502008032186e+01 -2.968944535376624727e-01 1.000000000000000056e-01
9.759036144578313099e+01 -8.660455427169317932e-01 1.000000000000000056e-01
9.799196787148594012e+01 -5.526258953190551493e-01 1.000000000000000056e-01
9.839357429718874926e+01 -2.906904353911337474e-02 1.000000000000000056e-01
9.879518072289157260e+01 8.076659407611157526e-01 1.000000000000000056e-01
9.919678714859438173e+01 1.892833635679885607e+00 1.000000000000000056e-01
9.959839357429719087e+01 2.414380138677262089e+00 1.000000000000000056e-01
1.000000000000000000e+02 2.916950629204724255e+00 1.000000000000000056e-01
