0.000000000000000000e+00 -8.499652591816200808e-02 1.000000000000000056e-01
4.016064257028112428e-01 -2.109686230652229044e-01 1.000000000000000056e-01
8.032128514056224855e-01 -4.483143270166106142e-01 1.000000000000000056e-01
1.204819277108433617e+00 -3.938641524898570667e-01 1.000000000000000056e-01
1.606425702811244971e+00 -2.604916452900409851e-01 1.000000000000000056e-01
2.008032128514056325e+00 -3.193514838980489046e-01 1.000000000000000056e-01
2.409638554216867234e+00 -7.679855296571913570e-02 1.000000000000000056e-01
2.811244979919678588e+00 -2.105324133994183888e-01 1.000000000000000056e-01
3.212851405622489942e+00 -1.327672406553253026e-01 1.000000000000000056e-01
3.614457831325301296e+00 1.993623652902887788e-01 1.000000000000000056e-01
4.016064257028112650e+00 4.731335601392073764e-01 1.000000000000000056e-01
4.417670682730923559e+00 6.314564869632113275e-01 1.000000000000000056e-01
4.819277108433734469e+00 5.612568470624406114e-01 1.000000000000000056e-01
5.220883534136546267e+00 2.958176716227914893e-01 1.000000000000000056e-01
5.622489959839357176e+00 -2.927765095028205811e-01 1.000000000000000056e-01
6.024096385542168974e+00 -7.714541832495510620e-01 1.000000000000000056e-01
6.425702811244979884e+00 -8.498286905309235806e-01 1.000000000000000056e-01
6.827309236947790794e+00 -1.256626994694813648e+00 1.000000000000000056e-01
7.228915662650602592e+00 -7.076519815792757795e-01 1.000000000000000056e-01
7.630522088353413501e+00 -1.178268449584266853e-01 1.000000000000000056e-01
8.032128514056225299e+00 2.066497991951300461e-01 1.000000000000000056e-01
8.433734939759036209e+00 9.141194304678224025e-01 1.000000000000000056e-01
8.835341365461847118e+00 7.800066569017725104e-01 1.000000000000000056e-01
9.236947791164658028e+00 9.134703774700227985e-01 1.000000000000000056e-01
9.638554216867468938e+00 8.114335643383807639e-01 1.000000000000000056e-01
1.004016064257028162e+01 7.473561925355985958e-01 1.000000000000000056e-01
1.044176706827309253e+01 4.657274148121799962e-01 1.000000000000000056e-01
1.084337349397590344e+01 6.858478372064859274e-03 1.000000000000000056e-01
1.124497991967871435e+01 -8.583179664992788283e-01 1.000000000000000056e-01
1.164658634538152526e+01 -1.601792253696181501e+00 1.000000000000000056e-01
1.204819277108433795e+01 -2.364421818932821662e+00 1.000000000000000056e-01
1.244979919678714886e+01 -2.682267784493461704e+00 1.000000000000000056e-01
1.285140562248995977e+01 -2.681593302205706131e+00 1.000000000000000056e-01
1.325301204819277068e+01 -2.021418975790553851e+00 1.000000000000000056e-01
1.365461847389558159e+01 -9.870223583769046627e-01 1.000000000000000056e-01
1.405622489959839427e+01 1.691343780232526517e-02 1.000000000000000056e-01
1.445783132530120518e+01 2.917336921859720045e-01 1.000000000000000056e-01
1.485943775100401609e+01 4.589368348162448097e-01 1.000000000000000056e-01
1.526104417670682700e+01 8.801908100970368132e-03 1.000000000000000056e-01
1.566265060240963791e+01 -5.709936290860014863e-01 1.000000000000000056e-01
1.606425702811245060e+01 -1.839268514158832746e+00 1.000000000000000056e-01
1.646586345381525973e+01 -2.286140834076953787e+00 1.000000000000000056e-01
1.686746987951807242e+01 -2.577919392488766448e+00 1.000000000000000056e-01
1.726907630522088510e+01 -2.033241655405119808e+00 1.000000000000000056e-01
1.767068273092369424e+01 -1.459115073837640830e+00 1.000000000000000056e-01
1.807228915662650692e+01 -1.062530706179312778e+00 1.000000000000000056e-01
1.847389558232931606e+01 -9.542398725931116044e-01 1.000000000000000056e-01
1.887550200803212874e+01 -1.202232652572254201e+00 1.000000000000000056e-01
1.927710843373493788e+01 -1.348370011577175065e+00 1.000000000000000056e-01
1.967871485943775056e+01 -1.420666817795700254e+00 1.000000000000000056e-01
2.008032128514056325e+01 -1.177489122670454691e+00 1.000000000000000056e-01
2.048192771084337238e+01 -8.859483502843609193e-01 1.000000000000000056e-01
2.088353413654618507e+01 -5.830216551459587171e-01 1.000000000000000056e-01
2.128514056224899420e+01 2.446072793344909457e-01 1.000000000000000056e-01
2.168674698795180689e+01 9.249389597731745294e-01 1.000000000000000056e-01
2.208835341365461957e+01 1.639806741369622900e+00 1.000000000000000056e-01
2.248995983935742871e+01 1.984981625370525471e+00 1.000000000000000056e-01
2.289156626506024139e+01 1.527762749008813703e+00 1.000000000000000056e-01
2.329317269076305053e+01 1.001088756280166914e+00 1.000000000000000056e-01
2.369477911646586321e+01 3.464514255819298172e-01 1.000000000000000056e-01
2.409638554216867590e+01 -3.413567084073835245e-01 1.000000000000000056e-01
2.449799196787148503e+01 -6.546665149171245757e-01 1.000000000000000056e-01
2.489959839357429772e+01 -9.455033774466478080e-01 1.000000000000000056e-01
2.530120481927710685e+01 -6.834829277842167095e-01 1.000000000000000056e-01
2.570281124497991954e+01 -2.352900981435251393e-01 1.000000000000000056e-01
2.610441767068273222e+01 9.420876199533512185e-02 1.000000000000000056e-01
2.650602409638554136e+01 5.206881292489522889e-02 1.000000000000000056e-01
2.690763052208835404e+01 -2.973823372124893005e-01 1.000000000000000056e-01
2.730923694779116317e+01 -8.134482395521858145e-01 1.000000000000000056e-01
2.771084337349397586e+01 -1.129780231780327826e+00 1.000000000000000056e-01
2.811244979919678855e+01 -1.556232875140455718e+00 1.000000000000000056e-01
2.851405622489959768e+01 -1.672554104092147886e+00 1.000000000000000056e-01
2.891566265060241037e+01 -1.799983689486328586e+00 1.000000000000000056e-01
2.931726907630521950e+01 -1.620816308895245861e+00 1.000000000000000056e-01
2.971887550200803219e+01 -1.023190739168417407e+00 1.000000000000000056e-01
3.012048192771084487e+01 -6.130320929000773189e-01 1.000000000000000056e-01
3.052208835341365400e+01 -3.419431103433417246e-02 1.000000000000000056e-01
3.092369477911646669e+01 7.409932417056322995e-01 1.000000000000000056e-01
3.132530120481927582e+01 6.896464732384594010e-01 1.000000000000000056e-01
3.172690763052208851e+01 5.361502302562495270e-01 1.000000000000000056e-01
3.212851405622490120e+01 1.443177221234709373e-01 1.000000000000000056e-01
3.253012048192771033e+01 -4.747742520387527865e-01 1.000000000000000056e-01
3.293172690763051946e+01 -8.758707857513089445e-01 1.000000000000000056e-01
3.333333333333333570e+01 -1.033355300932341292e+00 1.000000000000000056e-01
3.373493975903614484e+01 -9.825577623932693072e-01 1.000000000000000056e-01
3.413654618473895397e+01 -3.572420429788349949e-01 1.000000000000000056e-01
3.453815261044177021e+01 -2.200572442176697285e-02 1.000000000000000056e-01
3.493975903614457934e+01 -2.371251489875525753e-01 1.000000000000000056e-01
3.534136546184738847e+01 -2.626120987778196025e-01 1.000000000000000056e-01
3.574297188755019761e+01 -4.207314464879186033e-01 1.000000000000000056e-01
3.614457831325301385e+01 -5.837417686711910969e-01 1.000000000000000056e-01
3.654618473895582298e+01 -3.918284271393964735e-01 1.000000000000000056e-01
3.694779116465863211e+01 -1.749946441302378253e-01 1.000000000000000056e-01
3.734939759036144835e+01 -1.595405566039754808e-01 1.000000000000000056e-01
3.775100401606425748e+01 -2.517698203777761767e-01 1.000000000000000056e-01
3.815261044176706662e+01 -8.191698123672599419e-01 1.000000000000000056e-01
3.855421686746987575e+01 -1.198892315578500511e+00 1.000000000000000056e-01
3.895582329317269199e+01 -1.719822686238132281e+00 1.000000000000000056e-01
3.935742971887550112e+01 -2.011584483246741772e+00 1.000000000000000056e-01
3.975903614457831026e+01 -1.796247374731681390e+00 1.000000000000000056e-01
4.016064257028112650e+01 -1.401679700577170395e+00 1.000000000000000056e-01
4.056224899598393563e+01 -1.242480655859794503e+00 1.000000000000000056e-01
4.096385542168674476e+01 -1.178423850480071700e+00 1.000000000000000056e-01
4.136546184738956100e+01 -1.116546019476046592e+00 1.000000000000000056e-01
4.176706827309237013e+01 -1.033192459185584777e+00 1.000000000000000056e-01
4.216867469879517927e+01 -1.330735136870707658e+00 1.000000000000000056e-01
4.257028112449798840e+01 -1.489406197709025825e+00 1.000000000000000056e-01
4.297188755020080464e+01 -1.960288053739494218e+00 1.000000000000000056e-01
4.337349397590361377e+01 -1.681383548303288178e+00 1.000000000000000056e-01
4.377510040160642291e+01 -1.268894367023491565e+00 1.000000000000000056e-01
4.417670682730923915e+01 -2.208829137305509394e-01 1.000000000000000056e-01
4.457831325301204828e+01 2.067683085575381663e-01 1.000000000000000056e-01
4.497991967871485741e+01 3.145576966081106707e-01 1.000000000000000056e-01
4.538152610441767365e+01 1.847381788273180225e-01 1.000000000000000056e-01
4.578313253012048278e+01 3.375002595478748257e-01 1.000000000000000056e-01
4.618473895582329192e+01 2.995784094961036481e-01 1.000000000000000056e-01
4.658634538152610105e+01 4.387428967712742045e-01 1.000000000000000056e-01
4.698795180722891729e+01 3.860074417641093936e-01 1.000000000000000056e-01
4.738955823293172642e+01 1.468037593941705632e-01 1.000000000000000056e-01
4.779116465863453556e+01 -5.944447051460006737e-01 1.000000000000000056e-01
4.819277108433735179e+01 -1.010562048939454671e+00 1.000000000000000056e-01
4.859437751004016093e+01 -1.919818003713426480e+00 1.000000000000000056e-01
4.899598393574297006e+01 -2.226892605733785668e+00 1.000000000000000056e-01
4.939759036144578630e+01 -2.237379377013248405e+00 1.000000000000000056e-01
4.979919678714859543e+01 -2.096466881787693026e+00 1.000000000000000056e-01
5.020080321285140457e+01 -1.590399490560468143e+00 1.000000000000000056e-01
5.060240963855421370e+01 -9.812156649625118909e-01 1.000000000000000056e-01
5.100401606425702994e+01 -6.639520697438241470e-01 1.000000000000000056e-01
5.140562248995983907e+01 -8.998287148262094914e-02 1.000000000000000056e-01
5.180722891566264821e+01 7.286820765143402490e-01 1.000000000000000056e-01
5.220883534136546444e+01 1.459893041988128859e+00 1.000000000000000056e-01
5.261044176706827358e+01 1.658632436900480123e+00 1.000000000000000056e-01
5.301204819277108271e+01 1.616092007772094385e+00 1.000000000000000056e-01
5.341365461847389184e+01 1.338117999391950086e+00 1.000000000000000056e-01
5.381526104417670808e+01 8.343495638815159321e-01 1.000000000000000056e-01
5.421686746987951722e+01 3.874508118637748910e-01 1.000000000000000056e-01
5.461847389558232635e+01 -1.840552989337326251e-01 1.000000000000000056e-01
5.502008032128514259e+01 -6.712421023729089331e-01 1.000000000000000056e-01
5.542168674698795172e+01 -1.085574514460315054e+00 1.000000000000000056e-01
5.582329317269076085e+01 -1.286930332752662887e+00 1.000000000000000056e-01
5.622489959839357709e+01 -1.479163610892644698e+00 1.000000000000000056e-01
5.662650602409638623e+01 -1.671020750139040389e+00 1.000000000000000056e-01
5.702811244979919536e+01 -1.466466998295813617e+00 1.000000000000000056e-01
5.742971887550200449e+01 -1.374652503465145559e+00 1.000000000000000056e-01
5.783132530120482073e+01 -8.602396927134839943e-01 1.000000000000000056e-01
5.823293172690762987e+01 -7.690844440843707108e-01 1.000000000000000056e-01
5.863453815261043900e+01 -6.423271413495225124e-01 1.000000000000000056e-01
5.903614457831325524e+01 -6.648280328412452533e-01 1.000000000000000056e-01
5.943775100401606437e+01 -5.232105281052752410e-01 1.000000000000000056e-01
5.983935742971887350e+01 -5.266125703555488702e-01 1.000000000000000056e-01
6.024096385542168974e+01 -9.232895227990531306e-02 1.000000000000000056e-01
6.064257028112449888e+01 4.026217260449119206e-01 1.000000000000000056e-01
6.104417670682730801e+01 1.019280014945558532e+00 1.000000000000000056e-01
6.144578313253011714e+01 1.487982098325020264e+00 1.000000000000000056e-01
6.184738955823293338e+01 2.193322562896315997e+00 1.000000000000000056e-01
6.224899598393574252e+01 2.450721680665837177e+00 1.000000000000000056e-01
6.265060240963855165e+01 2.174738025384620244e+00 1.000000000000000056e-01
6.305220883534136789e+01 1.978746606702638466e+00 1.000000000000000056e-01
6.345381526104417702e+01 1.788545164051877023e+00 1.000000000000000056e-01
6.385542168674698615e+01 1.108503121710047390e+00 1.000000000000000056e-01
6.425702811244980239e+01 8.587160595229772486e-01 1.000000000000000056e-01
6.465863453815261153e+01 9.175072107930803966e-02 1.000000000000000056e-01
6.506024096385542066e+01 1.341040221580873382e-01 1.000000000000000056e-01
6.546184738955822979e+01 1.252328720625709713e-01 1.000000000000000056e-01
6.586345381526103893e+01 3.054293432230886229e-01 1.000000000000000056e-01
6.626506024096384806e+01 3.625739006829159505e-01 1.000000000000000056e-01
6.666666666666667140e+01 6.943155426729485935e-01 1.000000000000000056e-01
6.706827309236948054e+01 1.068154326457742442e+00 1.000000000000000056e-01
6.746987951807228967e+01 1.455160023508124789e+00 1.000000000000000056e-01
6.787148594377509880e+01 1.544649841883297237e+00 1.000000000000000056e-01
6.827309236947790794e+01 1.651610859990826352e+00 1.000000000000000056e-01
6.867469879518071707e+01 1.837761937442355720e+00 1.000000000000000056e-01
6.907630522088354041e+01 1.606347504745460730e+00 1.000000000000000056e-01
6.947791164658634955e+01 1.119764034649126661e+00 1.000000000000000056e-01
6.987951807228915868e+01 3.391795208681859797e-01 1.000000000000000056e-01
7.028112449799196781e+01 -3.563343677091698747e-01 1.000000000000000056e-01
7.068273092369477695e+01 -6.969502895407003740e-01 1.000000000000000056e-01
7.108433734939758608e+01 -1.066487603984815014e+00 1.000000000000000056e-01
7.148594377510039521e+01 -1.211226307350388165e+00 1.000000000000000056e-01
7.188755020080321856e+01 -1.033329002838948796e+00 1.000000000000000056e-01
7.228915662650602769e+01 -5.274361793885394833e-01 1.000000000000000056e-01
7.269076305220883683e+01 2.839553083501258207e-02 1.000000000000000056e-01
7.309236947791164596e+01 4.497579449713122179e-01 1.000000000000000056e-01
7.349397590361445509e+01 1.075765393701423545e+00 1.000000000000000056e-01
7.389558232931726423e+01 1.311114244616823798e+00 1.000000000000000056e-01
7.429718875502007336e+01 1.499907422337103391e+00 1.000000000000000056e-01
7.469879518072289670e+01 1.831675053750172033e+00 1.000000000000000056e-01
7.510040160642570584e+01 1.898938199576238217e+00 1.000000000000000056e-01
7.550200803212851497e+01 1.722106435930690571e+00 1.000000000000000056e-01
7.590361445783132410e+01 1.372784867693016775e+00 1.000000000000000056e-01
7.630522088353413324e+01 6.920249226545654997e-01 1.000000000000000056e-01
7.670682730923694237e+01 1.478875103505924993e-01 1.000000000000000056e-01
7.710843373493975150e+01 -1.986810506076545357e-01 1.000000000000000056e-01
7.751004016064257485e+01 -4.057120520163018940e-01 1.000000000000000056e-01
7.791164658634538398e+01 -1.757358134443168518e-01 1.000000000000000056e-01
7.831325301204819311e+01 1.877561321299008046e-01 1.000000000000000056e-01
7.871485943775100225e+01 4.473000444472410853e-01 1.000000000000000056e-01
7.911646586345381138e+01 7.406993856704248147e-01 1.000000000000000056e-01
7.951807228915662051e+01 1.539311973690483892e+00 1.000000000000000056e-01
7.991967871485944386e+01 1.808841726191185773e+00 1.000000000000000056e-01
8.032128514056225299e+01 2.474580020102581379e+00 1.000000000000000056e-01
8.072289156626506212e+01 3.084220487218483964e+00 1.000000000000000056e-01
8.112449799196787126e+01 2.931215554840411741e+00 1.000000000000000056e-01
8.152610441767068039e+01 2.715121829546542020e+00 1.000000000000000056e-01
8.192771084337348952e+01 2.644638370876967404e+00 1.000000000000000056e-01
8.232931726907629866e+01 2.096137917214934809e+00 1.000000000000000056e-01
8.273092369477912200e+01 1.917253160817716795e+00 1.000000000000000056e-01
8.313253012048193114e+01 1.245559378736158518e+00 1.000000000000000056e-01
8.353413654618474027e+01 6.653336976872944453e-01 1.000000000000000056e-01
8.393574297188754940e+01 1.452690165953194334e-01 1.000000000000000056e-01
8.433734939759035854e+01 -9.539349717969908271e-02 1.000000000000000056e-01
8.473895582329316767e+01 -5.617192070476002552e-01 1.000000000000000056e-01
8.514056224899597680e+01 -6.658399550628629759e-01 1.000000000000000056e-01
8.554216867469880015e+01 -9.573833431388706350e-01 1.000000000000000056e-01
8.594377510040160928e+01 -1.557937516378763654e+00 1.000000000000000056e-01
8.634538152610441841e+01 -1.829850486284211986e+00 1.000000000000000056e-01
8.674698795180722755e+01 -1.894967057572647828e+00 1.000000000000000056e-01
8.714859437751003668e+01 -1.905273217609675385e+00 1.000000000000000056e-01
8.755020080321284581e+01 -1.317887941684334541e+00 1.000000000000000056e-01
8.795180722891566916e+01 -8.521521680008821154e-01 1.000000000000000056e-01
8.835341365461847829e+01 -6.044986819090381047e-01 1.000000000000000056e-01
8.875502008032128742e+01 -6.133541092617729173e-01 1.000000000000000056e-01
8.915662650602409656e+01 -8.299156247795662633e-01 1.000000000000000056e-01
8.955823293172690569e+01 -7.754989944633594590e-01 1.000000000000000056e-01
8.995983935742971482e+01 -4.367008874924874218e-01 1.000000000000000056e-01
9.036144578313252396e+01 2.032764196521785749e-01 1.000000000000000056e-01
9.076305220883534730e+01 8.794312854254608958e-01 1.000000000000000056e-01
9.116465863453815643e+01 1.426848406732733610e+00 1.000000000000000056e-01
9.156626506024096557e+01 2.105700141900840094e+00 1.000000000000000056e-01
9.196787148594377470e+01 2.437473540151762652e+00 1.000000000000000056e-01
9.236947791164658383e+01 2.552471467146020689e+00 1.000000000000000056e-01
9.277108433734939297e+01 2.550257318726314448e+00 1.000000000000000056e-01
9.317269076305220210e+01 2.233592789905136211e+00 1.000000000000000056e-01
9.357429718875502545e+01 1.982373517467078239e+00 1.000000000000000056e-01
9.397590361445783458e+01 2.158744603128514239e+00 1.000000000000000056e-01
9.437751004016064371e+01 2.223639494946283879e+00 1.000000000000000056e-01
9.477911646586345285e+01 1.747310776796146659e+00 1.000000000000000056e-01
9.518072289156626198e+01 7.609076698552454943e-01 1.000000000000000056e-01
9.558232931726907111e+01 -4.509652224783972096e-01 1.000000000000000056e-01
9.598393574297188025e+01 -1.692447870636939244e+00 1.000000000000000056e-01
9.638554216867470359e+01 -2.405574716584314210e+00 1.000000000000000056e-01
9.678714859437751272e+01 -2.438642788777078518e+00 1.000000000000000056e-01
9.718875502008032186e+01 -2.134740369788565406e+00 1.000000000000000056e-01
9.759036144578313099e+01 -1.538248432604141236e+00 1.000000000000000056e-01
9.799196787148594012e+01 -6.720527216044019925e-01 1.000000000000000056e-01
9.839357429718874926e+01 2.563830751859683676e-01 1.000000000000000056e-01
9.879518072289157260e+01 9.182593140445660662e-01 1.000000000000000056e-01
9.919678714859438173e+01 1.330321651106095571e+00 1.000000000000000056e-01
9.959839357429719087e+01 1.488018163862809384e+00 1.000000000000000056e-01
1.000000000000000000e+02 9.085261071171796265e-01 1.000000000000000056e-01
