0.000000000000000000e+00 8.076089890854868392e-01 1.000000000000000056e-01
4.016064257028112428e-01 7.040665043647701404e-01 1.000000000000000056e-01
8.032128514056224855e-01 9.066466204217715763e-01 1.000000000000000056e-01
1.204819277108433617e+00 5.974374041966753479e-01 1.000000000000000056e-01
1.606425702811244971e+00 6.592947059652433106e-01 1.000000000000000056e-01
2.008032128514056325e+00 8.310095904399242839e-01 1.000000000000000056e-01
2.409638554216867234e+00 6.968787596276655449e-01 1.000000000000000056e-01
2.811244979919678588e+00 9.249185644621992219e-01 1.000000000000000056e-01
3.212851405622489942e+00 1.031838826750249405e+00 1.000000000000000056e-01
3.614457831325301296e+00 1.463405063903192360e+00 1.000000000000000056e-01
4.016064257028112650e+00 1.840974921268563103e+00 1.000000000000000056e-01
4.417670682730923559e+00 1.953076722910372709e+00 1.000000000000000056e-01
4.819277108433734469e+00 2.127968981683301397e+00 1.000000000000000056e-01
5.220883534136546267e+00 2.396329896691588246e+00 1.000000000000000056e-01
5.622489959839357176e+00 2.395927613620222552e+00 1.000000000000000056e-01
6.024096385542168974e+00 2.190637797267508180e+00 1.000000000000000056e-01
6.425702811244979884e+00 2.021521274046243377e+00 1.000000000000000056e-01
6.827309236947790794e+00 1.734805532765598013e+00 1.000000000000000056e-01
7.228915662650602592e+00 1.660073071503716635e+00 1.000000000000000056e-01
7.630522088353413501e+00 1.319775164408018231e+00 1.000000000000000056e-01
8.032128514056225299e+00 1.396639005655729182e+00 1.000000000000000056e-01
8.433734939759036209e+00 1.632655188766305443e+00 1.000000000000000056e-01
8.835341365461847118e+00 1.612234801295437947e+00 1.000000000000000056e-01
9.236947791164658028e+00 1.798007314568822457e+00 1.000000000000000056e-01
9.638554216867468938e+00 1.634433661392402648e+00 1.000000000000000056e-01
1.004016064257028162e+01 1.544655795100869478e+00 1.000000000000000056e-01
1.044176706827309253e+01 1.351185672869795296e+00 1.000000000000000056e-01
1.084337349397590344e+01 1.463221133784654349e+00 1.000000000000000056e-01
1.124497991967871435e+01 1.216952161868855686e+00 1.000000000000000056e-01
1.164658634538152526e+01 1.446777992022713955e+00 1.000000000000000056e-01
1.204819277108433795e+01 1.570351715169141738e+00 1.000000000000000056e-01
1.244979919678714886e+01 1.778929251445192428e+00 1.000000000000000056e-01
1.285140562248995977e+01 1.912544437634049022e+00 1.000000000000000056e-01
1.325301204819277068e+01 2.078444776146002315e+00 1.000000000000000056e-01
1.365461847389558159e+01 1.990041026870907004e+00 1.000000000000000056e-01
1.405622489959839427e+01 2.018884826895836149e+00 1.000000000000000056e-01
1.445783132530120518e+01 2.311773100730232233e+00 1.000000000000000056e-01
1.485943775100401609e+01 2.109942637835404255e+00 1.000000000000000056e-01
1.526104417670682700e+01 2.304421553814207435e+00 1.000000000000000056e-01
1.566265060240963791e+01 2.198773471808951552e+00 1.000000000000000056e-01
1.606425702811245060e+01 2.502089535499228745e+00 1.000000000000000056e-01
1.646586345381525973e+01 2.471707810926161653e+00 1.000000000000000056e-01
1.686746987951807242e+01 2.532875485179868935e+00 1.000000000000000056e-01
1.726907630522088510e+01 2.787742019012417583e+00 1.000000000000000056e-01
1.767068273092369424e+01 3.063778805433051478e+00 1.000000000000000056e-01
1.807228915662650692e+01 2.794929221358331439e+00 1.000000000000000056e-01
1.847389558232931606e+01 2.772930392312448866e+00 1.000000000000000056e-01
1.887550200803212874e+01 2.345719891167787452e+00 1.000000000000000056e-01
1.927710843373493788e+01 2.006736771393448748e+00 1.000000000000000056e-01
1.967871485943775056e+01 1.286859643653984531e+00 1.000000000000000056e-01
2.008032128514056325e+01 5.371005626883189610e-01 1.000000000000000056e-01
2.048192771084337238e+01 1.627577400014677544e-01 1.000000000000000056e-01
2.088353413654618507e+01 -2.681106068976188972e-01 1.000000000000000056e-01
2.128514056224899420e+01 -3.305254553760481051e-01 1.000000000000000056e-01
2.168674698795180689e+01 -2.902847426789144092e-01 1.000000000000000056e-01
2.208835341365461957e+01 -1.466724200893475549e-01 1.000000000000000056e-01
2.248995983935742871e+01 9.894714238131170625e-02 1.000000000000000056e-01
2.289156626506024139e+01 2.656811915785702860e-01 1.000000000000000056e-01
2.329317269076305053e+01 5.992412292508277893e-01 1.000000000000000056e-01
2.369477911646586321e+01 4.302462257334795925e-01 1.000000000000000056e-01
2.409638554216867590e+01 6.126918912884797841e-01 1.000000000000000056e-01
2.449799196787148503e+01 5.056676751972604134e-01 1.000000000000000056e-01
2.489959839357429772e+01 3.676390038520848114e-01 1.000000000000000056e-01
2.530120481927710685e+01 1.579824265461624577e-01 1.000000000000000056e-01
2.570281124497991954e+01 1.358667065284990261e-01 1.000000000000000056e-01
2.610441767068273222e+01 7.219181274486557998e-02 1.000000000000000056e-01
2.650602409638554136e+01 2.509599453149591319e-01 1.000000000000000056e-01
2.690763052208835404e+01 -1.729113056939002302e-02 1.000000000000000056e-01
2.730923694779116317e+01 1.614618904202530514e-01 1.000000000000000056e-01
2.771084337349397586e+01 4.702080301576613830e-01 1.000000000000000056e-01
2.811244979919678855e+01 8.531373050402648595e-01 1.000000000000000056e-01
2.851405622489959768e+01 1.120478720071126588e+00 1.000000000000000056e-01
2.891566265060241037e+01 1.479218659823937188e+00 1.000000000000000056e-01
2.931726907630521950e+01 1.575597636530500001e+00 1.000000000000000056e-01
2.971887550200803219e+01 1.895620466071646915e+00 1.000000000000000056e-01
3.012048192771084487e+01 2.002991229001576556e+00 1.000000000000000056e-01
3.052208835341365400e+01 2.218015032733080538e+00 1.000000000000000056e-01
3.092369477911646669e+01 1.807641211369727996e+00 1.000000000000000056e-01
3.132530120481927582e+01 1.700678946743055420e+00 1.000000000000000056e-01
3.172690763052208851e+01 1.697934253865317711e+00 1.000000000000000056e-01
3.212851405622490120e+01 1.672608099314401464e+00 1.000000000000000056e-01
3.253012048192771033e+01 1.231409917749606953e+00 1.000000000000000056e-01
3.293172690763051946e+01 8.373864329896375525e-01 1.000000000000000056e-01
3.333333333333333570e+01 5.212453401788490481e-01 1.000000000000000056e-01
3.373493975903614484e+01 2.865996129784163515e-01 1.000000000000000056e-01
3.413654618473895397e+01 1.130099550521132534e-02 1.000000000000000056e-01
3.453815261044177021e+01 -3.775731865554108474e-02 1.000000000000000056e-01
3.493975903614457934e+01 -6.561520193146086477e-02 1.000000000000000056e-01
3.534136546184738847e+01 -3.026548165472409124e-02 1.000000000000000056e-01
3.574297188755019761e+01 4.191344856681061132e-02 1.000000000000000056e-01
3.614457831325301385e+01 -1.022370572589767490e-02 1.000000000000000056e-01
3.654618473895582298e+01 2.837320773614814273e-01 1.000000000000000056e-01
3.694779116465863211e+01 4.271569423829732481e-01 1.000000000000000056e-01
3.734939759036144835e+01 3.943543448467032309e-01 1.000000000000000056e-01
3.775100401606425748e+01 5.369328292470824104e-01 1.000000000000000056e-01
3.815261044176706662e+01 6.966403771996190208e-01 1.000000000000000056e-01
3.855421686746987575e+01 4.856012489134959309e-01 1.000000000000000056e-01
3.895582329317269199e+01 6.499190765698431571e-01 1.000000000000000056e-01
3.935742971887550112e+01 6.687028564751452686e-01 1.000000000000000056e-01
3.975903614457831026e+01 3.992678281715610344e-01 1.000000000000000056e-01
4.016064257028112650e+01 2.129844388299690916e-01 1.000000000000000056e-01
4.056224899598393563e+01 -2.983095664569479499e-01 1.000000000000000056e-01
4.096385542168674476e+01 -4.983961282532535231e-01 1.000000000000000056e-01
4.136546184738956100e+01 -8.114698476255866044e-01 1.000000000000000056e-01
4.176706827309237013e+01 -1.336860466172722139e+00 1.000000000000000056e-01
4.216867469879517927e+01 -1.636430910866772059e+00 1.000000000000000056e-01
4.257028112449798840e+01 -1.996330828562868254e+00 1.000000000000000056e-01
4.297188755020080464e+01 -2.311299777689962642e+00 1.000000000000000056e-01
4.337349397590361377e+01 -2.340519340564823025e+00 1.000000000000000056e-01
4.377510040160642291e+01 -2.065920642846982958e+00 1.000000000000000056e-01
4.417670682730923915e+01 -1.817810338083829080e+00 1.000000000000000056e-01
4.457831325301204828e+01 -1.824281715244385094e+00 1.000000000000000056e-01
4.497991967871485741e+01 -1.546163102920553589e+00 1.000000000000000056e-01
4.538152610441767365e+01 -1.818573866961548102e+00 1.000000000000000056e-01
4.578313253012048278e+01 -1.593021613526114155e+00 1.000000000000000056e-01
4.618473895582329192e+01 -1.970476766864537321e+00 1.000000000000000056e-01
4.658634538152610105e+01 -1.983994909799602357e+00 1.000000000000000056e-01
4.698795180722891729e+01 -1.992529063993425886e+00 1.000000000000000056e-01
4.738955823293172642e+01 -2.382051062704359179e+00 1.000000000000000056e-01
4.779116465863453556e+01 -2.304826015764085412e+00 1.000000000000000056e-01
4.819277108433735179e+01 -2.387927598816626862e+00 1.000000000000000056e-01
4.859437751004016093e+01 -2.163062961795148009e+00 1.000000000000000056e-01
4.899598393574297006e+01 -2.081451260800271541e+00 1.000000000000000056e-01
4.939759036144578630e+01 -1.945440507914748096e+00 1.000000000000000056e-01
4.979919678714859543e+01 -1.723447064194357781e+00 1.000000000000000056e-01
5.020080321285140457e+01 -1.575905993241457637e+00 1.000000000000000056e-01
5.060240963855421370e+01 -1.413710358673367251e+00 1.000000000000000056e-01
5.100401606425702994e+01 -1.227546228372796921e+00 1.000000000000000056e-01
5.140562248995983907e+01 -1.027733671507426338e+00 1.000000000000000056e-01
5.180722891566264821e+01 -1.121844718864287493e+00 1.000000000000000056e-01
5.220883534136546444e+01 -9.400192686224607685e-01 1.000000000000000056e-01
5.261044176706827358e+01 -7.762194679789307106e-01 1.000000000000000056e-01
5.301204819277108271e+01 -5.145736443931072657e-01 1.000000000000000056e-01
5.341365461847389184e+01 -4.229162849276919545e-01 1.000000000000000056e-01
5.381526104417670808e+01 -1.202966329493207337e-01 1.000000000000000056e-01
5.421686746987951722e+01 4.622173285499595052e-02 1.000000000000000056e-01
5.461847389558232635e+01 -1.583218075592170149e-02 1.000000000000000056e-01
5.502008032128514259e+01 1.043487631483147049e-01 1.000000000000000056e-01
5.542168674698795172e+01 -3.376352226448849775e-02 1.000000000000000056e-01
5.582329317269076085e+01 -2.877751085531771724e-01 1.000000000000000056e-01
5.622489959839357709e+01 -5.202165681203452241e-01 1.000000000000000056e-01
5.662650602409638623e+01 -3.378399835434738319e-01 1.000000000000000056e-01
5.702811244979919536e+01 -4.813826555298917897e-01 1.000000000000000056e-01
5.742971887550200449e+01 -5.317769247321911807e-01 1.000000000000000056e-01
5.783132530120482073e+01 -3.531247248850126752e-01 1.000000000000000056e-01
5.823293172690762987e+01 -3.779686120110406500e-01 1.000000000000000056e-01
5.863453815261043900e+01 9.309053913752471376e-02 1.000000000000000056e-01
5.903614457831325524e+01 7.854079393867603731e-02 1.000000000000000056e-01
5.943775100401606437e+01 4.496703551671213384e-03 1.000000000000000056e-01
5.983935742971887350e+01 -2.571269869739594149e-01 1.000000000000000056e-01
6.024096385542168974e+01 -9.454304794928959643e-02 1.000000000000000056e-01
6.064257028112449888e+01 -1.257685380283550258e-01 1.000000000000000056e-01
6.104417670682730801e+01 -1.810783578101122504e-01 1.000000000000000056e-01
6.144578313253011714e+01 -2.918359068707250814e-01 1.000000000000000056e-01
6.184738955823293338e+01 -2.594944829630941308e-01 1.000000000000000056e-01
6.224899598393574252e+01 -3.074731802591821328e-01 1.000000000000000056e-01
6.265060240963855165e+01 -4.529599056331384821e-01 1.000000000000000056e-01
6.305220883534136789e+01 -8.336097820714354067e-02 1.000000000000000056e-01
6.345381526104417702e+01 4.011390128130395971e-02 1.000000000000000056e-01
6.385542168674698615e+01 6.870942333456807605e-01 1.000000000000000056e-01
6.425702811244980239e+01 7.830478020407601880e-01 1.000000000000000056e-01
6.465863453815261153e+01 1.108341852609302070e+00 1.000000000000000056e-01
6.506024096385542066e+01 9.817851369790915328e-01 1.000000000000000056e-01
6.546184738955822979e+01 1.078012392943535458e+00 1.000000000000000056e-01
6.586345381526103893e+01 6.443825547533267306e-01 1.000000000000000056e-01
6.626506024096384806e+01 3.700783800345124885e-01 1.000000000000000056e-01
6.666666666666667140e+01 1.953486116670006406e-02 1.000000000000000056e-01
6.706827309236948054e+01 -4.385164833522516847e-01 1.000000000000000056e-01
6.746987951807228967e+01 -8.753963324797581214e-01 1.000000000000000056e-01
6.787148594377509880e+01 -1.170616505585789335e+00 1.000000000000000056e-01
6.827309236947790794e+01 -1.607174241046883001e+00 1.000000000000000056e-01
6.867469879518071707e+01 -1.852502452016085988e+00 1.000000000000000056e-01
6.907630522088354041e+01 -2.008203358638165348e+00 1.000000000000000056e-01
6.947791164658634955e+01 -2.017108706535192031e+00 1.000000000000000056e-01
6.987951807228915868e+01 -2.094222884569366450e+00 1.000000000000000056e-01
7.028112449799196781e+01 -1.852025648581959949e+00 1.000000000000000056e-01
7.068273092369477695e+01 -1.767700397448956462e+00 1.000000000000000056e-01
7.108433734939758608e+01 -1.600143177259442107e+00 1.000000000000000056e-01
7.148594377510039521e+01 -1.389487636931889147e+00 1.000000000000000056e-01
7.188755020080321856e+01 -1.105985327370963667e+00 1.000000000000000056e-01
7.228915662650602769e+01 -1.059823604849331913e+00 1.000000000000000056e-01
7.269076305220883683e+01 -4.721071794365387930e-01 1.000000000000000056e-01
7.309236947791164596e+01 -3.888366302080347586e-02 1.000000000000000056e-01
7.349397590361445509e+01 7.691017669013044955e-01 1.000000000000000056e-01
7.389558232931726423e+01 8.262278917492972274e-01 1.000000000000000056e-01
7.429718875502007336e+01 1.108598272620304304e+00 1.000000000000000056e-01
7.469879518072289670e+01 1.355259434910519367e+00 1.000000000000000056e-01
7.510040160642570584e+01 1.211974276707459275e+00 1.000000000000000056e-01
7.550200803212851497e+01 6.046383666769573617e-01 1.000000000000000056e-01
7.590361445783132410e+01 4.549712453958039693e-01 1.000000000000000056e-01
7.630522088353413324e+01 1.743220887994358370e-01 1.000000000000000056e-01
7.670682730923694237e+01 3.849319034078660384e-03 1.000000000000000056e-01
7.710843373493975150e+01 -1.952339986663914617e-03 1.000000000000000056e-01
7.751004016064257485e+01 3.435553360388761690e-01 1.000000000000000056e-01
7.791164658634538398e+01 2.487946230881862286e-01 1.000000000000000056e-01
7.831325301204819311e+01 2.295054263782725090e-01 1.000000000000000056e-01
7.871485943775100225e+01 2.116310039369411200e-01 1.000000000000000056e-01
7.911646586345381138e+01 3.321881530905246294e-01 1.000000000000000056e-01
7.951807228915662051e+01 2.595228865166769872e-01 1.000000000000000056e-01
7.991967871485944386e+01 -1.936427573543708647e-02 1.000000000000000056e-01
8.032128514056225299e+01 5.839621032708124104e-02 1.000000000000000056e-01
8.072289156626506212e+01 -1.488848992709422558e-03 1.000000000000000056e-01
8.112449799196787126e+01 -2.835054002648535465e-01 1.000000000000000056e-01
8.152610441767068039e+01 -3.425177295875563299e-01 1.000000000000000056e-01
8.192771084337348952e+01 -3.113363495809778336e-01 1.000000000000000056e-01
8.232931726907629866e+01 -1.772473169986283348e-01 1.000000000000000056e-01
8.273092369477912200e+01 9.148711166898856884e-02 1.000000000000000056e-01
8.313253012048193114e+01 4.983685711400328566e-01 1.000000000000000056e-01
8.353413654618474027e+01 7.830346529701632807e-01 1.000000000000000056e-01
8.393574297188754940e+01 1.219714726233197766e+00 1.000000000000000056e-01
8.433734939759035854e+01 1.199735452281974091e+00 1.000000000000000056e-01
8.473895582329316767e+01 1.209771009197792235e+00 1.000000000000000056e-01
8.514056224899597680e+01 9.433213964792707129e-01 1.000000000000000056e-01
8.554216867469880015e+01 7.011186274050145162e-01 1.000000000000000056e-01
8.594377510040160928e+01 2.594574387316258557e-01 1.000000000000000056e-01
8.634538152610441841e+01 2.759927076142115743e-01 1.000000000000000056e-01
8.674698795180722755e+01 4.757570917827167456e-01 1.000000000000000056e-01
8.714859437751003668e+01 8.423202829328103602e-01 1.000000000000000056e-01
8.755020080321284581e+01 1.189792772300435342e+00 1.000000000000000056e-01
8.795180722891566916e+01 1.631134633197447226e+00 1.000000000000000056e-01
8.835341365461847829e+01 1.712083432099504865e+00 1.000000000000000056e-01
8.875502008032128742e+01 1.573069169020979929e+00 1.000000000000000056e-01
8.915662650602409656e+01 1.257426626589043472e+00 1.000000000000000056e-01
8.955823293172690569e+01 8.587681511118651079e-01 1.000000000000000056e-01
8.995983935742971482e+01 5.419227585230806943e-01 1.000000000000000056e-01
9.036144578313252396e+01 -3.014082769578544929e-01 1.000000000000000056e-01
9.076305220883534730e+01 -4.845982801431480969e-01 1.000000000000000056e-01
9.116465863453815643e+01 -8.727256039359461148e-01 1.000000000000000056e-01
9.156626506024096557e+01 -8.126871142010544391e-01 1.000000000000000056e-01
9.196787148594377470e+01 -4.343730589004846099e-01 1.000000000000000056e-01
9.236947791164658383e+01 1.344499709962141965e-01 1.000000000000000056e-01
9.277108433734939297e+01 5.074357567024171400e-01 1.000000000000000056e-01
9.317269076305220210e+01 8.271006292917214564e-01 1.000000000000000056e-01
9.357429718875502545e+01 8.524321546864264132e-01 1.000000000000000056e-01
9.397590361445783458e+01 1.085728251980063064e+00 1.000000000000000056e-01
9.437751004016064371e+01 6.002333077049347709e-01 1.000000000000000056e-01
9.477911646586345285e+01 2.809414868993290737e-01 1.000000000000000056e-01
9.518072289156626198e+01 -1.605938959889832429e-01 1.000000000000000056e-01
9.558232931726907111e+01 -5.872669806986016150e-01 1.000000000000000056e-01
9.598393574297188025e+01 -8.566017307873842190e-01 1.000000000000000056e-01
9.638554216867470359e+01 -1.371589403040310406e+00 1.000000000000000056e-01
9.678714859437751272e+01 -1.486606931772959994e+00 1.000000000000000056e-01
9.718875502008032186e+01 -1.139149157755511510e+00 1.000000000000000056e-01
9.759036144578313099e+01 -8.164821314845217559e-01 1.000000000000000056e-01
9.799196787148594012e+01 -5.760278007595369676e-01 1.000000000000000056e-01
9.839357429718874926e+01 -4.868793356954896900e-01 1.000000000000000056e-01
9.879518072289157260e+01 -3.263029846368485920e-01 1.000000000000000056e-01
9.919678714859438173e+01 -5.734498044877466283e-01 1.000000000000000056e-01
9.959839357429719087e+01 -8.584840101220767572e-01 1.000000000000000056e-01
1.000000000000000000e+02 -1.268707790676515401e+00 1.000000000000000056e-01
