0.000000000000000000e+00 5.685851876665057869e-01 1.000000000000000056e-01
4.016064257028112428e-01 6.074615928602562498e-01 1.000000000000000056e-01
8.032128514056224855e-01 3.643788388933070221e-01 1.000000000000000056e-01
1.204819277108433617e+00 3.143236880952962053e-01 1.000000000000000056e-01
1.606425702811244971e+00 1.863563453880724696e-01 1.000000000000000056e-01
2.008032128514056325e+00 2.366439356498396818e-02 1.000000000000000056e-01
2.409638554216867234e+00 7.319664502719910870e-02 1.000000000000000056e-01
2.811244979919678588e+00 4.857137648809758956e-02 1.000000000000000056e-01
3.212851405622489942e+00 -1.056548717051148112e-01 1.000000000000000056e-01
3.614457831325301296e+00 -1.027570791306535308e-01 1.000000000000000056e-01
4.016064257028112650e+00 -3.562003154827294571e-01 1.000000000000000056e-01
4.417670682730923559e+00 -1.345064064383518776e-01 1.000000000000000056e-01
4.819277108433734469e+00 -3.092066296179353246e-01 1.000000000000000056e-01
5.220883534136546267e+00 -8.555384590868805317e-01 1.000000000000000056e-01
5.622489959839357176e+00 -1.448790344715414236e+00 1.000000000000000056e-01
6.024096385542168974e+00 -2.185375522768477019e+00 1.000000000000000056e-01
6.425702811244979884e+00 -2.541628013075310388e+00 1.000000000000000056e-01
6.827309236947790794e+00 -2.522486596934776948e+00 1.000000000000000056e-01
7.228915662650602592e+00 -2.308612125880957322e+00 1.000000000000000056e-01
7.630522088353413501e+00 -1.692054945767359708e+00 1.000000000000000056e-01
8.032128514056225299e+00 -9.776344763670599125e-01 1.000000000000000056e-01
8.433734939759036209e+00 9.416931116360310883e-02 1.000000000000000056e-01
8.835341365461847118e+00 1.189967011339265524e+00 1.000000000000000056e-01
9.236947791164658028e+00 2.150362969477647379e+00 1.000000000000000056e-01
9.638554216867468938e+00 3.049762937700643661e+00 1.000000000000000056e-01
1.004016064257028162e+01 3.401286937517187248e+00 1.000000000000000056e-01
1.044176706827309253e+01 3.461544522211286168e+00 1.000000000000000056e-01
1.084337349397590344e+01 3.056376772128251318e+00 1.000000000000000056e-01
1.124497991967871435e+01 2.422781489930423415e+00 1.000000000000000056e-01
1.164658634538152526e+01 1.359218155734788436e+00 1.000000000000000056e-01
1.204819277108433795e+01 8.799091946914016082e-01 1.000000000000000056e-01
1.244979919678714886e+01 6.273376790718381280e-01 1.000000000000000056e-01
1.285140562248995977e+01 6.009118633151935840e-02 1.000000000000000056e-01
1.325301204819277068e+01 -4.151175332261958228e-01 1.000000000000000056e-01
1.365461847389558159e+01 -6.777301385238441167e-01 1.000000000000000056e-01
1.405622489959839427e+01 -9.694070201910485185e-01 1.000000000000000056e-01
1.445783132530120518e+01 -1.043137328360344229e+00 1.000000000000000056e-01
1.485943775100401609e+01 -1.306020161786952460e+00 1.000000000000000056e-01
1.526104417670682700e+01 -1.462886675877009157e+00 1.000000000000000056e-01
1.566265060240963791e+01 -1.788586769378771368e+00 1.000000000000000056e-01
1.606425702811245060e+01 -1.655070063839354066e+00 1.000000000000000056e-01
1.646586345381525973e+01 -1.488859352055272867e+00 1.000000000000000056e-01
1.686746987951807242e+01 -1.390709061311991679e+00 1.000000000000000056e-01
1.726907630522088510e+01 -1.111407125847431177e+00 1.000000000000000056e-01
1.767068273092369424e+01 -1.272224468829734167e+00 1.000000000000000056e-01
1.807228915662650692e+01 -1.083033958702852795e+00 1.000000000000000056e-01
1.847389558232931606e+01 -1.366475636399100635e+00 1.000000000000000056e-01
1.887550200803212874e+01 -1.628780442226863467e+00 1.000000000000000056e-01
1.927710843373493788e+01 -1.786201006634881017e+00 1.000000000000000056e-01
1.967871485943775056e+01 -1.867528883234966797e+00 1.000000000000000056e-01
2.008032128514056325e+01 -2.023924869885676436e+00 1.000000000000000056e-01
2.048192771084337238e+01 -2.230407856438567649e+00 1.000000000000000056e-01
2.088353413654618507e+01 -2.038606801791100320e+00 1.000000000000000056e-01
2.128514056224899420e+01 -1.664803196308254796e+00 1.000000000000000056e-01
2.168674698795180689e+01 -1.328823139601636782e+00 1.000000000000000056e-01
2.208835341365461957e+01 -5.719746903168620999e-01 1.000000000000000056e-01
2.248995983935742871e+01 -4.102736330305358781e-01 1.000000000000000056e-01
2.289156626506024139e+01 -5.059048872515804485e-01 1.000000000000000056e-01
2.329317269076305053e+01 -3.487990424400644884e-01 1.000000000000000056e-01
2.369477911646586321e+01 -2.069990794513650589e-01 1.000000000000000056e-01
2.409638554216867590e+01 3.290226556434001637e-01 1.000000000000000056e-01
2.449799196787148503e+01 8.940104466883015411e-01 1.000000000000000056e-01
2.489959839357429772e+01 9.888862184140494449e-01 1.000000000000000056e-01
2.530120481927710685e+01 1.151076439647499505e+00 1.000000000000000056e-01
2.570281124497991954e+01 1.130756139109384328e+00 1.000000000000000056e-01
2.610441767068273222e+01 1.074869573997578431e+00 1.000000000000000056e-01
2.650602409638554136e+01 1.195556560643677102e+00 1.000000000000000056e-01
2.690763052208835404e+01 1.216763504562828890e+00 1.000000000000000056e-01
2.730923694779116317e+01 1.227098987586117129e+00 1.000000000000000056e-01
2.771084337349397586e+01 9.489093882101151678e-01 1.000000000000000056e-01
2.811244979919678855e+01 3.968260283324393511e-01 1.000000000000000056e-01
2.851405622489959768e+01 2.732991909924432083e-01 1.000000000000000056e-01
2.891566265060241037e+01 2.361860125840478108e-01 1.000000000000000056e-01
2.931726907630521950e+01 4.079969441334502789e-01 1.000000000000000056e-01
2.971887550200803219e+01 4.858765657744846811e-01 1.000000000000000056e-01
3.012048192771084487e+01 -5.474459434540657199e-02 1.000000000000000056e-01
3.052208835341365400e+01 -1.175646335836158407e+00 1.000000000000000056e-01
3.092369477911646669e+01 -2.098821921365769061e+00 1.000000000000000056e-01
3.132530120481927582e+01 -3.036858175084325762e+00 1.000000000000000056e-01
3.172690763052208851e+01 -2.794781570765886958e+00 1.000000000000000056e-01
3.212851405622490120e+01 -2.110198610105553207e+00 1.000000000000000056e-01
3.253012048192771033e+01 -9.066705544336650657e-01 1.000000000000000056e-01
3.293172690763051946e+01 -4.973065874903404016e-02 1.000000000000000056e-01
3.333333333333333570e+01 6.166411797971363962e-01 1.000000000000000056e-01
3.373493975903614484e+01 9.805628356399150869e-01 1.000000000000000056e-01
3.413654618473895397e+01 5.123030646304560509e-01 1.000000000000000056e-01
3.453815261044177021e+01 1.603719483469502605e-01 1.000000000000000056e-01
3.493975903614457934e+01 4.604382899176073796e-02 1.000000000000000056e-01
3.534136546184738847e+01 3.998323785032635302e-01 1.000000000000000056e-01
3.574297188755019761e+01 7.203511442330290393e-01 1.000000000000000056e-01
3.614457831325301385e+01 1.184186878819858180e+00 1.000000000000000056e-01
3.654618473895582298e+01 1.498166002125599139e+00 1.000000000000000056e-01
3.694779116465863211e+01 1.639122584340016786e+00 1.000000000000000056e-01
3.734939759036144835e+01 2.041354511528586269e+00 1.000000000000000056e-01
3.775100401606425748e+01 2.258983958820321991e+00 1.000000000000000056e-01
3.815261044176706662e+01 1.945799883479138570e+00 1.000000000000000056e-01
3.855421686746987575e+01 1.903465758810360287e+00 1.000000000000000056e-01
3.895582329317269199e+01 2.081798017018043012e+00 1.000000000000000056e-01
3.935742971887550112e+01 1.846639372272452562e+00 1.000000000000000056e-01
3.975903614457831026e+01 1.929528490463895629e+00 1.000000000000000056e-01
4.016064257028112650e+01 1.582741645681554843e+00 1.000000000000000056e-01
4.056224899598393563e+01 9.809454747856338752e-01 1.000000000000000056e-01
4.096385542168674476e+01 2.231591167667979214e-01 1.000000000000000056e-01
4.136546184738956100e+01 -8.239114316084287237e-01 1.000000000000000056e-01
4.176706827309237013e+01 -1.483837389268941154e+00 1.000000000000000056e-01
4.216867469879517927e+01 -2.316734016410332497e+00 1.000000000000000056e-01
4.257028112449798840e+01 -2.654275399984449724e+00 1.000000000000000056e-01
4.297188755020080464e+01 -3.158400331215825751e+00 1.000000000000000056e-01
4.337349397590361377e+01 -2.898949920534395819e+00 1.000000000000000056e-01
4.377510040160642291e+01 -2.386288811645425945e+00 1.000000000000000056e-01
4.417670682730923915e+01 -1.545158762966287735e+00 1.000000000000000056e-01
4.457831325301204828e+01 -7.842700497614238930e-01 1.000000000000000056e-01
4.497991967871485741e+01 -1.094793833857838627e-01 1.000000000000000056e-01
4.538152610441767365e+01 4.850292851967921148e-01 1.000000000000000056e-01
4.578313253012048278e+01 1.167120018290679351e+00 1.000000000000000056e-01
4.618473895582329192e+01 1.925120717264971359e+00 1.000000000000000056e-01
4.658634538152610105e+01 2.802418124296682134e+00 1.000000000000000056e-01
4.698795180722891729e+01 2.737351357465360735e+00 1.000000000000000056e-01
4.738955823293172642e+01 2.817461999903481118e+00 1.000000000000000056e-01
4.779116465863453556e+01 2.206655365375786104e+00 1.000000000000000056e-01
4.819277108433735179e+01 1.281357272461622010e+00 1.000000000000000056e-01
4.859437751004016093e+01 -2.867496361418701012e-01 1.000000000000000056e-01
4.899598393574297006e+01 -1.573947688331411410e+00 1.000000000000000056e-01
4.939759036144578630e+01 -2.446788600184332640e+00 1.000000000000000056e-01
4.979919678714859543e+01 -2.813820588480618223e+00 1.000000000000000056e-01
5.020080321285140457e+01 -2.738490064810180424e+00 1.000000000000000056e-01
5.060240963855421370e+01 -2.213536360790183899e+00 1.000000000000000056e-01
5.100401606425702994e+01 -1.841023245878879555e+00 1.000000000000000056e-01
5.140562248995983907e+01 -1.562028214835590401e+00 1.000000000000000056e-01
5.180722891566264821e+01 -1.749263412281518271e+00 1.000000000000000056e-01
5.220883534136546444e+01 -1.794131704174348751e+00 1.000000000000000056e-01
5.261044176706827358e+01 -1.947914133985345631e+00 1.000000000000000056e-01
5.301204819277108271e+01 -2.068951441665622948e+00 1.000000000000000056e-01
5.341365461847389184e+01 -1.616341449553933662e+00 1.000000000000000056e-01
5.381526104417670808e+01 -1.163724346432539969e+00 1.000000000000000056e-01
5.421686746987951722e+01 -1.929436762290763774e-01 1.000000000000000056e-01
5.461847389558232635e+01 3.040348430145792258e-01 1.000000000000000056e-01
5.502008032128514259e+01 3.340317069553668805e-01 1.000000000000000056e-01
5.542168674698795172e+01 -4.159015177269670405e-02 1.000000000000000056e-01
5.582329317269076085e+01 -5.845428395280682921e-01 1.000000000000000056e-01
5.622489959839357709e+01 -1.038339583605199845e+00 1.000000000000000056e-01
5.662650602409638623e+01 -1.037560226551753173e+00 1.000000000000000056e-01
5.702811244979919536e+01 -6.158570672222453135e-01 1.000000000000000056e-01
5.742971887550200449e+01 1.877661326313756485e-01 1.000000000000000056e-01
5.783132530120482073e+01 8.400845802513073890e-01 1.000000000000000056e-01
5.823293172690762987e+01 1.610170193554082863e+00 1.000000000000000056e-01
5.863453815261043900e+01 1.718005949252103814e+00 1.000000000000000056e-01
5.903614457831325524e+01 1.166737201523267098e+00 1.000000000000000056e-01
5.943775100401606437e+01 3.539286966207719209e-01 1.000000000000000056e-01
5.983935742971887350e+01 -5.816452109431449191e-01 1.000000000000000056e-01
6.024096385542168974e+01 -1.559294060975434437e+00 1.000000000000000056e-01
6.064257028112449888e+01 -1.998383537737879356e+00 1.000000000000000056e-01
6.104417670682730801e+01 -2.095800910231891745e+00 1.000000000000000056e-01
6.144578313253011714e+01 -1.892105675382124153e+00 1.000000000000000056e-01
6.184738955823293338e+01 -1.872099937837107708e+00 1.000000000000000056e-01
6.224899598393574252e+01 -1.950430065883480113e+00 1.000000000000000056e-01
6.265060240963855165e+01 -1.679067955522734801e+00 1.000000000000000056e-01
6.305220883534136789e+01 -1.599194859111464195e+00 1.000000000000000056e-01
6.345381526104417702e+01 -1.254021192508521176e+00 1.000000000000000056e-01
6.385542168674698615e+01 -1.008962805163941212e+00 1.000000000000000056e-01
6.425702811244980239e+01 -6.598984121126254543e-01 1.000000000000000056e-01
6.465863453815261153e+01 -7.677366450932134878e-01 1.000000000000000056e-01
6.506024096385542066e+01 -1.094537969210581885e+00 1.000000000000000056e-01
6.546184738955822979e+01 -1.678252838802346547e+00 1.000000000000000056e-01
6.586345381526103893e+01 -2.599967758156487285e+00 1.000000000000000056e-01
6.626506024096384806e+01 -3.396517366239388380e+00 1.000000000000000056e-01
6.666666666666667140e+01 -3.673886413055562628e+00 1.000000000000000056e-01
6.706827309236948054e+01 -3.620216004157769341e+00 1.000000000000000056e-01
6.746987951807228967e+01 -3.308886423789660025e+00 1.000000000000000056e-01
6.787148594377509880e+01 -3.155036741301343373e+00 1.000000000000000056e-01
6.827309236947790794e+01 -2.822636064593984973e+00 1.000000000000000056e-01
6.867469879518071707e+01 -2.754806291854180245e+00 1.000000000000000056e-01
6.907630522088354041e+01 -2.538123838024699985e+00 1.000000000000000056e-01
6.947791164658634955e+01 -2.060746784610431703e+00 1.000000000000000056e-01
6.987951807228915868e+01 -1.926799385220593797e+00 1.000000000000000056e-01
7.028112449799196781e+01 -1.831268480839837842e+00 1.000000000000000056e-01
7.068273092369477695e+01 -1.640063242599330895e+00 1.000000000000000056e-01
7.108433734939758608e+01 -1.288922437975784874e+00 1.000000000000000056e-01
7.148594377510039521e+01 -9.734914866310130366e-01 1.000000000000000056e-01
7.188755020080321856e+01 -1.046476531289919576e+00 1.000000000000000056e-01
7.228915662650602769e+01 -1.364864679479858456e+00 1.000000000000000056e-01
7.269076305220883683e+01 -1.844501973867181288e+00 1.000000000000000056e-01
7.309236947791164596e+01 -2.037146263071550223e+00 1.000000000000000056e-01
7.349397590361445509e+01 -1.618922698368647772e+00 1.000000000000000056e-01
7.389558232931726423e+01 -1.152601285239708728e+00 1.000000000000000056e-01
7.429718875502007336e+01 -9.648410005460323902e-01 1.000000000000000056e-01
7.469879518072289670e+01 -1.207034110366819402e+00 1.000000000000000056e-01
7.510040160642570584e+01 -1.480168962735186389e+00 1.000000000000000056e-01
7.550200803212851497e+01 -1.784881038371533890e+00 1.000000000000000056e-01
7.590361445783132410e+01 -1.319006674858985040e+00 1.000000000000000056e-01
7.630522088353413324e+01 -7.340532491081608324e-01 1.000000000000000056e-01
7.670682730923694237e+01 -1.021595445668214558e-01 1.000000000000000056e-01
7.710843373493975150e+01 3.837915689390773988e-01 1.000000000000000056e-01
7.751004016064257485e+01 7.751774213017736948e-01 1.000000000000000056e-01
7.791164658634538398e+01 1.682096784592202132e+00 1.000000000000000056e-01
7.831325301204819311e+01 2.224436510110904930e+00 1.000000000000000056e-01
7.871485943775100225e+01 2.652885817374114996e+00 1.000000000000000056e-01
7.911646586345381138e+01 2.572289744330221506e+00 1.000000000000000056e-01
7.951807228915662051e+01 2.176690477308582228e+00 1.000000000000000056e-01
7.991967871485944386e+01 1.508340339421418985e+00 1.000000000000000056e-01
8.032128514056225299e+01 1.258153777261457495e+00 1.000000000000000056e-01
8.072289156626506212e+01 1.428875887187100346e+00 1.000000000000000056e-01
8.112449799196787126e+01 1.791412934895285858e+00 1.000000000000000056e-01
8.152610441767068039e+01 1.703765069171146784e+00 1.000000000000000056e-01
8.192771084337348952e+01 1.563499412471160976e+00 1.000000000000000056e-01
8.232931726907629866e+01 1.329995067751972293e+00 1.000000000000000056e-01
8.273092369477912200e+01 1.090609015010808092e+00 1.000000000000000056e-01
8.313253012048193114e+01 1.117367577982084637e+00 1.000000000000000056e-01
8.353413654618474027e+01 1.304895018370993309e+00 1.000000000000000056e-01
8.393574297188754940e+01 1.526044980699202469e+00 1.000000000000000056e-01
8.433734939759035854e+01 1.327604275538015077e+00 1.000000000000000056e-01
8.473895582329316767e+01 1.174026988700149321e+00 1.000000000000000056e-01
8.514056224899597680e+01 1.308882297758370061e+00 1.000000000000000056e-01
8.554216867469880015e+01 1.683910085254475497e+00 1.000000000000000056e-01
8.594377510040160928e+01 1.724880858672393824e+00 1.000000000000000056e-01
8.634538152610441841e+01 1.782187393648766660e+00 1.000000000000000056e-01
8.674698795180722755e+01 1.044556714346022819e+00 1.000000000000000056e-01
8.714859437751003668e+01 1.932869482559435581e-01 1.000000000000000056e-01
8.755020080321284581e+01 -8.382943252541443790e-01 1.000000000000000056e-01
8.795180722891566916e+01 -1.867255959425321299e+00 1.000000000000000056e-01
8.835341365461847829e+01 -2.563474663787310259e+00 1.000000000000000056e-01
8.875502008032128742e+01 -2.712633140830489786e+00 1.000000000000000056e-01
8.915662650602409656e+01 -2.210431611156740583e+00 1.000000000000000056e-01
8.955823293172690569e+01 -1.420248998533535589e+00 1.000000000000000056e-01
8.995983935742971482e+01 -6.100452776157438972e-01 1.000000000000000056e-01
9.036144578313252396e+01 -3.051975488838068462e-01 1.000000000000000056e-01
9.076305220883534730e+01 -1.999711773745668220e-01 1.000000000000000056e-01
9.116465863453815643e+01 -4.183121044536381450e-01 1.000000000000000056e-01
9.156626506024096557e+01 -6.476097955639500414e-01 1.000000000000000056e-01
9.196787148594377470e+01 -1.052587037105139123e+00 1.000000000000000056e-01
9.236947791164658383e+01 -1.474852831939932551e+00 1.000000000000000056e-01
9.277108433734939297e+01 -1.488442348299327422e+00 1.000000000000000056e-01
9.317269076305220210e+01 -1.035305648365078213e+00 1.000000000000000056e-01
9.357429718875502545e+01 -6.644347992708681261e-01 1.000000000000000056e-01
9.397590361445783458e+01 -5.674802260672644483e-01 1.000000000000000056e-01
9.437751004016064371e+01 -9.661828026761015709e-01 1.000000000000000056e-01
9.477911646586345285e+01 -1.432694337799393036e+00 1.000000000000000056e-01
9.518072289156626198e+01 -1.609550073761900180e+00 1.000000000000000056e-01
9.558232931726907111e+01 -1.686812065366372515e+00 1.000000000000000056e-01
9.598393574297188025e+01 -1.624425407092984441e+00 1.000000000000000056e-01
9.638554216867470359e+01 -1.312596049881899152e+00 1.000000000000000056e-01
9.678714859437751272e+01 -7.611355456525193963e-01 1.000000000000000056e-01
9.718875502008032186e+01 -9.206888371516295244e-01 1.000000000000000056e-01
9.759036144578313099e+01 -4.923631724924952824e-01 1.000000000000000056e-01
9.799196787148594012e+01 -7.968748177453521819e-01 1.000000000000000056e-01
9.839357429718874926e+01 -1.164379708486617648e+00 1.000000000000000056e-01
9.879518072289157260e+01 -1.873117253666065629e+00 1.000000000000000056e-01
9.919678714859438173e+01 -2.097863918526937432e+00 1.000000000000000056e-01
9.959839357429719087e+01 -2.246706028086102425e+00 1.000000000000000056e-01
1.000000000000000000e+02 -1.802036224800195541e+00 1.000000000000000056e-01
