0.000000000000000000e+00 -1.262254351858805634e+00 1.000000000000000056e-01
4.016064257028112428e-01 -8.960251872845012011e-01 1.000000000000000056e-01
8.032128514056224855e-01 -5.732311833063707951e-01 1.000000000000000056e-01
1.204819277108433617e+00 -6.460507446480316940e-01 1.000000000000000056e-01
1.606425702811244971e+00 -1.524484114775569998e-01 1.000000000000000056e-01
2.008032128514056325e+00 -3.414209419767831322e-01 1.000000000000000056e-01
2.409638554216867234e+00 -1.178534742545726405e-01 1.000000000000000056e-01
2.811244979919678588e+00 1.279616935018044188e-01 1.000000000000000056e-01
3.212851405622489942e+00 2.212936158374043671e-01 1.000000000000000056e-01
3.614457831325301296e+00 8.192536688932375855e-01 1.000000000000000056e-01
4.016064257028112650e+00 9.526480598668812805e-01 1.000000000000000056e-01
4.417670682730923559e+00 9.419995000013022812e-01 1.000000000000000056e-01
4.819277108433734469e+00 6.321807914794791428e-01 1.000000000000000056e-01
5.220883534136546267e+00 3.331614906240469298e-01 1.000000000000000056e-01
5.622489959839357176e+00 -1.613946546908285040e-01 1.000000000000000056e-01
6.024096385542168974e+00 -5.018670139973445687e-01 1.000000000000000056e-01
6.425702811244979884e+00 -9.098306347516181836e-01 1.000000000000000056e-01
6.827309236947790794e+00 -1.105507168943848040e+00 1.000000000000000056e-01
7.228915662650602592e+00 -1.503100373873874851e+00 1.000000000000000056e-01
7.630522088353413501e+00 -1.735299095465057562e+00 1.000000000000000056e-01
8.032128514056225299e+00 -2.001749212364402730e+00 1.000000000000000056e-01
8.433734939759036209e+00 -2.256835695789433327e+00 1.000000000000000056e-01
8.835341365461847118e+00 -2.592098110830652224e+00 1.000000000000000056e-01
9.236947791164658028e+00 -2.564224539295185679e+00 1.000000000000000056e-01
9.638554216867468938e+00 -2.765444629180471736e+00 1.000000000000000056e-01
1.004016064257028162e+01 -2.815468899455012330e+00 1.000000000000000056e-01
1.044176706827309253e+01 -3.108277173623403833e+00 1.000000000000000056e-01
1.084337349397590344e+01 -2.957794436327789267e+00 1.000000000000000056e-01
1.124497991967871435e+01 -3.037706545565660665e+00 1.000000000000000056e-01
1.164658634538152526e+01 -2.367633663457936688e+00 1.000000000000000056e-01
1.204819277108433795e+01 -2.051501202570017668e+00 1.000000000000000056e-01
1.244979919678714886e+01 -1.598472679678083042e+00 1.000000000000000056e-01
1.285140562248995977e+01 -1.222812615903895228e+00 1.000000000000000056e-01
1.325301204819277068e+01 -8.022636590173848337e-01 1.000000000000000056e-01
1.365461847389558159e+01 -1.442312761124384946e-01 1.000000000000000056e-01
1.405622489959839427e+01 2.969628322268463849e-01 1.000000000000000056e-01
1.445783132530120518e+01 8.376627031753366426e-01 1.000000000000000056e-01
1.485943775100401609e+01 1.363125561363111249e+00 1.000000000000000056e-01
1.526104417670682700e+01 1.441813749113081577e+00 1.000000000000000056e-01
1.566265060240963791e+01 1.518891519952948910e+00 1.000000000000000056e-01
1.606425702811245060e+01 1.445901799340804317e+00 1.000000000000000056e-01
1.646586345381525973e+01 1.612718855862158573e+00 1.000000000000000056e-01
1.686746987951807242e+01 1.482671297838422442e+00 1.000000000000000056e-01
1.726907630522088510e+01 1.583788443166699089e+00 1.000000000000000056e-01
1.767068273092369424e+01 1.407573085978378824e+00 1.000000000000000056e-01
1.807228915662650692e+01 1.291196813284416045e+00 1.000000000000000056e-01
1.847389558232931606e+01 1.056473376693588762e+00 1.000000000000000056e-01
1.887550200803212874e+01 7.638331312877770785e-01 1.000000000000000056e-01
1.927710843373493788e+01 4.670168583720252231e-01 1.000000000000000056e-01
1.967871485943775056e+01 7.228524283683928076e-01 1.000000000000000056e-01
2.008032128514056325e+01 8.766813962952534345e-01 1.000000000000000056e-01
2.048192771084337238e+01 1.009373276001102493e+00 1.000000000000000056e-01
2.088353413654618507e+01 1.187767386460921948e+00 1.000000000000000056e-01
2.128514056224899420e+01 1.514278677050706623e+00 1.000000000000000056e-01
2.168674698795180689e+01 1.646153619590218220e+00 1.000000000000000056e-01
2.208835341365461957e+01 1.565135180553957506e+00 1.000000000000000056e-01
2.248995983935742871e+01 1.570820129560139389e+00 1.000000000000000056e-01
2.289156626506024139e+01 1.464025870633303139e+00 1.000000000000000056e-01
2.329317269076305053e+01 1.285963473592412365e+00 1.000000000000000056e-01
2.369477911646586321e+01 7.373830981303731713e-01 1.000000000000000056e-01
2.409638554216867590e+01 6.104924104519146577e-02 1.000000000000000056e-01
2.449799196787148503e+01 -5.247895138746483390e-01 1.000000000000000056e-01
2.489959839357429772e+01 -1.462099905654198562e+00 1.000000000000000056e-01
2.530120481927710685e+01 -2.092901554334867686e+00 1.000000000000000056e-01
2.570281124497991954e+01 -2.115881661769287270e+00 1.000000000000000056e-01
2.610441767068273222e+01 -1.947233758837852990e+00 1.000000000000000056e-01
2.650602409638554136e+01 -1.806393616293650473e+00 1.000000000000000056e-01
2.690763052208835404e+01 -1.012947220932665537e+00 1.000000000000000056e-01
2.730923694779116317e+01 -3.463597385244759908e-01 1.000000000000000056e-01
2.771084337349397586e+01 2.968311476787249825e-01 1.000000000000000056e-01
2.811244979919678855e+01 9.595400981549040420e-01 1.000000000000000056e-01
2.851405622489959768e+01 1.369206404505046271e+00 1.000000000000000056e-01
2.891566265060241037e+01 1.512708412252196322e+00 1.000000000000000056e-01
2.931726907630521950e+01 1.693853891169841752e+00 1.000000000000000056e-01
2.971887550200803219e+01 1.370421611785304528e+00 1.000000000000000056e-01
3.012048192771084487e+01 8.614814923815677927e-01 1.000000000000000056e-01
3.052208835341365400e+01 1.851677307917319049e-01 1.000000000000000056e-01
3.092369477911646669e+01 -1.891216396961648560e-01 1.000000000000000056e-01
3.132530120481927582e+01 -5.124612326135782325e-01 1.000000000000000056e-01
3.172690763052208851e+01 -7.565363120436933153e-01 1.000000000000000056e-01
3.212851405622490120e+01 -5.753588662346573734e-01 1.000000000000000056e-01
3.253012048192771033e+01 -4.330199024069126823e-01 1.000000000000000056e-01
3.293172690763051946e+01 -2.255148866089426996e-01 1.000000000000000056e-01
3.333333333333333570e+01 -1.279256304631455066e-01 1.000000000000000056e-01
3.373493975903614484e+01 -3.358962102059490640e-01 1.000000000000000056e-01
3.413654618473895397e+01 1.266602462814292729e-01 1.000000000000000056e-01
3.453815261044177021e+01 2.189685544359307734e-01 1.000000000000000056e-01
3.493975903614457934e+01 4.069037148212547583e-01 1.000000000000000056e-01
3.534136546184738847e+01 5.829983334477004675e-01 1.000000000000000056e-01
3.574297188755019761e+01 7.657815223116249959e-01 1.000000000000000056e-01
3.614457831325301385e+01 1.045008110425053038e+00 1.000000000000000056e-01
3.654618473895582298e+01 1.100368506313509132e+00 1.000000000000000056e-01
3.694779116465863211e+01 1.375430052323472374e+00 1.000000000000000056e-01
3.734939759036144835e+01 1.376159527695508977e+00 1.000000000000000056e-01
3.775100401606425748e+01 1.485713845919043985e+00 1.000000000000000056e-01
3.815261044176706662e+01 1.125778690748395539e+00 1.000000000000000056e-01
3.855421686746987575e+01 7.672200694743546157e-01 1.000000000000000056e-01
3.895582329317269199e+01 3.805120258257881360e-01 1.000000000000000056e-01
3.935742971887550112e+01 1.543097520300101277e-01 1.000000000000000056e-01
3.975903614457831026e+01 1.894201717076359204e-01 1.000000000000000056e-01
4.016064257028112650e+01 -1.879963463895641118e-01 1.000000000000000056e-01
4.056224899598393563e+01 -2.122781328710156012e-01 1.000000000000000056e-01
4.096385542168674476e+01 -3.355221816383601174e-01 1.000000000000000056e-01
4.136546184738956100e+01 -1.061436182878609108e-01 1.000000000000000056e-01
4.176706827309237013e+01 -1.015645266768450683e-01 1.000000000000000056e-01
4.216867469879517927e+01 -7.297215343645731267e-02 1.000000000000000056e-01
4.257028112449798840e+01 -9.807971251126487711e-02 1.000000000000000056e-01
4.297188755020080464e+01 -3.262069012087810416e-01 1.000000000000000056e-01
4.337349397590361377e+01 -3.788599947675876933e-01 1.000000000000000056e-01
4.377510040160642291e+01 -6.566562090686713926e-01 1.000000000000000056e-01
4.417670682730923915e+01 -7.806954304557671698e-01 1.000000000000000056e-01
4.457831325301204828e+01 -1.274392034859625822e+00 1.000000000000000056e-01
4.497991967871485741e+01 -1.760014226726114961e+00 1.000000000000000056e-01
4.538152610441767365e+01 -1.579471488784478295e+00 1.000000000000000056e-01
4.578313253012048278e+01 -1.693553124444080682e+00 1.000000000000000056e-01
4.618473895582329192e+01 -1.750697794914288341e+00 1.000000000000000056e-01
4.658634538152610105e+01 -1.534559200865974748e+00 1.000000000000000056e-01
4.698795180722891729e+01 -1.375460470430887483e+00 1.000000000000000056e-01
4.738955823293172642e+01 -1.109195283639917262e+00 1.000000000000000056e-01
4.779116465863453556e+01 -9.354313662577838917e-01 1.000000000000000056e-01
4.819277108433735179e+01 -7.782484734064163412e-01 1.000000000000000056e-01
4.859437751004016093e+01 -6.550090650517991220e-01 1.000000000000000056e-01
4.899598393574297006e+01 -4.599809200129391096e-01 1.000000000000000056e-01
4.939759036144578630e+01 -6.920900564093941387e-01 1.000000000000000056e-01
4.979919678714859543e+01 -3.919390523260599668e-01 1.000000000000000056e-01
5.020080321285140457e+01 -3.535135824944568017e-01 1.000000000000000056e-01
5.060240963855421370e+01 -1.931336912418230023e-01 1.000000000000000056e-01
5.100401606425702994e+01 6.656615166725102228e-02 1.000000000000000056e-01
5.140562248995983907e+01 1.620376777597989648e-01 1.000000000000000056e-01
5.180722891566264821e+01 2.626694594343333411e-01 1.000000000000000056e-01
5.220883534136546444e+01 3.629805427963225806e-01 1.000000000000000056e-01
5.261044176706827358e+01 1.323049537070273840e-01 1.000000000000000056e-01
5.301204819277108271e+01 3.372350921662126133e-02 1.000000000000000056e-01
5.341365461847389184e+01 -4.942984626163029471e-01 1.000000000000000056e-01
5.381526104417670808e+01 -3.975559270114029653e-01 1.000000000000000056e-01
5.421686746987951722e+01 -8.023699213177248879e-01 1.000000000000000056e-01
5.461847389558232635e+01 -6.595236551533701919e-01 1.000000000000000056e-01
5.502008032128514259e+01 -7.260334660632351556e-01 1.000000000000000056e-01
5.542168674698795172e+01 -6.736157981955017693e-01 1.000000000000000056e-01
5.582329317269076085e+01 -8.273397308575131115e-01 1.000000000000000056e-01
5.622489959839357709e+01 -7.323511809574743125e-01 1.000000000000000056e-01
5.662650602409638623e+01 -7.431457486556638514e-01 1.000000000000000056e-01
5.702811244979919536e+01 -8.057810394735225312e-01 1.000000000000000056e-01
5.742971887550200449e+01 -7.205224502442798551e-01 1.000000000000000056e-01
5.783132530120482073e+01 -6.557545438782991232e-01 1.000000000000000056e-01
5.823293172690762987e+01 -5.615957376748710317e-01 1.000000000000000056e-01
5.863453815261043900e+01 -9.507914972629767369e-01 1.000000000000000056e-01
5.903614457831325524e+01 -1.292568069390223506e+00 1.000000000000000056e-01
5.943775100401606437e+01 -1.901382366031975080e+00 1.000000000000000056e-01
5.983935742971887350e+01 -2.246602817053629852e+00 1.000000000000000056e-01
6.024096385542168974e+01 -2.484546039966913700e+00 1.000000000000000056e-01
6.064257028112449888e+01 -2.531931982566040240e+00 1.000000000000000056e-01
6.104417670682730801e+01 -2.370667994164636028e+00 1.000000000000000056e-01
6.144578313253011714e+01 -2.068680867497105336e+00 1.000000000000000056e-01
6.184738955823293338e+01 -1.865715944614869670e+00 1.000000000000000056e-01
6.224899598393574252e+01 -1.447969110976322860e+00 1.000000000000000056e-01
6.265060240963855165e+01 -1.406579324381158846e+00 1.000000000000000056e-01
6.305220883534136789e+01 -9.353781064058237504e-01 1.000000000000000056e-01
6.345381526104417702e+01 -4.077950656940821927e-01 1.000000000000000056e-01
6.385542168674698615e+01 -1.901087937577400078e-01 1.000000000000000056e-01
6.425702811244980239e+01 1.649564783959859282e-01 1.000000000000000056e-01
6.465863453815261153e+01 3.678075503682354253e-01 1.000000000000000056e-01
6.506024096385542066e+01 6.321292670166268612e-01 1.000000000000000056e-01
6.546184738955822979e+01 9.637843706631593621e-01 1.000000000000000056e-01
6.586345381526103893e+01 1.325581127631833001e+00 1.000000000000000056e-01
6.626506024096384806e+01 1.511561612348517603e+00 1.000000000000000056e-01
6.666666666666667140e+01 1.765165098598318050e+00 1.000000000000000056e-01
6.706827309236948054e+01 1.824895950624689123e+00 1.000000000000000056e-01
6.746987951807228967e+01 1.501971757368431915e+00 1.000000000000000056e-01
6.787148594377509880e+01 1.103255315459562569e+00 1.000000000000000056e-01
6.827309236947790794e+01 9.135055858384484306e-01 1.000000000000000056e-01
6.867469879518071707e+01 7.156106504567609772e-01 1.000000000000000056e-01
6.907630522088354041e+01 4.076707840693511442e-01 1.000000000000000056e-01
6.947791164658634955e+01 7.892179219935887557e-01 1.000000000000000056e-01
6.987951807228915868e+01 7.468011263115688081e-01 1.000000000000000056e-01
7.028112449799196781e+01 1.107243681941972868e+00 1.000000000000000056e-01
7.068273092369477695e+01 1.499012731759832073e+00 1.000000000000000056e-01
7.108433734939758608e+01 1.602157914667666327e+00 1.000000000000000056e-01
7.148594377510039521e+01 2.098330075109276827e+00 1.000000000000000056e-01
7.188755020080321856e+01 2.233778009227322059e+00 1.000000000000000056e-01
7.228915662650602769e+01 2.290639875794406422e+00 1.000000000000000056e-01
7.269076305220883683e+01 2.435462766146113900e+00 1.000000000000000056e-01
7.309236947791164596e+01 2.364764537016160517e+00 1.000000000000000056e-01
7.349397590361445509e+01 2.105499337407080951e+00 1.000000000000000056e-01
7.389558232931726423e+01 1.732099339798879312e+00 1.000000000000000056e-01
7.429718875502007336e+01 1.473038293983130131e+00 1.000000000000000056e-01
7.469879518072289670e+01 6.322420118995819571e-01 1.000000000000000056e-01
7.510040160642570584e+01 6.160173552344119785e-03 1.000000000000000056e-01
7.550200803212851497e+01 -6.736301194910125911e-01 1.000000000000000056e-01
7.590361445783132410e+01 -1.060953594417204826e+00 1.000000000000000056e-01
7.630522088353413324e+01 -1.502026545248617895e+00 1.000000000000000056e-01
7.670682730923694237e+01 -1.584407490951033504e+00 1.000000000000000056e-01
7.710843373493975150e+01 -1.474202426072481753e+00 1.000000000000000056e-01
7.751004016064257485e+01 -1.266727467486872483e+00 1.000000000000000056e-01
7.791164658634538398e+01 -1.104420163537141786e+00 1.000000000000000056e-01
7.831325301204819311e+01 -5.693645916816368890e-01 1.000000000000000056e-01
7.871485943775100225e+01 -2.592764609790945141e-01 1.000000000000000056e-01
7.911646586345381138e+01 3.724821657056764934e-01 1.000000000000000056e-01
7.951807228915662051e+01 3.959560297719719180e-01 1.000000000000000056e-01
7.991967871485944386e+01 5.067542186327972376e-01 1.000000000000000056e-01
8.032128514056225299e+01 5.275502225419770319e-01 1.000000000000000056e-01
8.072289156626506212e+01 4.578660260160919426e-01 1.000000000000000056e-01
8.112449799196787126e+01 -1.029059461899606287e-02 1.000000000000000056e-01
8.152610441767068039e+01 9.921400047725967286e-02 1.000000000000000056e-01
8.192771084337348952e+01 -4.094030482531812454e-01 1.000000000000000056e-01
8.232931726907629866e+01 -4.709670756768382649e-01 1.000000000000000056e-01
8.273092369477912200e+01 -8.637777179062264832e-01 1.000000000000000056e-01
8.313253012048193114e+01 -1.164919214234927614e+00 1.000000000000000056e-01
8.353413654618474027e+01 -1.352474184847625605e+00 1.000000000000000056e-01
8.393574297188754940e+01 -1.255941658862582466e+00 1.000000000000000056e-01
8.433734939759035854e+01 -1.432623667329032013e+00 1.000000000000000056e-01
8.473895582329316767e+01 -1.151393918912648306e+00 1.000000000000000056e-01
8.514056224899597680e+01 -1.202227279432316998e+00 1.000000000000000056e-01
8.554216867469880015e+01 -9.537807721667261873e-01 1.000000000000000056e-01
8.594377510040160928e+01 -7.385722717784134472e-01 1.000000000000000056e-01
8.634538152610441841e+01 -4.368223101259502972e-01 1.000000000000000056e-01
8.674698795180722755e+01 -5.525133323645182726e-01 1.000000000000000056e-01
8.714859437751003668e+01 -6.032065240688946339e-01 1.000000000000000056e-01
8.755020080321284581e+01 -6.441851267828381244e-01 1.000000000000000056e-01
8.795180722891566916e+01 -1.023521485735503500e+00 1.000000000000000056e-01
8.835341365461847829e+01 -1.120687079749381088e+00 1.000000000000000056e-01
8.875502008032128742e+01 -1.071948350735102862e+00 1.000000000000000056e-01
8.915662650602409656e+01 -8.782678617837105239e-01 1.000000000000000056e-01
8.955823293172690569e+01 -4.333660733486301986e-01 1.000000000000000056e-01
8.995983935742971482e+01 5.525826205012907000e-02 1.000000000000000056e-01
9.036144578313252396e+01 6.458676283899755788e-01 1.000000000000000056e-01
9.076305220883534730e+01 1.170110330286552758e+00 1.000000000000000056e-01
9.116465863453815643e+01 1.309752020804356487e+00 1.000000000000000056e-01
9.156626506024096557e+01 1.774997787657704107e+00 1.000000000000000056e-01
9.196787148594377470e+01 1.754093580324255441e+00 1.000000000000000056e-01
9.236947791164658383e+01 1.934766130866302891e+00 1.000000000000000056e-01
9.277108433734939297e+01 2.031135727472655805e+00 1.000000000000000056e-01
9.317269076305220210e+01 1.884716091048740827e+00 1.000000000000000056e-01
9.357429718875502545e+01 2.179733572371401529e+00 1.000000000000000056e-01
9.397590361445783458e+01 1.670013383049546940e+00 1.000000000000000056e-01
9.437751004016064371e+01 1.326390675099808902e+00 1.000000000000000056e-01
9.477911646586345285e+01 8.310894499623331377e-01 1.000000000000000056e-01
9.518072289156626198e+01 6.852223113486759498e-01 1.000000000000000056e-01
9.558232931726907111e+01 3.870920340046110630e-01 1.000000000000000056e-01
9.598393574297188025e+01 2.609348885575861754e-01 1.000000000000000056e-01
9.638554216867470359e+01 3.536437588911921504e-01 1.000000000000000056e-01
9.678714859437751272e+01 -3.147802983174144420e-03 1.000000000000000056e-01
9.718875502008032186e+01 1.517417423531364495e-01 1.000000000000000056e-01
9.759036144578313099e+01 5.687611615542309540e-02 1.000000000000000056e-01
9.799196787148594012e+01 1.424323243882396894e-01 1.000000000000000056e-01
9.839357429718874926e+01 6.063580967204228456e-01 1.000000000000000056e-01
9.879518072289157260e+01 8.494829392443240534e-01 1.000000000000000056e-01
9.919678714859438173e+01 1.294318289878292783e+00 1.000000000000000056e-01
9.959839357429719087e+01 1.559657707433061535e+00 1.000000000000000056e-01
1.000000000000000000e+02 1.558285372892096454e+00 1.000000000000000056e-01
