0.000000000000000000e+00 1.053186145937095031e+00 1.000000000000000056e-01
4.016064257028112428e-01 1.473235596958773819e+00 1.000000000000000056e-01
8.032128514056224855e-01 1.719896487790889994e+00 1.000000000000000056e-01
1.204819277108433617e+00 1.584046823330266918e+00 1.000000000000000056e-01
1.606425702811244971e+00 1.553144327670506142e+00 1.000000000000000056e-01
2.008032128514056325e+00 1.225618007127073472e+00 1.000000000000000056e-01
2.409638554216867234e+00 7.050151485654321259e-01 1.000000000000000056e-01
2.811244979919678588e+00 4.951647224844108464e-01 1.000000000000000056e-01
3.212851405622489942e+00 2.185890619877700336e-01 1.000000000000000056e-01
3.614457831325301296e+00 2.024689989412983560e-01 1.000000000000000056e-01
4.016064257028112650e+00 2.171068354885868357e-01 1.000000000000000056e-01
4.417670682730923559e+00 9.203828582827328075e-01 1.000000000000000056e-01
4.819277108433734469e+00 1.363099807854493140e+00 1.000000000000000056e-01
5.220883534136546267e+00 2.396042329765767143e+00 1.000000000000000056e-01
5.622489959839357176e+00 2.702621971562885417e+00 1.000000000000000056e-01
6.024096385542168974e+00 2.998610899800265628e+00 1.000000000000000056e-01
6.425702811244979884e+00 3.043875614535032081e+00 1.000000000000000056e-01
6.827309236947790794e+00 2.827167540342271135e+00 1.000000000000000056e-01
7.228915662650602592e+00 2.251515516501105374e+00 1.000000000000000056e-01
7.630522088353413501e+00 1.664163239386809545e+00 1.000000000000000056e-01
8.032128514056225299e+00 1.321318076241010608e+00 1.000000000000000056e-01
8.433734939759036209e+00 1.060295905453771947e+00 1.000000000000000056e-01
8.835341365461847118e+00 1.126553470321176365e+00 1.000000000000000056e-01
9.236947791164658028e+00 1.114483800457013007e+00 1.000000000000000056e-01
9.638554216867468938e+00 1.323951275880059564e+00 1.000000000000000056e-01
1.004016064257028162e+01 1.366541786391151314e+00 1.000000000000000056e-01
1.044176706827309253e+01 1.888324062849155549e+00 1.000000000000000056e-01
1.084337349397590344e+01 2.042765153970250491e+00 1.000000000000000056e-01
1.124497991967871435e+01 2.276238154300095573e+00 1.000000000000000056e-01
1.164658634538152526e+01 2.339592913880811142e+00 1.000000000000000056e-01
1.204819277108433795e+01 2.277025169840993346e+00 1.000000000000000056e-01
1.244979919678714886e+01 2.182518512892336560e+00 1.000000000000000056e-01
1.285140562248995977e+01 2.420669272412752981e+00 1.000000000000000056e-01
1.325301204819277068e+01 2.467938012627389988e+00 1.000000000000000056e-01
1.365461847389558159e+01 2.118107387839747169e+00 1.000000000000000056e-01
1.405622489959839427e+01 1.937685971743422053e+00 1.000000000000000056e-01
1.445783132530120518e+01 1.424684328420565915e+00 1.000000000000000056e-01
1.485943775100401609e+01 8.959534836029914295e-01 1.000000000000000056e-01
1.526104417670682700e+01 -6.195395209255338820e-02 1.000000000000000056e-01
1.566265060240963791e+01 -4.502179120664536738e-01 1.000000000000000056e-01
1.606425702811245060e+01 -9.827955426111715242e-01 1.000000000000000056e-01
1.646586345381525973e+01 -1.104269906310584526e+00 1.000000000000000056e-01
1.686746987951807242e+01 -1.229071054537159258e+00 1.000000000000000056e-01
1.726907630522088510e+01 -1.032043305885575579e+00 1.000000000000000056e-01
1.767068273092369424e+01 -8.283720739944525624e-01 1.000000000000000056e-01
1.807228915662650692e+01 -6.040754211542177510e-01 1.000000000000000056e-01
1.847389558232931606e+01 -3.988412634785137856e-01 1.000000000000000056e-01
1.887550200803212874e+01 -2.336143350556262877e-01 1.000000000000000056e-01
1.927710843373493788e+01 -3.096808539243196545e-01 1.000000000000000056e-01
1.967871485943775056e+01 -1.585283151020678294e-01 1.000000000000000056e-01
2.008032128514056325e+01 1.545400635204718931e-02 1.000000000000000056e-01
2.048192771084337238e+01 -2.939841623805365400e-01 1.000000000000000056e-01
2.088353413654618507e+01 -3.536042045120166288e-01 1.000000000000000056e-01
2.128514056224899420e+01 -3.704393788720725111e-01 1.000000000000000056e-01
2.168674698795180689e+01 -4.982959782395017800e-01 1.000000000000000056e-01
2.208835341365461957e+01 -4.466178197758418622e-01 1.000000000000000056e-01
2.248995983935742871e+01 -1.452551476916180972e-01 1.000000000000000056e-01
2.289156626506024139e+01 2.499755815241401155e-02 1.000000000000000056e-01
2.329317269076305053e+01 3.078946620212320018e-01 1.000000000000000056e-01
2.369477911646586321e+01 5.389053820757061519e-01 1.000000000000000056e-01
2.409638554216867590e+01 7.011870528758461507e-01 1.000000000000000056e-01
2.449799196787148503e+01 6.344985083652896485e-01 1.000000000000000056e-01
2.489959839357429772e+01 3.244928283961865390e-01 1.000000000000000056e-01
2.530120481927710685e+01 -1.843971472461717609e-01 1.000000000000000056e-01
2.570281124497991954e+01 -5.218251487688425616e-01 1.000000000000000056e-01
2.610441767068273222e+01 -1.054888875973174933e+00 1.000000000000000056e-01
2.650602409638554136e+01 -1.368168988631811578e+00 1.000000000000000056e-01
2.690763052208835404e+01 -1.683490497076091552e+00 1.000000000000000056e-01
2.730923694779116317e+01 -1.391347042010609547e+00 1.000000000000000056e-01
2.771084337349397586e+01 -1.137861220064591228e+00 1.000000000000000056e-01
2.811244979919678855e+01 -6.907330171410476227e-01 1.000000000000000056e-01
2.851405622489959768e+01 -1.830399058842080429e-01 1.000000000000000056e-01
2.891566265060241037e+01 2.725068026828381673e-01 1.000000000000000056e-01
2.931726907630521950e+01 4.690533783944558222e-01 1.000000000000000056e-01
2.971887550200803219e+01 3.711755968408159134e-01 1.000000000000000056e-01
3.012048192771084487e+01 3.382901016258202942e-01 1.000000000000000056e-01
3.052208835341365400e+01 1.742285486538340256e-01 1.000000000000000056e-01
3.092369477911646669e+01 -1.485330462135757146e-01 1.000000000000000056e-01
3.132530120481927582e+01 -3.199228034692166989e-01 1.000000000000000056e-01
3.172690763052208851e+01 -6.529527310029256126e-01 1.000000000000000056e-01
3.212851405622490120e+01 -6.765390648963874876e-01 1.000000000000000056e-01
3.253012048192771033e+01 -6.225482876554676581e-01 1.000000000000000056e-01
3.293172690763051946e+01 -1.424453205307828207e-01 1.000000000000000056e-01
3.333333333333333570e+01 -4.855601434334316790e-02 1.000000000000000056e-01
3.373493975903614484e+01 2.322454816210777762e-01 1.000000000000000056e-01
3.413654618473895397e+01 2.841959044476850549e-01 1.000000000000000056e-01
3.453815261044177021e+01 3.917804859453591360e-01 1.000000000000000056e-01
3.493975903614457934e+01 2.991276558430881471e-01 1.000000000000000056e-01
3.534136546184738847e+01 3.598002060592931928e-01 1.000000000000000056e-01
3.574297188755019761e+01 2.323497461732336178e-01 1.000000000000000056e-01
3.614457831325301385e+01 5.396336097959495426e-01 1.000000000000000056e-01
3.654618473895582298e+01 6.681760752927172753e-01 1.000000000000000056e-01
3.694779116465863211e+01 7.653844448385341837e-01 1.000000000000000056e-01
3.734939759036144835e+01 1.115480445402099452e+00 1.000000000000000056e-01
3.775100401606425748e+01 9.792656663621810420e-01 1.000000000000000056e-01
3.815261044176706662e+01 1.398533595251103101e+00 1.000000000000000056e-01
3.855421686746987575e+01 1.156044011664238758e+00 1.000000000000000056e-01
3.895582329317269199e+01 1.050567184550223354e+00 1.000000000000000056e-01
3.935742971887550112e+01 1.166354925170116630e+00 1.000000000000000056e-01
3.975903614457831026e+01 1.454514172085166201e+00 1.000000000000000056e-01
4.016064257028112650e+01 1.491809165567817175e+00 1.000000000000000056e-01
4.056224899598393563e+01 1.727120201295259339e+00 1.000000000000000056e-01
4.096385542168674476e+01 2.052275005136579455e+00 1.000000000000000056e-01
4.136546184738956100e+01 1.751286169443927010e+00 1.000000000000000056e-01
4.176706827309237013e+01 1.665619903132333990e+00 1.000000000000000056e-01
4.216867469879517927e+01 1.686529076516660286e+00 1.000000000000000056e-01
4.257028112449798840e+01 1.584438589635261074e+00 1.000000000000000056e-01
4.297188755020080464e+01 1.944450901777561524e+00 1.000000000000000056e-01
4.337349397590361377e+01 1.995841963425922128e+00 1.000000000000000056e-01
4.377510040160642291e+01 1.777278907009171904e+00 1.000000000000000056e-01
4.417670682730923915e+01 1.623402436118267289e+00 1.000000000000000056e-01
4.457831325301204828e+01 1.330563009869321522e+00 1.000000000000000056e-01
4.497991967871485741e+01 8.797661214280722008e-01 1.000000000000000056e-01
4.538152610441767365e+01 3.517175842797659602e-01 1.000000000000000056e-01
4.578313253012048278e+01 -1.508823723610954182e-01 1.000000000000000056e-01
4.618473895582329192e+01 -2.927940181202093872e-01 1.000000000000000056e-01
4.658634538152610105e+01 -2.276317694717573115e-01 1.000000000000000056e-01
4.698795180722891729e+01 -4.655947748339140935e-01 1.000000000000000056e-01
4.738955823293172642e+01 -2.726259870930953233e-01 1.000000000000000056e-01
4.779116465863453556e+01 -1.403807660831684900e-01 1.000000000000000056e-01
4.819277108433735179e+01 5.475275661622225343e-02 1.000000000000000056e-01
4.859437751004016093e+01 -1.005211256083539395e-02 1.000000000000000056e-01
4.899598393574297006e+01 5.340887968220845577e-02 1.000000000000000056e-01
4.939759036144578630e+01 3.893702424521117700e-01 1.000000000000000056e-01
4.979919678714859543e+01 6.085074835647056313e-01 1.000000000000000056e-01
5.020080321285140457e+01 8.192493863292413803e-01 1.000000000000000056e-01
5.060240963855421370e+01 5.776037213278906179e-01 1.000000000000000056e-01
5.100401606425702994e+01 3.353853874925830092e-01 1.000000000000000056e-01
5.140562248995983907e+01 -2.363258432629509673e-02 1.000000000000000056e-01
5.180722891566264821e+01 -2.248196366780828570e-01 1.000000000000000056e-01
5.220883534136546444e+01 -4.390481922967078288e-01 1.000000000000000056e-01
5.261044176706827358e+01 -4.336077149816837117e-01 1.000000000000000056e-01
5.301204819277108271e+01 -5.128943680850196474e-01 1.000000000000000056e-01
5.341365461847389184e+01 -4.653356508297591398e-01 1.000000000000000056e-01
5.381526104417670808e+01 -5.547265684763432736e-01 1.000000000000000056e-01
5.421686746987951722e+01 -2.083284690142968298e-01 1.000000000000000056e-01
5.461847389558232635e+01 -1.633204755151723420e-01 1.000000000000000056e-01
5.502008032128514259e+01 -3.508728628014250450e-01 1.000000000000000056e-01
5.542168674698795172e+01 -3.481203144199195298e-01 1.000000000000000056e-01
5.582329317269076085e+01 -7.594918738964903104e-01 1.000000000000000056e-01
5.622489959839357709e+01 -9.654683057670688795e-01 1.000000000000000056e-01
5.662650602409638623e+01 -1.161595688345776312e+00 1.000000000000000056e-01
5.702811244979919536e+01 -1.546476243255975769e+00 1.000000000000000056e-01
5.742971887550200449e+01 -1.380014378141003473e+00 1.000000000000000056e-01
5.783132530120482073e+01 -9.590472707725159474e-01 1.000000000000000056e-01
5.823293172690762987e+01 -8.073964961932069695e-01 1.000000000000000056e-01
5.863453815261043900e+01 -4.425253054667993569e-01 1.000000000000000056e-01
5.903614457831325524e+01 -1.643770215295384807e-01 1.000000000000000056e-01
5.943775100401606437e+01 -3.651369218841351572e-01 1.000000000000000056e-01
5.983935742971887350e+01 -2.625879184593341020e-01 1.000000000000000056e-01
6.024096385542168974e+01 -6.384528610704949259e-01 1.000000000000000056e-01
6.064257028112449888e+01 -7.785256301940065571e-01 1.000000000000000056e-01
6.104417670682730801e+01 -8.363701440476765114e-01 1.000000000000000056e-01
6.144578313253011714e+01 -9.548999049088381375e-01 1.000000000000000056e-01
6.184738955823293338e+01 -3.410219807037937478e-01 1.000000000000000056e-01
6.224899598393574252e+01 8.917942179955322402e-02 1.000000000000000056e-01
6.265060240963855165e+01 9.423651916983455390e-01 1.000000000000000056e-01
6.305220883534136789e+01 1.719762333675975974e+00 1.000000000000000056e-01
6.345381526104417702e+01 2.487949987572978472e+00 1.000000000000000056e-01
6.385542168674698615e+01 3.049532538430447026e+00 1.000000000000000056e-01
6.425702811244980239e+01 3.216050915406798882e+00 1.000000000000000056e-01
6.465863453815261153e+01 2.845966179148808894e+00 1.000000000000000056e-01
6.506024096385542066e+01 2.375366333033913868e+00 1.000000000000000056e-01
6.546184738955822979e+01 1.660964754305700009e+00 1.000000000000000056e-01
6.586345381526103893e+01 7.338150666224338980e-01 1.000000000000000056e-01
6.626506024096384806e+01 -1.572238863393631281e-01 1.000000000000000056e-01
6.666666666666667140e+01 -8.819865068723459212e-01 1.000000000000000056e-01
6.706827309236948054e+01 -1.375214173640800119e+00 1.000000000000000056e-01
6.746987951807228967e+01 -1.643949959430664354e+00 1.000000000000000056e-01
6.787148594377509880e+01 -1.528765898817755486e+00 1.000000000000000056e-01
6.827309236947790794e+01 -1.459590876137107029e+00 1.000000000000000056e-01
6.867469879518071707e+01 -1.288248265322150976e+00 1.000000000000000056e-01
6.907630522088354041e+01 -1.345686551654677432e+00 1.000000000000000056e-01
6.947791164658634955e+01 -1.253292364760899780e+00 1.000000000000000056e-01
6.987951807228915868e+01 -1.404119277405434074e+00 1.000000000000000056e-01
7.028112449799196781e+01 -1.306059116193380776e+00 1.000000000000000056e-01
7.068273092369477695e+01 -1.050399887088891315e+00 1.000000000000000056e-01
7.108433734939758608e+01 -5.813887374359550941e-01 1.000000000000000056e-01
7.148594377510039521e+01 7.566086682020153886e-02 1.000000000000000056e-01
7.188755020080321856e+01 8.092863675444602611e-01 1.000000000000000056e-01
7.228915662650602769e+01 1.384802314041753801e+00 1.000000000000000056e-01
7.269076305220883683e+01 1.451374837922810412e+00 1.000000000000000056e-01
7.309236947791164596e+01 1.739033323121187191e+00 1.000000000000000056e-01
7.349397590361445509e+01 1.805544078281896114e+00 1.000000000000000056e-01
7.389558232931726423e+01 1.197576637965113600e+00 1.000000000000000056e-01
7.429718875502007336e+01 9.755129627218900312e-01 1.000000000000000056e-01
7.469879518072289670e+01 3.141670209130178471e-01 1.000000000000000056e-01
7.510040160642570584e+01 -4.798422042759158401e-01 1.000000000000000056e-01
7.550200803212851497e+01 -1.407049923589170470e+00 1.000000000000000056e-01
7.590361445783132410e+01 -2.000954727887340301e+00 1.000000000000000056e-01
7.630522088353413324e+01 -2.770722497937366580e+00 1.000000000000000056e-01
7.670682730923694237e+01 -3.314084312766719442e+00 1.000000000000000056e-01
7.710843373493975150e+01 -3.470066227917537827e+00 1.000000000000000056e-01
7.751004016064257485e+01 -3.133886052613962026e+00 1.000000000000000056e-01
7.791164658634538398e+01 -2.589431226127931751e+00 1.000000000000000056e-01
7.831325301204819311e+01 -1.526202380764414723e+00 1.000000000000000056e-01
7.871485943775100225e+01 -1.085168062251933963e+00 1.000000000000000056e-01
7.911646586345381138e+01 -4.018796575905054791e-01 1.000000000000000056e-01
7.951807228915662051e+01 7.901660293351506215e-02 1.000000000000000056e-01
7.991967871485944386e+01 -3.140889071517156961e-02 1.000000000000000056e-01
8.032128514056225299e+01 6.170342254927045633e-02 1.000000000000000056e-01
8.072289156626506212e+01 -6.098686876664737022e-02 1.000000000000000056e-01
8.112449799196787126e+01 -8.497563392349548328e-02 1.000000000000000056e-01
8.152610441767068039e+01 -2.310556990862934756e-01 1.000000000000000056e-01
8.192771084337348952e+01 -3.972157225492171650e-01 1.000000000000000056e-01
8.232931726907629866e+01 -3.817383769252424286e-01 1.000000000000000056e-01
8.273092369477912200e+01 -4.960357075825868045e-01 1.000000000000000056e-01
8.313253012048193114e+01 -8.794607385073963668e-01 1.000000000000000056e-01
8.353413654618474027e+01 -1.051164825313334106e+00 1.000000000000000056e-01
8.393574297188754940e+01 -1.647915404472166667e+00 1.000000000000000056e-01
8.433734939759035854e+01 -2.271610370295139347e+00 1.000000000000000056e-01
8.473895582329316767e+01 -2.915911700250533034e+00 1.000000000000000056e-01
8.514056224899597680e+01 -3.459013566853834654e+00 1.000000000000000056e-01
8.554216867469880015e+01 -3.401538677609593719e+00 1.000000000000000056e-01
8.594377510040160928e+01 -3.830175834287913528e+00 1.000000000000000056e-01
8.634538152610441841e+01 -3.838427748742285761e+00 1.000000000000000056e-01
8.674698795180722755e+01 -3.669197536374239732e+00 1.000000000000000056e-01
8.714859437751003668e+01 -3.487652255699782877e+00 1.000000000000000056e-01
8.755020080321284581e+01 -3.148593492618707135e+00 1.000000000000000056e-01
8.795180722891566916e+01 -2.710805181199320124e+00 1.000000000000000056e-01
8.835341365461847829e+01 -2.322669565046117324e+00 1.000000000000000056e-01
8.875502008032128742e+01 -1.873738324004693645e+00 1.000000000000000056e-01
8.915662650602409656e+01 -1.865813920070362286e+00 1.000000000000000056e-01
8.955823293172690569e+01 -1.935132785922859755e+00 1.000000000000000056e-01
8.995983935742971482e+01 -2.066164815006982458e+00 1.000000000000000056e-01
9.036144578313252396e+01 -2.501812572512451371e+00 1.000000000000000056e-01
9.076305220883534730e+01 -3.040407752195469993e+00 1.000000000000000056e-01
9.116465863453815643e+01 -3.088519140515276540e+00 1.000000000000000056e-01
9.156626506024096557e+01 -3.007992527030380447e+00 1.000000000000000056e-01
9.196787148594377470e+01 -2.702022102099131295e+00 1.000000000000000056e-01
9.236947791164658383e+01 -2.380455900764002930e+00 1.000000000000000056e-01
9.277108433734939297e+01 -2.053328946554237255e+00 1.000000000000000056e-01
9.317269076305220210e+01 -1.408834145123432524e+00 1.000000000000000056e-01
9.357429718875502545e+01 -9.156586537202939802e-01 1.000000000000000056e-01
9.397590361445783458e+01 -4.605405454115555353e-01 1.000000000000000056e-01
9.437751004016064371e+01 -2.719576864038067976e-01 1.000000000000000056e-01
9.477911646586345285e+01 1.821442334985395872e-01 1.000000000000000056e-01
9.518072289156626198e+01 1.443062576239042827e-01 1.000000000000000056e-01
9.558232931726907111e+01 1.340635887704179352e-01 1.000000000000000056e-01
9.598393574297188025e+01 1.685372963288410408e-01 1.000000000000000056e-01
9.638554216867470359e+01 2.414498184603283137e-01 1.000000000000000056e-01
9.678714859437751272e+01 5.848107776662042623e-01 1.000000000000000056e-01
9.718875502008032186e+01 7.544263066469746315e-01 1.000000000000000056e-01
9.759036144578313099e+01 9.088163903018781076e-01 1.000000000000000056e-01
9.799196787148594012e+01 1.146474107834895451e+00 1.000000000000000056e-01
9.839357429718874926e+01 9.630274562271731176e-01 1.000000000000000056e-01
9.879518072289157260e+01 6.018023912949101994e-01 1.000000000000000056e-01
9.919678714859438173e+01 1.267672587106564164e-01 1.000000000000000056e-01
9.959839357429719087e+01 -1.126520574252235923e-01 1.000000000000000056e-01
1.000000000000000000e+02 -7.303255308391796152e-01 1.000000000000000056e-01
