0.000000000000000000e+00 -1.456638249141344987e+00 1.000000000000000056e-01
4.016064257028112428e-01 -1.557031496177479823e+00 1.000000000000000056e-01
8.032128514056224855e-01 -1.749865899048098195e+00 1.000000000000000056e-01
1.204819277108433617e+00 -1.663684916813566339e+00 1.000000000000000056e-01
1.606425702811244971e+00 -1.740701918463330333e+00 1.000000000000000056e-01
2.008032128514056325e+00 -1.412386773537677165e+00 1.000000000000000056e-01
2.409638554216867234e+00 -8.093142981309572326e-01 1.000000000000000056e-01
2.811244979919678588e+00 -6.560888108166735844e-01 1.000000000000000056e-01
3.212851405622489942e+00 -9.061453488594994887e-02 1.000000000000000056e-01
3.614457831325301296e+00 4.429305763869886281e-01 1.000000000000000056e-01
4.016064257028112650e+00 9.698976444266828034e-01 1.000000000000000056e-01
4.417670682730923559e+00 1.394056667032825825e+00 1.000000000000000056e-01
4.819277108433734469e+00 1.866940707011158107e+00 1.000000000000000056e-01
5.220883534136546267e+00 1.917544622741448990e+00 1.000000000000000056e-01
5.622489959839357176e+00 1.735085373252557961e+00 1.000000000000000056e-01
6.024096385542168974e+00 1.789303055755950389e+00 1.000000000000000056e-01
6.425702811244979884e+00 1.440277481807120452e+00 1.000000000000000056e-01
6.827309236947790794e+00 1.163412701059564291e+00 1.000000000000000056e-01
7.228915662650602592e+00 8.493156210615746549e-01 1.000000000000000056e-01
7.630522088353413501e+00 4.909953205216397443e-01 1.000000000000000056e-01
8.032128514056225299e+00 6.164641788094837871e-01 1.000000000000000056e-01
8.433734939759036209e+00 4.463987565432110394e-01 1.000000000000000056e-01
8.835341365461847118e+00 5.584057350717144264e-01 1.000000000000000056e-01
9.236947791164658028e+00 5.442272241059751270e-01 1.000000000000000056e-01
9.638554216867468938e+00 5.490686758396285949e-01 1.000000000000000056e-01
1.004016064257028162e+01 6.880134698744166943e-01 1.000000000000000056e-01
1.044176706827309253e+01 4.558819023279342963e-01 1.000000000000000056e-01
1.084337349397590344e+01 5.496175106753046213e-01 1.000000000000000056e-01
1.124497991967871435e+01 3.483465186594109642e-01 1.000000000000000056e-01
1.164658634538152526e+01 2.616579580944677352e-01 1.000000000000000056e-01
1.204819277108433795e+01 4.314815821173799693e-01 1.000000000000000056e-01
1.244979919678714886e+01 4.357921316164614645e-01 1.000000000000000056e-01
1.285140562248995977e+01 4.015192789725632871e-01 1.000000000000000056e-01
1.325301204819277068e+01 2.191401288481472642e-01 1.000000000000000056e-01
1.365461847389558159e+01 2.363265671627714781e-01 1.000000000000000056e-01
1.405622489959839427e+01 1.707702064409201137e-01 1.000000000000000056e-01
1.445783132530120518e+01 -2.368947345254819314e-01 1.000000000000000056e-01
1.485943775100401609e+01 -2.347740862019800090e-01 1.000000000000000056e-01
1.526104417670682700e+01 -4.993987904663761968e-01 1.000000000000000056e-01
1.566265060240963791e+01 -7.520169733880891494e-01 1.000000000000000056e-01
1.606425702811245060e+01 -7.120147028446059956e-01 1.000000000000000056e-01
1.646586345381525973e+01 -8.369718551680318530e-01 1.000000000000000056e-01
1.686746987951807242e+01 -6.964689754074739891e-01 1.000000000000000056e-01
1.726907630522088510e+01 -6.981447047323453559e-01 1.000000000000000056e-01
1.767068273092369424e+01 -2.807113514921557584e-01 1.000000000000000056e-01
1.807228915662650692e+01 -9.662499641158003860e-02 1.000000000000000056e-01
1.847389558232931606e+01 -5.034296005365446192e-02 1.000000000000000056e-01
1.887550200803212874e+01 1.740539808928831811e-01 1.000000000000000056e-01
1.927710843373493788e+01 3.379176000658759005e-01 1.000000000000000056e-01
1.967871485943775056e+01 1.571895122565072356e-01 1.000000000000000056e-01
2.008032128514056325e+01 -5.377038500131203769e-02 1.000000000000000056e-01
2.048192771084337238e+01 -7.037278629943877206e-02 1.000000000000000056e-01
2.088353413654618507e+01 -1.804488755622424279e-01 1.000000000000000056e-01
2.128514056224899420e+01 2.664940872652163395e-01 1.000000000000000056e-01
2.168674698795180689e+01 4.613923226524560550e-01 1.000000000000000056e-01
2.208835341365461957e+01 7.478532436282685492e-01 1.000000000000000056e-01
2.248995983935742871e+01 1.223972481941366652e+00 1.000000000000000056e-01
2.289156626506024139e+01 1.154954764400072387e+00 1.000000000000000056e-01
2.329317269076305053e+01 1.455090693918944744e+00 1.000000000000000056e-01
2.369477911646586321e+01 1.564731132970193617e+00 1.000000000000000056e-01
2.409638554216867590e+01 1.447800517225256156e+00 1.000000000000000056e-01
2.449799196787148503e+01 1.012595272615763875e+00 1.000000000000000056e-01
2.489959839357429772e+01 4.479735991494315783e-01 1.000000000000000056e-01
2.530120481927710685e+01 -2.848415685591169089e-01 1.000000000000000056e-01
2.570281124497991954e+01 -6.794505472090816012e-01 1.000000000000000056e-01
2.610441767068273222e+01 -1.475845445621904339e+00 1.000000000000000056e-01
2.650602409638554136e+01 -2.045078666104146237e+00 1.000000000000000056e-01
2.690763052208835404e+01 -2.329865960001991976e+00 1.000000000000000056e-01
2.730923694779116317e+01 -2.692296367163601545e+00 1.000000000000000056e-01
2.771084337349397586e+01 -2.644974813709262573e+00 1.000000000000000056e-01
2.811244979919678855e+01 -1.973757229640271893e+00 1.000000000000000056e-01
2.851405622489959768e+01 -1.286734573717555286e+00 1.000000000000000056e-01
2.891566265060241037e+01 -8.294683546928567353e-01 1.000000000000000056e-01
2.931726907630521950e+01 -3.878392021008664758e-01 1.000000000000000056e-01
2.971887550200803219e+01 8.814689698768690684e-02 1.000000000000000056e-01
3.012048192771084487e+01 6.614812270912071024e-02 1.000000000000000056e-01
3.052208835341365400e+01 1.031059499558080184e-01 1.000000000000000056e-01
3.092369477911646669e+01 -1.060308351594645565e-01 1.000000000000000056e-01
3.132530120481927582e+01 -1.879687736963626676e-01 1.000000000000000056e-01
3.172690763052208851e+01 -3.234581289646566993e-01 1.000000000000000056e-01
3.212851405622490120e+01 -1.615585117938178605e-01 1.000000000000000056e-01
3.253012048192771033e+01 -6.243906633316274185e-02 1.000000000000000056e-01
3.293172690763051946e+01 1.602468720409145342e-01 1.000000000000000056e-01
3.333333333333333570e+01 3.600680980560959643e-01 1.000000000000000056e-01
3.373493975903614484e+01 4.036205104247532205e-01 1.000000000000000056e-01
3.413654618473895397e+01 4.341976931036373166e-01 1.000000000000000056e-01
3.453815261044177021e+01 -1.198077084671484716e-01 1.000000000000000056e-01
3.493975903614457934e+01 -2.407539210191800838e-01 1.000000000000000056e-01
3.534136546184738847e+01 -5.357477570873657724e-01 1.000000000000000056e-01
3.574297188755019761e+01 -5.539021036294573541e-01 1.000000000000000056e-01
3.614457831325301385e+01 -8.398437786822945395e-01 1.000000000000000056e-01
3.654618473895582298e+01 -4.579526674544969200e-01 1.000000000000000056e-01
3.694779116465863211e+01 -5.204093980284281162e-01 1.000000000000000056e-01
3.734939759036144835e+01 -4.488013925424378936e-01 1.000000000000000056e-01
3.775100401606425748e+01 1.381879043189992995e-02 1.000000000000000056e-01
3.815261044176706662e+01 2.889370755917555766e-01 1.000000000000000056e-01
3.855421686746987575e+01 3.444551713784594349e-01 1.000000000000000056e-01
3.895582329317269199e+01 2.998392912327700888e-01 1.000000000000000056e-01
3.935742971887550112e+01 2.563097569676130449e-01 1.000000000000000056e-01
3.975903614457831026e+01 3.242595468539553050e-01 1.000000000000000056e-01
4.016064257028112650e+01 -4.125058696093707455e-01 1.000000000000000056e-01
4.056224899598393563e+01 -5.054890668187268510e-01 1.000000000000000056e-01
4.096385542168674476e+01 -7.266774272194225226e-01 1.000000000000000056e-01
4.136546184738956100e+01 -8.864174386009698869e-01 1.000000000000000056e-01
4.176706827309237013e+01 -1.291925599708625638e+00 1.000000000000000056e-01
4.216867469879517927e+01 -1.281012805489838646e+00 1.000000000000000056e-01
4.257028112449798840e+01 -1.306518142584182751e+00 1.000000000000000056e-01
4.297188755020080464e+01 -1.320370426641450212e+00 1.000000000000000056e-01
4.337349397590361377e+01 -1.520338919500857866e+00 1.000000000000000056e-01
4.377510040160642291e+01 -1.436001662337771823e+00 1.000000000000000056e-01
4.417670682730923915e+01 -1.313423355165686424e+00 1.000000000000000056e-01
4.457831325301204828e+01 -1.185299171605378676e+00 1.000000000000000056e-01
4.497991967871485741e+01 -8.654943579607800030e-01 1.000000000000000056e-01
4.538152610441767365e+01 -6.860075903406526177e-01 1.000000000000000056e-01
4.578313253012048278e+01 -9.189464742648735252e-01 1.000000000000000056e-01
4.618473895582329192e+01 -1.195563160862608498e+00 1.000000000000000056e-01
4.658634538152610105e+01 -1.334842060035932754e+00 1.000000000000000056e-01
4.698795180722891729e+01 -1.528308681506297839e+00 1.000000000000000056e-01
4.738955823293172642e+01 -1.475711404181556441e+00 1.000000000000000056e-01
4.779116465863453556e+01 -1.555892350767462906e+00 1.000000000000000056e-01
4.819277108433735179e+01 -1.581174991770956106e+00 1.000000000000000056e-01
4.859437751004016093e+01 -1.650374754058824722e+00 1.000000000000000056e-01
4.899598393574297006e+01 -1.539181007436935866e+00 1.000000000000000056e-01
4.939759036144578630e+01 -1.866804855797348006e+00 1.000000000000000056e-01
4.979919678714859543e+01 -1.655277821812621397e+00 1.000000000000000056e-01
5.020080321285140457e+01 -1.846537722006826421e+00 1.000000000000000056e-01
5.060240963855421370e+01 -1.821952048864360130e+00 1.000000000000000056e-01
5.100401606425702994e+01 -1.709893491541937927e+00 1.000000000000000056e-01
5.140562248995983907e+01 -2.110249529273516167e+00 1.000000000000000056e-01
5.180722891566264821e+01 -1.975203779685097194e+00 1.000000000000000056e-01
5.220883534136546444e+01 -2.016331317039504967e+00 1.000000000000000056e-01
5.261044176706827358e+01 -2.022033614181675709e+00 1.000000000000000056e-01
5.301204819277108271e+01 -1.741874524833731730e+00 1.000000000000000056e-01
5.341365461847389184e+01 -1.806929157327264779e+00 1.000000000000000056e-01
5.381526104417670808e+01 -1.864934891272585382e+00 1.000000000000000056e-01
5.421686746987951722e+01 -1.716890872403287194e+00 1.000000000000000056e-01
5.461847389558232635e+01 -1.480093828158362212e+00 1.000000000000000056e-01
5.502008032128514259e+01 -1.427336735259712164e+00 1.000000000000000056e-01
5.542168674698795172e+01 -1.357325447105990346e+00 1.000000000000000056e-01
5.582329317269076085e+01 -1.460920781551042769e+00 1.000000000000000056e-01
5.622489959839357709e+01 -1.199116115502686819e+00 1.000000000000000056e-01
5.662650602409638623e+01 -1.051995009383007273e+00 1.000000000000000056e-01
5.702811244979919536e+01 -1.168357035732791704e+00 1.000000000000000056e-01
5.742971887550200449e+01 -1.027847453553890622e+00 1.000000000000000056e-01
5.783132530120482073e+01 -8.977048335127710832e-01 1.000000000000000056e-01
5.823293172690762987e+01 -7.848284788166588477e-01 1.000000000000000056e-01
5.863453815261043900e+01 -7.381398234055631669e-01 1.000000000000000056e-01
5.903614457831325524e+01 -4.342592753656421833e-01 1.000000000000000056e-01
5.943775100401606437e+01 -4.624574055039235715e-02 1.000000000000000056e-01
5.983935742971887350e+01 1.641921482872248372e-01 1.000000000000000056e-01
6.024096385542168974e+01 4.573416586490278157e-01 1.000000000000000056e-01
6.064257028112449888e+01 5.074421918333736903e-01 1.000000000000000056e-01
6.104417670682730801e+01 8.135881726556963844e-01 1.000000000000000056e-01
6.144578313253011714e+01 8.569025222934023578e-01 1.000000000000000056e-01
6.184738955823293338e+01 1.032129985200637146e+00 1.000000000000000056e-01
6.224899598393574252e+01 1.082116751239574626e+00 1.000000000000000056e-01
6.265060240963855165e+01 1.112280187766517381e+00 1.000000000000000056e-01
6.305220883534136789e+01 7.903230322251738604e-01 1.000000000000000056e-01
6.345381526104417702e+01 8.171053378218248175e-01 1.000000000000000056e-01
6.385542168674698615e+01 5.900491794916795651e-01 1.000000000000000056e-01
6.425702811244980239e+01 1.713037503719762600e-01 1.000000000000000056e-01
6.465863453815261153e+01 -1.284391665386277748e-01 1.000000000000000056e-01
6.506024096385542066e+01 -4.064333146280149633e-01 1.000000000000000056e-01
6.546184738955822979e+01 -7.635071031022309107e-01 1.000000000000000056e-01
6.586345381526103893e+01 -1.028380509159667611e+00 1.000000000000000056e-01
6.626506024096384806e+01 -1.269079086763265529e+00 1.000000000000000056e-01
6.666666666666667140e+01 -1.410491192584518050e+00 1.000000000000000056e-01
6.706827309236948054e+01 -1.479014694510636829e+00 1.000000000000000056e-01
6.746987951807228967e+01 -1.387123451461037549e+00 1.000000000000000056e-01
6.787148594377509880e+01 -1.301795046069710082e+00 1.000000000000000056e-01
6.827309236947790794e+01 -1.183684868746965213e+00 1.000000000000000056e-01
6.867469879518071707e+01 -1.083967973573960686e+00 1.000000000000000056e-01
6.907630522088354041e+01 -1.386436347234509592e+00 1.000000000000000056e-01
6.947791164658634955e+01 -1.615034807034271935e+00 1.000000000000000056e-01
6.987951807228915868e+01 -1.965910160225579295e+00 1.000000000000000056e-01
7.028112449799196781e+01 -2.336450292866432576e+00 1.000000000000000056e-01
7.068273092369477695e+01 -2.768363195929071985e+00 1.000000000000000056e-01
7.108433734939758608e+01 -2.644648873375769149e+00 1.000000000000000056e-01
7.148594377510039521e+01 -2.900395872659363938e+00 1.000000000000000056e-01
7.188755020080321856e+01 -2.703717498554598642e+00 1.000000000000000056e-01
7.228915662650602769e+01 -2.495182215971991191e+00 1.000000000000000056e-01
7.269076305220883683e+01 -2.342720148751024745e+00 1.000000000000000056e-01
7.309236947791164596e+01 -2.243189697997941323e+00 1.000000000000000056e-01
7.349397590361445509e+01 -2.185381206231408857e+00 1.000000000000000056e-01
7.389558232931726423e+01 -2.101733026073783872e+00 1.000000000000000056e-01
7.429718875502007336e+01 -2.013851331810414091e+00 1.000000000000000056e-01
7.469879518072289670e+01 -1.915630192030034706e+00 1.000000000000000056e-01
7.510040160642570584e+01 -1.630337121824197322e+00 1.000000000000000056e-01
7.550200803212851497e+01 -1.775921061907347775e+00 1.000000000000000056e-01
7.590361445783132410e+01 -1.324668095236888332e+00 1.000000000000000056e-01
7.630522088353413324e+01 -1.238485247654790511e+00 1.000000000000000056e-01
7.670682730923694237e+01 -1.069468894109083523e+00 1.000000000000000056e-01
7.710843373493975150e+01 -9.891293076408063101e-01 1.000000000000000056e-01
7.751004016064257485e+01 -9.084894034358770298e-01 1.000000000000000056e-01
7.791164658634538398e+01 -9.081086644439538835e-01 1.000000000000000056e-01
7.831325301204819311e+01 -1.062969256249691075e+00 1.000000000000000056e-01
7.871485943775100225e+01 -1.322073517077815286e+00 1.000000000000000056e-01
7.911646586345381138e+01 -1.247660036628420510e+00 1.000000000000000056e-01
7.951807228915662051e+01 -1.585723566899347237e+00 1.000000000000000056e-01
7.991967871485944386e+01 -1.784028619552531891e+00 1.000000000000000056e-01
8.032128514056225299e+01 -1.764557341423692360e+00 1.000000000000000056e-01
8.072289156626506212e+01 -2.117190771762287760e+00 1.000000000000000056e-01
8.112449799196787126e+01 -1.986334806021488042e+00 1.000000000000000056e-01
8.152610441767068039e+01 -1.817287456095475040e+00 1.000000000000000056e-01
8.192771084337348952e+01 -1.347090941970369382e+00 1.000000000000000056e-01
8.232931726907629866e+01 -8.844951753590422072e-01 1.000000000000000056e-01
8.273092369477912200e+01 -2.797878217149450952e-01 1.000000000000000056e-01
8.313253012048193114e+01 2.191728931694069682e-01 1.000000000000000056e-01
8.353413654618474027e+01 6.913971844043498294e-01 1.000000000000000056e-01
8.393574297188754940e+01 7.872313522009763975e-01 1.000000000000000056e-01
8.433734939759035854e+01 1.174019923561066658e+00 1.000000000000000056e-01
8.473895582329316767e+01 1.222180555618349818e+00 1.000000000000000056e-01
8.514056224899597680e+01 1.015113699961746052e+00 1.000000000000000056e-01
8.554216867469880015e+01 1.037302169377065653e+00 1.000000000000000056e-01
8.594377510040160928e+01 8.293377007323051719e-01 1.000000000000000056e-01
8.634538152610441841e+01 5.332893756393259910e-01 1.000000000000000056e-01
8.674698795180722755e+01 6.432476900327322999e-01 1.000000000000000056e-01
8.714859437751003668e+01 7.332711610817457260e-01 1.000000000000000056e-01
8.755020080321284581e+01 1.021899022026591108e+00 1.000000000000000056e-01
8.795180722891566916e+01 1.221110166316246248e+00 1.000000000000000056e-01
8.835341365461847829e+01 1.345553557459759686e+00 1.000000000000000056e-01
8.875502008032128742e+01 1.455230537593482865e+00 1.000000000000000056e-01
8.915662650602409656e+01 1.565016682566852557e+00 1.000000000000000056e-01
8.955823293172690569e+01 1.768774401903054239e+00 1.000000000000000056e-01
8.995983935742971482e+01 1.632547996464748241e+00 1.000000000000000056e-01
9.036144578313252396e+01 1.360887202989526035e+00 1.000000000000000056e-01
9.076305220883534730e+01 1.222245310185104739e+00 1.000000000000000056e-01
9.116465863453815643e+01 9.779586053363272802e-01 1.000000000000000056e-01
9.156626506024096557e+01 4.467907591256974342e-01 1.000000000000000056e-01
9.196787148594377470e+01 1.000310958195310546e-01 1.000000000000000056e-01
9.236947791164658383e+01 -2.992030889864072396e-01 1.000000000000000056e-01
9.277108433734939297e+01 -1.136534972063148130e+00 1.000000000000000056e-01
9.317269076305220210e+01 -1.562728995624909301e+00 1.000000000000000056e-01
9.357429718875502545e+01 -1.773806875143580486e+00 1.000000000000000056e-01
9.397590361445783458e+01 -1.923954853386561137e+00 1.000000000000000056e-01
9.437751004016064371e+01 -1.681549754426871379e+00 1.000000000000000056e-01
9.477911646586345285e+01 -1.526292500655153761e+00 1.000000000000000056e-01
9.518072289156626198e+01 -1.171641968849579607e+00 1.000000000000000056e-01
9.558232931726907111e+01 -6.455688061374350584e-01 1.000000000000000056e-01
9.598393574297188025e+01 -1.863739472621447624e-01 1.000000000000000056e-01
9.638554216867470359e+01 3.716445443086344724e-01 1.000000000000000056e-01
9.678714859437751272e+01 4.735788162197630546e-01 1.000000000000000056e-01
9.718875502008032186e+01 6.718130912504655106e-01 1.000000000000000056e-01
9.759036144578313099e+01 3.303718081503315696e-01 1.000000000000000056e-01
9.799196787148594012e+01 1.358036738892096085e-01 1.000000000000000056e-01
9.839357429718874926e+01 7.720311129269988304e-02 1.000000000000000056e-01
9.879518072289157260e+01 -4.701020327515842978e-01 1.000000000000000056e-01
9.919678714859438173e+01 -9.287547934421591656e-01 1.000000000000000056e-01
9.959839357429719087e+01 -1.301341696491388866e+00 1.000000000000000056e-01
1.000000000000000000e+02 -1.622800353510029714e+00 1.000000000000000056e-01
