0.000000000000000000e+00 -8.591639524093459546e-01 1.000000000000000056e-01
4.016064257028112428e-01 -2.994388657291102152e-01 1.000000000000000056e-01
8.032128514056224855e-01 8.046294333817957112e-01 1.000000000000000056e-01
1.204819277108433617e+00 1.378471865060100887e+00 1.000000000000000056e-01
1.606425702811244971e+00 1.618515661677052631e+00 1.000000000000000056e-01
2.008032128514056325e+00 1.710400997493501718e+00 1.000000000000000056e-01
2.409638554216867234e+00 1.337370182742251501e+00 1.000000000000000056e-01
2.811244979919678588e+00 1.389547124901104880e+00 1.000000000000000056e-01
3.212851405622489942e+00 1.540421612067658597e+00 1.000000000000000056e-01
3.614457831325301296e+00 2.258994075609238816e+00 1.000000000000000056e-01
4.016064257028112650e+00 2.500737826734296121e+00 1.000000000000000056e-01
4.417670682730923559e+00 2.849605053890110540e+00 1.000000000000000056e-01
4.819277108433734469e+00 2.495331118432480899e+00 1.000000000000000056e-01
5.220883534136546267e+00 2.272726204111036097e+00 1.000000000000000056e-01
5.622489959839357176e+00 1.622503983368171143e+00 1.000000000000000056e-01
6.024096385542168974e+00 1.674981727963734013e+00 1.000000000000000056e-01
6.425702811244979884e+00 1.149975919195140417e+00 1.000000000000000056e-01
6.827309236947790794e+00 3.284092760201961503e-01 1.000000000000000056e-01
7.228915662650602592e+00 -5.533575765373893729e-01 1.000000000000000056e-01
7.630522088353413501e+00 -1.791232105270039288e+00 1.000000000000000056e-01
8.032128514056225299e+00 -2.276266879115043551e+00 1.000000000000000056e-01
8.433734939759036209e+00 -1.977641181643618129e+00 1.000000000000000056e-01
8.835341365461847118e+00 -1.286719375679974409e+00 1.000000000000000056e-01
9.236947791164658028e+00 -7.589042881957366316e-01 1.000000000000000056e-01
9.638554216867468938e+00 -3.598007120265592773e-01 1.000000000000000056e-01
1.004016064257028162e+01 -4.144534280471581233e-01 1.000000000000000056e-01
1.044176706827309253e+01 -1.016254151332453226e+00 1.000000000000000056e-01
1.084337349397590344e+01 -1.133258277974124262e+00 1.000000000000000056e-01
1.124497991967871435e+01 -1.450503257813301028e+00 1.000000000000000056e-01
1.164658634538152526e+01 -1.428686993200674493e+00 1.000000000000000056e-01
1.204819277108433795e+01 -7.182492599983256731e-01 1.000000000000000056e-01
1.244979919678714886e+01 -1.625886107124519253e-01 1.000000000000000056e-01
1.285140562248995977e+01 6.473282930727377593e-01 1.000000000000000056e-01
1.325301204819277068e+01 1.569649028558571802e+00 1.000000000000000056e-01
1.365461847389558159e+01 2.354635936628751036e+00 1.000000000000000056e-01
1.405622489959839427e+01 2.289746343461511735e+00 1.000000000000000056e-01
1.445783132530120518e+01 1.966987531365905539e+00 1.000000000000000056e-01
1.485943775100401609e+01 9.735916319669931651e-01 1.000000000000000056e-01
1.526104417670682700e+01 6.353775371199523736e-01 1.000000000000000056e-01
1.566265060240963791e+01 3.263022680854584801e-01 1.000000000000000056e-01
1.606425702811245060e+01 5.510565136076648329e-01 1.000000000000000056e-01
1.646586345381525973e+01 1.424132988883041406e+00 1.000000000000000056e-01
1.686746987951807242e+01 1.890180607223298725e+00 1.000000000000000056e-01
1.726907630522088510e+01 2.165332785730350373e+00 1.000000000000000056e-01
1.767068273092369424e+01 2.286444617394825407e+00 1.000000000000000056e-01
1.807228915662650692e+01 2.737457918026195980e+00 1.000000000000000056e-01
1.847389558232931606e+01 2.952926961795379501e+00 1.000000000000000056e-01
1.887550200803212874e+01 2.711721650315606968e+00 1.000000000000000056e-01
1.927710843373493788e+01 2.336423624429843304e+00 1.000000000000000056e-01
1.967871485943775056e+01 1.762100026262689356e+00 1.000000000000000056e-01
2.008032128514056325e+01 1.151878091905969459e+00 1.000000000000000056e-01
2.048192771084337238e+01 4.755068905094319009e-01 1.000000000000000056e-01
2.088353413654618507e+01 -3.389952754963645315e-02 1.000000000000000056e-01
2.128514056224899420e+01 -9.139421941796382898e-02 1.000000000000000056e-01
2.168674698795180689e+01 2.831330489749118717e-01 1.000000000000000056e-01
2.208835341365461957e+01 6.772920680034023588e-01 1.000000000000000056e-01
2.248995983935742871e+01 7.062512530539517552e-01 1.000000000000000056e-01
2.289156626506024139e+01 8.807049512036116967e-01 1.000000000000000056e-01
2.329317269076305053e+01 7.829073866551552463e-01 1.000000000000000056e-01
2.369477911646586321e+01 6.122769187315304507e-01 1.000000000000000056e-01
2.409638554216867590e+01 6.336732053078859561e-01 1.000000000000000056e-01
2.449799196787148503e+01 1.599157378198951540e-01 1.000000000000000056e-01
2.489959839357429772e+01 -3.933559764238901413e-01 1.000000000000000056e-01
2.530120481927710685e+01 -7.938009845632016948e-01 1.000000000000000056e-01
2.570281124497991954e+01 -1.236008089852005609e+00 1.000000000000000056e-01
2.610441767068273222e+01 -1.528344605854249583e+00 1.000000000000000056e-01
2.650602409638554136e+01 -1.939340666703770255e+00 1.000000000000000056e-01
2.690763052208835404e+01 -1.914390912297343039e+00 1.000000000000000056e-01
2.730923694779116317e+01 -1.782392846366234407e+00 1.000000000000000056e-01
2.771084337349397586e+01 -1.391744994586195938e+00 1.000000000000000056e-01
2.811244979919678855e+01 -1.084128781061437730e+00 1.000000000000000056e-01
2.851405622489959768e+01 -5.017788245651755297e-01 1.000000000000000056e-01
2.891566265060241037e+01 -6.372505472152233397e-01 1.000000000000000056e-01
2.931726907630521950e+01 -8.871999842941462600e-01 1.000000000000000056e-01
2.971887550200803219e+01 -1.711984911117098829e+00 1.000000000000000056e-01
3.012048192771084487e+01 -1.721072844096532384e+00 1.000000000000000056e-01
3.052208835341365400e+01 -1.547059731555381790e+00 1.000000000000000056e-01
3.092369477911646669e+01 -8.319928496465145429e-01 1.000000000000000056e-01
3.132530120481927582e+01 5.245935227517667387e-02 1.000000000000000056e-01
3.172690763052208851e+01 1.680016668081642406e+00 1.000000000000000056e-01
3.212851405622490120e+01 2.780219681232192652e+00 1.000000000000000056e-01
3.253012048192771033e+01 3.411027183825005693e+00 1.000000000000000056e-01
3.293172690763051946e+01 3.269400451211553094e+00 1.000000000000000056e-01
3.333333333333333570e+01 2.240408056040427365e+00 1.000000000000000056e-01
3.373493975903614484e+01 8.168890582996808369e-01 1.000000000000000056e-01
3.413654618473895397e+01 2.888517377444679846e-02 1.000000000000000056e-01
3.453815261044177021e+01 -5.674236992177682515e-01 1.000000000000000056e-01
3.493975903614457934e+01 -3.732064950758224864e-01 1.000000000000000056e-01
3.534136546184738847e+01 3.042523604797203740e-01 1.000000000000000056e-01
3.574297188755019761e+01 9.437497777888232964e-01 1.000000000000000056e-01
3.614457831325301385e+01 1.046672976967202073e+00 1.000000000000000056e-01
3.654618473895582298e+01 4.695964025949778686e-01 1.000000000000000056e-01
3.694779116465863211e+01 -4.916149060355721745e-01 1.000000000000000056e-01
3.734939759036144835e+01 -1.196850876562010058e+00 1.000000000000000056e-01
3.775100401606425748e+01 -1.711769772346187990e+00 1.000000000000000056e-01
3.815261044176706662e+01 -1.820424581765598182e+00 1.000000000000000056e-01
3.855421686746987575e+01 -1.428493011394999845e+00 1.000000000000000056e-01
3.895582329317269199e+01 -1.221333657871104927e+00 1.000000000000000056e-01
3.935742971887550112e+01 -6.572529136911248182e-01 1.000000000000000056e-01
3.975903614457831026e+01 2.997083773570251020e-01 1.000000000000000056e-01
4.016064257028112650e+01 8.587631125208576854e-01 1.000000000000000056e-01
4.056224899598393563e+01 9.558481605874560305e-01 1.000000000000000056e-01
4.096385542168674476e+01 2.009486938894683439e-01 1.000000000000000056e-01
4.136546184738956100e+01 -8.907779789283113425e-01 1.000000000000000056e-01
4.176706827309237013e+01 -1.789628465833975612e+00 1.000000000000000056e-01
4.216867469879517927e+01 -2.310467565274558766e+00 1.000000000000000056e-01
4.257028112449798840e+01 -2.728009799205012964e+00 1.000000000000000056e-01
4.297188755020080464e+01 -2.819621752073838028e+00 1.000000000000000056e-01
4.337349397590361377e+01 -2.798781009777784767e+00 1.000000000000000056e-01
4.377510040160642291e+01 -2.019827176734661389e+00 1.000000000000000056e-01
4.417670682730923915e+01 -1.220407519412010977e+00 1.000000000000000056e-01
4.457831325301204828e+01 -3.956858802754942839e-01 1.000000000000000056e-01
4.497991967871485741e+01 -8.998483796139529478e-02 1.000000000000000056e-01
4.538152610441767365e+01 7.807733729360152863e-02 1.000000000000000056e-01
4.578313253012048278e+01 -2.772144286522778556e-01 1.000000000000000056e-01
4.618473895582329192e+01 -5.839969543158357590e-01 1.000000000000000056e-01
4.658634538152610105e+01 -5.562192223735947794e-01 1.000000000000000056e-01
4.698795180722891729e+01 9.579306960153699535e-02 1.000000000000000056e-01
4.738955823293172642e+01 7.606143695557319173e-01 1.000000000000000056e-01
4.779116465863453556e+01 1.024905907778378644e+00 1.000000000000000056e-01
4.819277108433735179e+01 5.743394618156846265e-01 1.000000000000000056e-01
4.859437751004016093e+01 2.901236868751678674e-02 1.000000000000000056e-01
4.899598393574297006e+01 -2.723012942013031124e-02 1.000000000000000056e-01
4.939759036144578630e+01 7.199095108217505867e-01 1.000000000000000056e-01
4.979919678714859543e+01 1.236185112159044586e+00 1.000000000000000056e-01
5.020080321285140457e+01 1.569069692746245748e+00 1.000000000000000056e-01
5.060240963855421370e+01 1.349294628419771769e+00 1.000000000000000056e-01
5.100401606425702994e+01 1.303132677981883925e+00 1.000000000000000056e-01
5.140562248995983907e+01 9.749021872728840243e-01 1.000000000000000056e-01
5.180722891566264821e+01 2.247472362516461097e-01 1.000000000000000056e-01
5.220883534136546444e+01 9.303460547173099740e-04 1.000000000000000056e-01
5.261044176706827358e+01 6.665503300700043043e-02 1.000000000000000056e-01
5.301204819277108271e+01 2.305519519578841658e-01 1.000000000000000056e-01
5.341365461847389184e+01 6.822393895843975598e-01 1.000000000000000056e-01
5.381526104417670808e+01 1.515445450139937256e+00 1.000000000000000056e-01
5.421686746987951722e+01 1.922522906737686998e+00 1.000000000000000056e-01
5.461847389558232635e+01 2.118956729336653577e+00 1.000000000000000056e-01
5.502008032128514259e+01 1.934818519448703755e+00 1.000000000000000056e-01
5.542168674698795172e+01 1.821845591336048953e+00 1.000000000000000056e-01
5.582329317269076085e+01 2.236742236794669658e+00 1.000000000000000056e-01
5.622489959839357709e+01 2.589879171057527074e+00 1.000000000000000056e-01
5.662650602409638623e+01 2.294258791675919618e+00 1.000000000000000056e-01
5.702811244979919536e+01 8.148579800322365285e-01 1.000000000000000056e-01
5.742971887550200449e+01 -7.362976790061963595e-01 1.000000000000000056e-01
5.783132530120482073e+01 -1.812309651599750326e+00 1.000000000000000056e-01
5.823293172690762987e+01 -1.869581969728753013e+00 1.000000000000000056e-01
5.863453815261043900e+01 -1.597692456005876949e+00 1.000000000000000056e-01
5.903614457831325524e+01 -3.412427482015638613e-01 1.000000000000000056e-01
5.943775100401606437e+01 1.130186394279386608e+00 1.000000000000000056e-01
5.983935742971887350e+01 1.715133991228039667e+00 1.000000000000000056e-01
6.024096385542168974e+01 1.928342442483296892e+00 1.000000000000000056e-01
6.064257028112449888e+01 1.581906304072895342e+00 1.000000000000000056e-01
6.104417670682730801e+01 1.053199496924207779e+00 1.000000000000000056e-01
6.144578313253011714e+01 3.244002508628417158e-02 1.000000000000000056e-01
6.184738955823293338e+01 -6.700523011449625033e-01 1.000000000000000056e-01
6.224899598393574252e+01 -7.829501852374523008e-01 1.000000000000000056e-01
6.265060240963855165e+01 -5.835701534194120965e-01 1.000000000000000056e-01
6.305220883534136789e+01 -5.099201236395083103e-02 1.000000000000000056e-01
6.345381526104417702e+01 5.003098557483487419e-01 1.000000000000000056e-01
6.385542168674698615e+01 7.103158482733222812e-01 1.000000000000000056e-01
6.425702811244980239e+01 4.096743587942145437e-01 1.000000000000000056e-01
6.465863453815261153e+01 1.391019082922264338e-01 1.000000000000000056e-01
6.506024096385542066e+01 -2.584912164563704096e-01 1.000000000000000056e-01
6.546184738955822979e+01 -9.513246740357923503e-01 1.000000000000000056e-01
6.586345381526103893e+01 -1.164268564375853243e+00 1.000000000000000056e-01
6.626506024096384806e+01 -7.515227878052093136e-01 1.000000000000000056e-01
6.666666666666667140e+01 -1.651625545307589260e-01 1.000000000000000056e-01
6.706827309236948054e+01 3.548940356413177177e-04 1.000000000000000056e-01
6.746987951807228967e+01 -3.348622978820069984e-01 1.000000000000000056e-01
6.787148594377509880e+01 -5.800694908213073209e-01 1.000000000000000056e-01
6.827309236947790794e+01 -9.249271316175838864e-01 1.000000000000000056e-01
6.867469879518071707e+01 -6.292923018473145502e-01 1.000000000000000056e-01
6.907630522088354041e+01 -3.953909116449648709e-01 1.000000000000000056e-01
6.947791164658634955e+01 -4.455601627763651762e-01 1.000000000000000056e-01
6.987951807228915868e+01 -7.509985472744030721e-01 1.000000000000000056e-01
7.028112449799196781e+01 -8.488945056225365438e-01 1.000000000000000056e-01
7.068273092369477695e+01 -9.296662719405303088e-01 1.000000000000000056e-01
7.108433734939758608e+01 -8.233650974922823718e-01 1.000000000000000056e-01
7.148594377510039521e+01 -9.748878658376411988e-01 1.000000000000000056e-01
7.188755020080321856e+01 -1.157476689612398468e+00 1.000000000000000056e-01
7.228915662650602769e+01 -1.176060510893125022e+00 1.000000000000000056e-01
7.269076305220883683e+01 -1.168078288031111800e+00 1.000000000000000056e-01
7.309236947791164596e+01 -1.106181037879967022e+00 1.000000000000000056e-01
7.349397590361445509e+01 -1.278619712881833514e+00 1.000000000000000056e-01
7.389558232931726423e+01 -1.593426025458790862e+00 1.000000000000000056e-01
7.429718875502007336e+01 -1.694708625166235549e+00 1.000000000000000056e-01
7.469879518072289670e+01 -1.477210467979623632e+00 1.000000000000000056e-01
7.510040160642570584e+01 -1.540680799549118518e+00 1.000000000000000056e-01
7.550200803212851497e+01 -2.121093757657427137e+00 1.000000000000000056e-01
7.590361445783132410e+01 -2.436594169371052221e+00 1.000000000000000056e-01
7.630522088353413324e+01 -2.632102837865132994e+00 1.000000000000000056e-01
7.670682730923694237e+01 -2.614159477555796585e+00 1.000000000000000056e-01
7.710843373493975150e+01 -1.910543525923773078e+00 1.000000000000000056e-01
7.751004016064257485e+01 -1.356469104827461747e+00 1.000000000000000056e-01
7.791164658634538398e+01 -8.861559748007792336e-01 1.000000000000000056e-01
7.831325301204819311e+01 -6.715315760816127355e-01 1.000000000000000056e-01
7.871485943775100225e+01 -6.610248518049421929e-01 1.000000000000000056e-01
7.911646586345381138e+01 -1.598398751985603272e-01 1.000000000000000056e-01
7.951807228915662051e+01 7.565763266435292511e-01 1.000000000000000056e-01
7.991967871485944386e+01 1.309038028964799150e+00 1.000000000000000056e-01
8.032128514056225299e+01 1.982069567221355300e+00 1.000000000000000056e-01
8.072289156626506212e+01 1.418982205385162176e+00 1.000000000000000056e-01
8.112449799196787126e+01 2.339313537251872660e-02 1.000000000000000056e-01
8.152610441767068039e+01 -1.121521930852606763e+00 1.000000000000000056e-01
8.192771084337348952e+01 -2.123266540662870128e+00 1.000000000000000056e-01
8.232931726907629866e+01 -2.511099192817818349e+00 1.000000000000000056e-01
8.273092369477912200e+01 -2.067571086150495230e+00 1.000000000000000056e-01
8.313253012048193114e+01 -1.349867131596790504e+00 1.000000000000000056e-01
8.353413654618474027e+01 -7.239756048224401663e-01 1.000000000000000056e-01
8.393574297188754940e+01 -1.211072746164936625e-01 1.000000000000000056e-01
8.433734939759035854e+01 3.837539535315766942e-02 1.000000000000000056e-01
8.473895582329316767e+01 -2.576004399942570799e-01 1.000000000000000056e-01
8.514056224899597680e+01 6.055016142630462173e-02 1.000000000000000056e-01
8.554216867469880015e+01 3.998637356213349259e-01 1.000000000000000056e-01
8.594377510040160928e+01 7.964080307474137310e-01 1.000000000000000056e-01
8.634538152610441841e+01 1.294833469753038369e+00 1.000000000000000056e-01
8.674698795180722755e+01 1.576864115008089318e+00 1.000000000000000056e-01
8.714859437751003668e+01 1.743263119788507343e+00 1.000000000000000056e-01
8.755020080321284581e+01 1.356174099210167849e+00 1.000000000000000056e-01
8.795180722891566916e+01 1.171948096824233954e+00 1.000000000000000056e-01
8.835341365461847829e+01 7.335768221362067854e-01 1.000000000000000056e-01
8.875502008032128742e+01 2.391390253137859745e-01 1.000000000000000056e-01
8.915662650602409656e+01 -4.359261193694605185e-01 1.000000000000000056e-01
8.955823293172690569e+01 -1.085904189562894473e+00 1.000000000000000056e-01
8.995983935742971482e+01 -1.288469633887917576e+00 1.000000000000000056e-01
9.036144578313252396e+01 -1.071984283300319696e+00 1.000000000000000056e-01
9.076305220883534730e+01 -4.184123688273286845e-01 1.000000000000000056e-01
9.116465863453815643e+01 -1.555103793935955214e-01 1.000000000000000056e-01
9.156626506024096557e+01 2.064025845608014609e-01 1.000000000000000056e-01
9.196787148594377470e+01 2.432656213783166710e-01 1.000000000000000056e-01
9.236947791164658383e+01 1.897141213809789562e-01 1.000000000000000056e-01
9.277108433734939297e+01 4.969196953444998122e-01 1.000000000000000056e-01
9.317269076305220210e+01 5.441587018983913282e-01 1.000000000000000056e-01
9.357429718875502545e+01 1.209423496764713502e+00 1.000000000000000056e-01
9.397590361445783458e+01 1.378479259620030817e+00 1.000000000000000056e-01
9.437751004016064371e+01 1.216110034476032054e+00 1.000000000000000056e-01
9.477911646586345285e+01 7.035254788692378858e-01 1.000000000000000056e-01
9.518072289156626198e+01 2.316714628945928944e-01 1.000000000000000056e-01
9.558232931726907111e+01 8.269515467459609415e-02 1.000000000000000056e-01
9.598393574297188025e+01 7.033315319837837865e-02 1.000000000000000056e-01
9.638554216867470359e+01 4.813805986703094120e-01 1.000000000000000056e-01
9.678714859437751272e+01 4.997674497977809827e-01 1.000000000000000056e-01
9.718875502008032186e+01 1.938041142120618954e-01 1.000000000000000056e-01
9.759036144578313099e+01 -2.405074197835731509e-01 1.000000000000000056e-01
9.799196787148594012e+01 -3.537338840541504603e-01 1.000000000000000056e-01
9.839357429718874926e+01 -3.813672809768589578e-01 1.000000000000000056e-01
9.879518072289157260e+01 -2.119701454323525414e-01 1.000000000000000056e-01
9.919678714859438173e+01 1.921069355947132296e-01 1.000000000000000056e-01
9.959839357429719087e+01 5.590937464236046539e-01 1.000000000000000056e-01
1.000000000000000000e+02 7.908747727081817391e-01 1.000000000000000056e-01
