0.000000000000000000e+00 -4.846025265613051851e-03 1.000000000000000056e-01
4.016064257028112428e-01 1.104402161632350859e-01 1.000000000000000056e-01
8.032128514056224855e-01 3.116721859529965333e-02 1.000000000000000056e-01
1.204819277108433617e+00 -3.162045570837358766e-02 1.000000000000000056e-01
1.606425702811244971e+00 1.762396315250334966e-02 1.000000000000000056e-01
2.008032128514056325e+00 3.274515371473454839e-02 1.000000000000000056e-01
2.409638554216867234e+00 5.198671040391261711e-01 1.000000000000000056e-01
2.811244979919678588e+00 9.957059140697873678e-01 1.000000000000000056e-01
3.212851405622489942e+00 1.501996311606482948e+00 1.000000000000000056e-01
3.614457831325301296e+00 1.619037420140838179e+00 1.000000000000000056e-01
4.016064257028112650e+00 1.728665901977715968e+00 1.000000000000000056e-01
4.417670682730923559e+00 1.436663757192315094e+00 1.000000000000000056e-01
4.819277108433734469e+00 1.017363943032597362e+00 1.000000000000000056e-01
5.220883534136546267e+00 9.671879333961865832e-01 1.000000000000000056e-01
5.622489959839357176e+00 2.928169151059001885e-01 1.000000000000000056e-01
6.024096385542168974e+00 -2.690865530158480512e-01 1.000000000000000056e-01
6.425702811244979884e+00 -8.714231719710291424e-01 1.000000000000000056e-01
6.827309236947790794e+00 -1.115462214321193635e+00 1.000000000000000056e-01
7.228915662650602592e+00 -1.615613804776728557e+00 1.000000000000000056e-01
7.630522088353413501e+00 -2.024182420923938075e+00 1.000000000000000056e-01
8.032128514056225299e+00 -2.014433688657927046e+00 1.000000000000000056e-01
8.433734939759036209e+00 -1.892049304017800138e+00 1.000000000000000056e-01
8.835341365461847118e+00 -1.554368612199782174e+00 1.000000000000000056e-01
9.236947791164658028e+00 -1.128510223675034618e+00 1.000000000000000056e-01
9.638554216867468938e+00 -4.687240260546059467e-01 1.000000000000000056e-01
1.004016064257028162e+01 3.841404373258247573e-02 1.000000000000000056e-01
1.044176706827309253e+01 4.821831671263765995e-01 1.000000000000000056e-01
1.084337349397590344e+01 5.903757096851014463e-01 1.000000000000000056e-01
1.124497991967871435e+01 8.953495166014722173e-01 1.000000000000000056e-01
1.164658634538152526e+01 1.369103164367902137e+00 1.000000000000000056e-01
1.204819277108433795e+01 1.953361084214364718e+00 1.000000000000000056e-01
1.244979919678714886e+01 2.413559109226502297e+00 1.000000000000000056e-01
1.285140562248995977e+01 2.977141881946760993e+00 1.000000000000000056e-01
1.325301204819277068e+01 2.843740823172383081e+00 1.000000000000000056e-01
1.365461847389558159e+01 2.594904360060183102e+00 1.000000000000000056e-01
1.405622489959839427e+01 1.646490808173042275e+00 1.000000000000000056e-01
1.445783132530120518e+01 9.382068332972255398e-01 1.000000000000000056e-01
1.485943775100401609e+01 3.752697351203375664e-01 1.000000000000000056e-01
1.526104417670682700e+01 -6.665562459221334723e-01 1.000000000000000056e-01
1.566265060240963791e+01 -1.370935949434862966e+00 1.000000000000000056e-01
1.606425702811245060e+01 -1.871123096127236929e+00 1.000000000000000056e-01
1.646586345381525973e+01 -2.346222151945434042e+00 1.000000000000000056e-01
1.686746987951807242e+01 -2.690760254281862274e+00 1.000000000000000056e-01
1.726907630522088510e+01 -2.851258568594093212e+00 1.000000000000000056e-01
1.767068273092369424e+01 -2.974580685597904228e+00 1.000000000000000056e-01
1.807228915662650692e+01 -2.900680104613529764e+00 1.000000000000000056e-01
1.847389558232931606e+01 -2.519046561737208201e+00 1.000000000000000056e-01
1.887550200803212874e+01 -2.449876165444029308e+00 1.000000000000000056e-01
1.927710843373493788e+01 -2.131357838942864902e+00 1.000000000000000056e-01
1.967871485943775056e+01 -1.644112163853720832e+00 1.000000000000000056e-01
2.008032128514056325e+01 -1.103817337559743317e+00 1.000000000000000056e-01
2.048192771084337238e+01 -5.922552513044021527e-01 1.000000000000000056e-01
2.088353413654618507e+01 -3.331974350852645039e-01 1.000000000000000056e-01
2.128514056224899420e+01 1.962857491778320917e-01 1.000000000000000056e-01
2.168674698795180689e+01 5.479261575205052193e-01 1.000000000000000056e-01
2.208835341365461957e+01 1.160287470735583693e+00 1.000000000000000056e-01
2.248995983935742871e+01 1.623146163582135149e+00 1.000000000000000056e-01
2.289156626506024139e+01 1.529372563110127148e+00 1.000000000000000056e-01
2.329317269076305053e+01 2.071628256230332976e+00 1.000000000000000056e-01
2.369477911646586321e+01 1.525272128058635213e+00 1.000000000000000056e-01
2.409638554216867590e+01 1.028320493423137583e+00 1.000000000000000056e-01
2.449799196787148503e+01 2.457913195715706323e-01 1.000000000000000056e-01
2.489959839357429772e+01 -2.176887564883449311e-01 1.000000000000000056e-01
2.530120481927710685e+01 -5.591309554232342105e-01 1.000000000000000056e-01
2.570281124497991954e+01 -1.031395894554766102e+00 1.000000000000000056e-01
2.610441767068273222e+01 -1.322227601423480836e+00 1.000000000000000056e-01
2.650602409638554136e+01 -1.462364798434268254e+00 1.000000000000000056e-01
2.690763052208835404e+01 -1.424046245791147802e+00 1.000000000000000056e-01
2.730923694779116317e+01 -1.607154223976739571e+00 1.000000000000000056e-01
2.771084337349397586e+01 -1.532506020113344247e+00 1.000000000000000056e-01
2.811244979919678855e+01 -1.508011858118788018e+00 1.000000000000000056e-01
2.851405622489959768e+01 -1.352585155897346958e+00 1.000000000000000056e-01
2.891566265060241037e+01 -1.443269230254972335e+00 1.000000000000000056e-01
2.931726907630521950e+01 -1.198666239137296863e+00 1.000000000000000056e-01
2.971887550200803219e+01 -9.663928608880543170e-01 1.000000000000000056e-01
3.012048192771084487e+01 -7.128988299276102225e-01 1.000000000000000056e-01
3.052208835341365400e+01 -1.254240734399477419e-01 1.000000000000000056e-01
3.092369477911646669e+01 2.196957148942910443e-01 1.000000000000000056e-01
3.132530120481927582e+01 7.092464482627544031e-01 1.000000000000000056e-01
3.172690763052208851e+01 1.162699264442473845e+00 1.000000000000000056e-01
3.212851405622490120e+01 1.635734024477573989e+00 1.000000000000000056e-01
3.253012048192771033e+01 2.140396110613609792e+00 1.000000000000000056e-01
3.293172690763051946e+01 2.397784852021939361e+00 1.000000000000000056e-01
3.333333333333333570e+01 2.366497461073172381e+00 1.000000000000000056e-01
3.373493975903614484e+01 2.292293584274244900e+00 1.000000000000000056e-01
3.413654618473895397e+01 1.924137447653159416e+00 1.000000000000000056e-01
3.453815261044177021e+01 1.630115649354352492e+00 1.000000000000000056e-01
3.493975903614457934e+01 1.319314355988296272e+00 1.000000000000000056e-01
3.534136546184738847e+01 1.408235485586571745e+00 1.000000000000000056e-01
3.574297188755019761e+01 1.031796953502794656e+00 1.000000000000000056e-01
3.614457831325301385e+01 9.434479207679240531e-01 1.000000000000000056e-01
3.654618473895582298e+01 8.026396226554647351e-01 1.000000000000000056e-01
3.694779116465863211e+01 5.990404480028472811e-01 1.000000000000000056e-01
3.734939759036144835e+01 6.281567271839979538e-01 1.000000000000000056e-01
3.775100401606425748e+01 4.037694630934993145e-01 1.000000000000000056e-01
3.815261044176706662e+01 1.945414078879645070e-01 1.000000000000000056e-01
3.855421686746987575e+01 -4.528854670312443265e-03 1.000000000000000056e-01
3.895582329317269199e+01 -2.243446196670295656e-01 1.000000000000000056e-01
3.935742971887550112e+01 -2.363826987352621034e-01 1.000000000000000056e-01
3.975903614457831026e+01 -9.558675186457685213e-02 1.000000000000000056e-01
4.016064257028112650e+01 5.230842177832286527e-02 1.000000000000000056e-01
4.056224899598393563e+01 6.342454349665702651e-01 1.000000000000000056e-01
4.096385542168674476e+01 9.022974109695116596e-01 1.000000000000000056e-01
4.136546184738956100e+01 1.515863494649158483e+00 1.000000000000000056e-01
4.176706827309237013e+01 1.967298681879450006e+00 1.000000000000000056e-01
4.216867469879517927e+01 2.816378601819068628e+00 1.000000000000000056e-01
4.257028112449798840e+01 3.284632387603112491e+00 1.000000000000000056e-01
4.297188755020080464e+01 3.372549763593286620e+00 1.000000000000000056e-01
4.337349397590361377e+01 3.387774685436640176e+00 1.000000000000000056e-01
4.377510040160642291e+01 3.517306246777897272e+00 1.000000000000000056e-01
4.417670682730923915e+01 3.492422152526407420e+00 1.000000000000000056e-01
4.457831325301204828e+01 3.771789133285997853e+00 1.000000000000000056e-01
4.497991967871485741e+01 4.165643116017979430e+00 1.000000000000000056e-01
4.538152610441767365e+01 4.162605721789780944e+00 1.000000000000000056e-01
4.578313253012048278e+01 4.436534831754855190e+00 1.000000000000000056e-01
4.618473895582329192e+01 4.344839329567055763e+00 1.000000000000000056e-01
4.658634538152610105e+01 4.316316704591011799e+00 1.000000000000000056e-01
4.698795180722891729e+01 4.054779907364805425e+00 1.000000000000000056e-01
4.738955823293172642e+01 3.872283654449617973e+00 1.000000000000000056e-01
4.779116465863453556e+01 3.087139845426338791e+00 1.000000000000000056e-01
4.819277108433735179e+01 2.666929827797972941e+00 1.000000000000000056e-01
4.859437751004016093e+01 2.531719578609872734e+00 1.000000000000000056e-01
4.899598393574297006e+01 2.375152716852165558e+00 1.000000000000000056e-01
4.939759036144578630e+01 2.027819271752830499e+00 1.000000000000000056e-01
4.979919678714859543e+01 1.737174129342929252e+00 1.000000000000000056e-01
5.020080321285140457e+01 1.740780952739844345e+00 1.000000000000000056e-01
5.060240963855421370e+01 1.962357182403546840e+00 1.000000000000000056e-01
5.100401606425702994e+01 2.237134932931371889e+00 1.000000000000000056e-01
5.140562248995983907e+01 2.820815213218423878e+00 1.000000000000000056e-01
5.180722891566264821e+01 3.174213960043394511e+00 1.000000000000000056e-01
5.220883534136546444e+01 3.278686768235835824e+00 1.000000000000000056e-01
5.261044176706827358e+01 3.544043156460665145e+00 1.000000000000000056e-01
5.301204819277108271e+01 3.248357635048618519e+00 1.000000000000000056e-01
5.341365461847389184e+01 3.100885153922942283e+00 1.000000000000000056e-01
5.381526104417670808e+01 3.204840628043096995e+00 1.000000000000000056e-01
5.421686746987951722e+01 3.065825173560016825e+00 1.000000000000000056e-01
5.461847389558232635e+01 2.958482303608414465e+00 1.000000000000000056e-01
5.502008032128514259e+01 3.426961118083776903e+00 1.000000000000000056e-01
5.542168674698795172e+01 3.663968735814740807e+00 1.000000000000000056e-01
5.582329317269076085e+01 3.508499281753938881e+00 1.000000000000000056e-01
5.622489959839357709e+01 3.754422361291520627e+00 1.000000000000000056e-01
5.662650602409638623e+01 3.461534417090170734e+00 1.000000000000000056e-01
5.702811244979919536e+01 3.019134073236324767e+00 1.000000000000000056e-01
5.742971887550200449e+01 2.902950301315726733e+00 1.000000000000000056e-01
5.783132530120482073e+01 2.458780170994723235e+00 1.000000000000000056e-01
5.823293172690762987e+01 2.451675933950421271e+00 1.000000000000000056e-01
5.863453815261043900e+01 2.442471550494105692e+00 1.000000000000000056e-01
5.903614457831325524e+01 2.723190095261790233e+00 1.000000000000000056e-01
5.943775100401606437e+01 2.727040609103105417e+00 1.000000000000000056e-01
5.983935742971887350e+01 2.514632786083399019e+00 1.000000000000000056e-01
6.024096385542168974e+01 2.473041614754577733e+00 1.000000000000000056e-01
6.064257028112449888e+01 2.527897872314631034e+00 1.000000000000000056e-01
6.104417670682730801e+01 2.320613989300642555e+00 1.000000000000000056e-01
6.144578313253011714e+01 2.587614261597371179e+00 1.000000000000000056e-01
6.184738955823293338e+01 2.653418325598098537e+00 1.000000000000000056e-01
6.224899598393574252e+01 2.829200548562875284e+00 1.000000000000000056e-01
6.265060240963855165e+01 2.638133635312472247e+00 1.000000000000000056e-01
6.305220883534136789e+01 2.074962722171823870e+00 1.000000000000000056e-01
6.345381526104417702e+01 1.866422537473812815e+00 1.000000000000000056e-01
6.385542168674698615e+01 1.583876849532010578e+00 1.000000000000000056e-01
6.425702811244980239e+01 9.570859547428972602e-01 1.000000000000000056e-01
6.465863453815261153e+01 8.954348380088628101e-01 1.000000000000000056e-01
6.506024096385542066e+01 6.901539189754741788e-01 1.000000000000000056e-01
6.546184738955822979e+01 5.768129213669820343e-01 1.000000000000000056e-01
6.586345381526103893e+01 6.629818899510948604e-01 1.000000000000000056e-01
6.626506024096384806e+01 6.409450930792428558e-01 1.000000000000000056e-01
6.666666666666667140e+01 3.280655833568492108e-01 1.000000000000000056e-01
6.706827309236948054e+01 -1.656627046964505301e-01 1.000000000000000056e-01
6.746987951807228967e+01 -3.177843706382362798e-01 1.000000000000000056e-01
6.787148594377509880e+01 -3.580638190932840526e-01 1.000000000000000056e-01
6.827309236947790794e+01 -4.690559267265036469e-01 1.000000000000000056e-01
6.867469879518071707e+01 -2.923300677706767159e-01 1.000000000000000056e-01
6.907630522088354041e+01 -4.054888697536925823e-01 1.000000000000000056e-01
6.947791164658634955e+01 -3.039267735293837980e-01 1.000000000000000056e-01
6.987951807228915868e+01 -5.247987593493353975e-01 1.000000000000000056e-01
7.028112449799196781e+01 -4.723575496292752862e-01 1.000000000000000056e-01
7.068273092369477695e+01 -2.698352924952440168e-01 1.000000000000000056e-01
7.108433734939758608e+01 4.995867588400074166e-02 1.000000000000000056e-01
7.148594377510039521e+01 3.936546434851656007e-01 1.000000000000000056e-01
7.188755020080321856e+01 7.459303873726355061e-01 1.000000000000000056e-01
7.228915662650602769e+01 1.235508029733094926e+00 1.000000000000000056e-01
7.269076305220883683e+01 1.234624538098030300e+00 1.000000000000000056e-01
7.309236947791164596e+01 8.759440949830613610e-01 1.000000000000000056e-01
7.349397590361445509e+01 7.211057628912961315e-01 1.000000000000000056e-01
7.389558232931726423e+01 3.647613841975074211e-01 1.000000000000000056e-01
7.429718875502007336e+01 7.989417070035156887e-03 1.000000000000000056e-01
7.469879518072289670e+01 2.246239546350483618e-01 1.000000000000000056e-01
7.510040160642570584e+01 -7.649282056060913160e-02 1.000000000000000056e-01
7.550200803212851497e+01 -1.482189872022375010e-01 1.000000000000000056e-01
7.590361445783132410e+01 -3.664445442099529826e-01 1.000000000000000056e-01
7.630522088353413324e+01 -5.935961350566093531e-01 1.000000000000000056e-01
7.670682730923694237e+01 -9.039748579247535165e-01 1.000000000000000056e-01
7.710843373493975150e+01 -1.199407109067487154e+00 1.000000000000000056e-01
7.751004016064257485e+01 -1.620468086822813181e+00 1.000000000000000056e-01
7.791164658634538398e+01 -1.910950260061812234e+00 1.000000000000000056e-01
7.831325301204819311e+01 -2.466022300894068486e+00 1.000000000000000056e-01
7.871485943775100225e+01 -2.704931756969991774e+00 1.000000000000000056e-01
7.911646586345381138e+01 -2.715191421569097763e+00 1.000000000000000056e-01
7.951807228915662051e+01 -2.694062186177653473e+00 1.000000000000000056e-01
7.991967871485944386e+01 -2.475000258545532184e+00 1.000000000000000056e-01
8.032128514056225299e+01 -2.008513369412346705e+00 1.000000000000000056e-01
8.072289156626506212e+01 -1.348522660906753545e+00 1.000000000000000056e-01
8.112449799196787126e+01 -4.539468357847424307e-01 1.000000000000000056e-01
8.152610441767068039e+01 -1.615119845359061501e-02 1.000000000000000056e-01
8.192771084337348952e+01 5.929459143596356174e-01 1.000000000000000056e-01
8.232931726907629866e+01 9.013323845006808721e-01 1.000000000000000056e-01
8.273092369477912200e+01 7.185862220027596781e-01 1.000000000000000056e-01
8.313253012048193114e+01 6.218846279666910837e-01 1.000000000000000056e-01
8.353413654618474027e+01 2.501643018700573373e-01 1.000000000000000056e-01
8.393574297188754940e+01 3.637129436487915868e-01 1.000000000000000056e-01
8.433734939759035854e+01 1.409798047594628123e-01 1.000000000000000056e-01
8.473895582329316767e+01 7.253402717826332169e-02 1.000000000000000056e-01
8.514056224899597680e+01 2.794098528934383374e-01 1.000000000000000056e-01
8.554216867469880015e+01 6.608981372139818289e-01 1.000000000000000056e-01
8.594377510040160928e+01 7.286305078194290630e-01 1.000000000000000056e-01
8.634538152610441841e+01 9.277103131736493813e-01 1.000000000000000056e-01
8.674698795180722755e+01 6.175375274735497300e-01 1.000000000000000056e-01
8.714859437751003668e+01 2.883357033960135540e-01 1.000000000000000056e-01
8.755020080321284581e+01 -9.398412772318712194e-02 1.000000000000000056e-01
8.795180722891566916e+01 -3.326105843360328551e-01 1.000000000000000056e-01
8.835341365461847829e+01 -6.480777820775145415e-01 1.000000000000000056e-01
8.875502008032128742e+01 -5.207152731675609436e-01 1.000000000000000056e-01
8.915662650602409656e+01 -4.734201109816281172e-01 1.000000000000000056e-01
8.955823293172690569e+01 -1.830880987081234812e-01 1.000000000000000056e-01
8.995983935742971482e+01 -8.897566470904433311e-02 1.000000000000000056e-01
9.036144578313252396e+01 1.969782359243883174e-01 1.000000000000000056e-01
9.076305220883534730e+01 5.871459274392336614e-01 1.000000000000000056e-01
9.116465863453815643e+01 8.900460043299360802e-01 1.000000000000000056e-01
9.156626506024096557e+01 1.137979266899068254e+00 1.000000000000000056e-01
9.196787148594377470e+01 7.333267321118607240e-01 1.000000000000000056e-01
9.236947791164658383e+01 8.263993014890484989e-01 1.000000000000000056e-01
9.277108433734939297e+01 5.380549135663473259e-02 1.000000000000000056e-01
9.317269076305220210e+01 -2.407036111045144366e-01 1.000000000000000056e-01
9.357429718875502545e+01 -6.629487719727928940e-01 1.000000000000000056e-01
9.397590361445783458e+01 -5.930958436147544255e-01 1.000000000000000056e-01
9.437751004016064371e+01 -4.532507321085803564e-01 1.000000000000000056e-01
9.477911646586345285e+01 2.681312817190768527e-01 1.000000000000000056e-01
9.518072289156626198e+01 6.321062948225129041e-01 1.000000000000000056e-01
9.558232931726907111e+01 1.093232170984008267e+00 1.000000000000000056e-01
9.598393574297188025e+01 1.393808583140361046e+00 1.000000000000000056e-01
9.638554216867470359e+01 1.327832268204704569e+00 1.000000000000000056e-01
9.678714859437751272e+01 1.235184162360003501e+00 1.000000000000000056e-01
9.718875502008032186e+01 9.949878539249764620e-01 1.000000000000000056e-01
9.759036144578313099e+01 7.171291114533474564e-01 1.000000000000000056e-01
9.799196787148594012e+01 7.425502365092770951e-01 1.000000000000000056e-01
9.839357429718874926e+01 4.362933305187286503e-01 1.000000000000000056e-01
9.879518072289157260e+01 2.781755666844256680e-01 1.000000000000000056e-01
9.919678714859438173e+01 3.406258519925464689e-01 1.000000000000000056e-01
9.959839357429719087e+01 7.154964258340210659e-01 1.000000000000000056e-01
1.000000000000000000e+02 6.317525025288085461e-01 1.000000000000000056e-01
