0.000000000000000000e+00 -8.076573457096482000e-01 1.000000000000000056e-01
4.016064257028112428e-01 -4.571130613116175523e-01 1.000000000000000056e-01
8.032128514056224855e-01 8.387617649576109558e-02 1.000000000000000056e-01
1.204819277108433617e+00 9.239184726930290692e-01 1.000000000000000056e-01
1.606425702811244971e+00 1.109572145914649921e+00 1.000000000000000056e-01
2.008032128514056325e+00 9.965031489334260639e-01 1.000000000000000056e-01
2.409638554216867234e+00 7.090790994549264203e-01 1.000000000000000056e-01
2.811244979919678588e+00 3.151390256186445415e-01 1.000000000000000056e-01
3.212851405622489942e+00 1.074612737600888906e-01 1.000000000000000056e-01
3.614457831325301296e+00 -3.714584095964876265e-01 1.000000000000000056e-01
4.016064257028112650e+00 -6.731233845004027661e-01 1.000000000000000056e-01
4.417670682730923559e+00 -9.425204052323632453e-01 1.000000000000000056e-01
4.819277108433734469e+00 -1.524273548437878878e+00 1.000000000000000056e-01
5.220883534136546267e+00 -1.635203617252757535e+00 1.000000000000000056e-01
5.622489959839357176e+00 -2.100101243473516455e+00 1.000000000000000056e-01
6.024096385542168974e+00 -2.260964662053251750e+00 1.000000000000000056e-01
6.425702811244979884e+00 -2.361198393255726113e+00 1.000000000000000056e-01
6.827309236947790794e+00 -1.880190704265421120e+00 1.000000000000000056e-01
7.228915662650602592e+00 -1.704335209416334207e+00 1.000000000000000056e-01
7.630522088353413501e+00 -1.729355674824243350e+00 1.000000000000000056e-01
8.032128514056225299e+00 -1.391538041065065068e+00 1.000000000000000056e-01
8.433734939759036209e+00 -1.029628757922304905e+00 1.000000000000000056e-01
8.835341365461847118e+00 -8.359183749995032775e-01 1.000000000000000056e-01
9.236947791164658028e+00 -6.044253766714202669e-01 1.000000000000000056e-01
9.638554216867468938e+00 -5.545380624707630934e-01 1.000000000000000056e-01
1.004016064257028162e+01 -2.878361967850181502e-01 1.000000000000000056e-01
1.044176706827309253e+01 -1.043432110174618843e-01 1.000000000000000056e-01
1.084337349397590344e+01 2.519176264733903881e-01 1.000000000000000056e-01
1.124497991967871435e+01 2.405310441757242401e-01 1.000000000000000056e-01
1.164658634538152526e+01 2.225781484393169196e-01 1.000000000000000056e-01
1.204819277108433795e+01 3.661204179282965265e-01 1.000000000000000056e-01
1.244979919678714886e+01 -3.917240939825650248e-02 1.000000000000000056e-01
1.285140562248995977e+01 -3.343928419098836369e-02 1.000000000000000056e-01
1.325301204819277068e+01 2.715540581277237075e-02 1.000000000000000056e-01
1.365461847389558159e+01 1.526128416326215098e-01 1.000000000000000056e-01
1.405622489959839427e+01 1.593565833724375214e-01 1.000000000000000056e-01
1.445783132530120518e+01 3.006039744669420366e-01 1.000000000000000056e-01
1.485943775100401609e+01 2.196219373518314422e-01 1.000000000000000056e-01
1.526104417670682700e+01 2.034412834163141226e-01 1.000000000000000056e-01
1.566265060240963791e+01 3.898067605622286269e-01 1.000000000000000056e-01
1.606425702811245060e+01 3.526317666077735113e-01 1.000000000000000056e-01
1.646586345381525973e+01 4.402936173881326631e-01 1.000000000000000056e-01
1.686746987951807242e+01 5.392637374415523155e-01 1.000000000000000056e-01
1.726907630522088510e+01 5.468857939185401973e-01 1.000000000000000056e-01
1.767068273092369424e+01 5.699013413300174635e-01 1.000000000000000056e-01
1.807228915662650692e+01 9.108068833583877755e-01 1.000000000000000056e-01
1.847389558232931606e+01 1.540930394868836650e+00 1.000000000000000056e-01
1.887550200803212874e+01 1.638150648824735267e+00 1.000000000000000056e-01
1.927710843373493788e+01 1.558293089104945794e+00 1.000000000000000056e-01
1.967871485943775056e+01 1.220867214725098959e+00 1.000000000000000056e-01
2.008032128514056325e+01 7.695900282566228157e-01 1.000000000000000056e-01
2.048192771084337238e+01 4.576407357475619775e-01 1.000000000000000056e-01
2.088353413654618507e+01 -1.131292261681082212e-01 1.000000000000000056e-01
2.128514056224899420e+01 -3.750115488433680699e-02 1.000000000000000056e-01
2.168674698795180689e+01 -4.943030965221914541e-02 1.000000000000000056e-01
2.208835341365461957e+01 2.266893632829993788e-01 1.000000000000000056e-01
2.248995983935742871e+01 3.494907819803694249e-02 1.000000000000000056e-01
2.289156626506024139e+01 -9.693755800893122387e-02 1.000000000000000056e-01
2.329317269076305053e+01 -2.817811002045074176e-01 1.000000000000000056e-01
2.369477911646586321e+01 -5.307248277238894030e-01 1.000000000000000056e-01
2.409638554216867590e+01 -6.369615044659209246e-01 1.000000000000000056e-01
2.449799196787148503e+01 -1.227627140412580697e+00 1.000000000000000056e-01
2.489959839357429772e+01 -1.640573692185210763e+00 1.000000000000000056e-01
2.530120481927710685e+01 -2.149413724202053011e+00 1.000000000000000056e-01
2.570281124497991954e+01 -2.572443593417833796e+00 1.000000000000000056e-01
2.610441767068273222e+01 -2.820651752171617677e+00 1.000000000000000056e-01
2.650602409638554136e+01 -2.781836258608616497e+00 1.000000000000000056e-01
2.690763052208835404e+01 -2.794780231372192336e+00 1.000000000000000056e-01
2.730923694779116317e+01 -2.614883461623068062e+00 1.000000000000000056e-01
2.771084337349397586e+01 -2.354081175882756671e+00 1.000000000000000056e-01
2.811244979919678855e+01 -1.664072515777820227e+00 1.000000000000000056e-01
2.851405622489959768e+01 -1.116905470363855013e+00 1.000000000000000056e-01
2.891566265060241037e+01 -6.546780347319614002e-01 1.000000000000000056e-01
2.931726907630521950e+01 -1.016579595412583914e-01 1.000000000000000056e-01
2.971887550200803219e+01 -6.488090153812658967e-03 1.000000000000000056e-01
3.012048192771084487e+01 9.019179634748908381e-02 1.000000000000000056e-01
3.052208835341365400e+01 2.215331702389516932e-01 1.000000000000000056e-01
3.092369477911646669e+01 1.702273767367335211e-01 1.000000000000000056e-01
3.132530120481927582e+01 3.267274297673100625e-01 1.000000000000000056e-01
3.172690763052208851e+01 5.447684531567609234e-01 1.000000000000000056e-01
3.212851405622490120e+01 5.633198310554162758e-01 1.000000000000000056e-01
3.253012048192771033e+01 7.671224839005890139e-01 1.000000000000000056e-01
3.293172690763051946e+01 7.786677102514124593e-01 1.000000000000000056e-01
3.333333333333333570e+01 6.185349830895546797e-01 1.000000000000000056e-01
3.373493975903614484e+01 5.538057893286455480e-01 1.000000000000000056e-01
3.413654618473895397e+01 1.239853560006534822e-01 1.000000000000000056e-01
3.453815261044177021e+01 -1.706723086864837119e-02 1.000000000000000056e-01
3.493975903614457934e+01 2.892792573208669699e-02 1.000000000000000056e-01
3.534136546184738847e+01 3.176035068598742628e-01 1.000000000000000056e-01
3.574297188755019761e+01 7.080421195955141078e-01 1.000000000000000056e-01
3.614457831325301385e+01 9.664497768799296118e-01 1.000000000000000056e-01
3.654618473895582298e+01 9.430893748926518771e-01 1.000000000000000056e-01
3.694779116465863211e+01 1.698917479850683143e-01 1.000000000000000056e-01
3.734939759036144835e+01 -3.909622056012735380e-01 1.000000000000000056e-01
3.775100401606425748e+01 -1.258184086368449472e+00 1.000000000000000056e-01
3.815261044176706662e+01 -1.845435150658468748e+00 1.000000000000000056e-01
3.855421686746987575e+01 -1.465432585196704274e+00 1.000000000000000056e-01
3.895582329317269199e+01 -9.532046184191798055e-01 1.000000000000000056e-01
3.935742971887550112e+01 5.827191120395681934e-02 1.000000000000000056e-01
3.975903614457831026e+01 8.126961513699006989e-01 1.000000000000000056e-01
4.016064257028112650e+01 1.355330347780277167e+00 1.000000000000000056e-01
4.056224899598393563e+01 1.168188891855714395e+00 1.000000000000000056e-01
4.096385542168674476e+01 9.477641508389019753e-01 1.000000000000000056e-01
4.136546184738956100e+01 3.078599448853504006e-01 1.000000000000000056e-01
4.176706827309237013e+01 -3.775185341894697899e-01 1.000000000000000056e-01
4.216867469879517927e+01 -8.992687647675265961e-01 1.000000000000000056e-01
4.257028112449798840e+01 -1.330907704151714555e+00 1.000000000000000056e-01
4.297188755020080464e+01 -1.534838862763243439e+00 1.000000000000000056e-01
4.337349397590361377e+01 -1.372791616404571036e+00 1.000000000000000056e-01
4.377510040160642291e+01 -1.353229020503592395e+00 1.000000000000000056e-01
4.417670682730923915e+01 -1.135293029099667672e+00 1.000000000000000056e-01
4.457831325301204828e+01 -1.193510641504685221e+00 1.000000000000000056e-01
4.497991967871485741e+01 -1.009848096028631126e+00 1.000000000000000056e-01
4.538152610441767365e+01 -7.146555387072962562e-01 1.000000000000000056e-01
4.578313253012048278e+01 -5.726912706983143808e-01 1.000000000000000056e-01
4.618473895582329192e+01 -8.156839085055843652e-01 1.000000000000000056e-01
4.658634538152610105e+01 -7.171735248106797522e-01 1.000000000000000056e-01
4.698795180722891729e+01 -9.026225743340506869e-01 1.000000000000000056e-01
4.738955823293172642e+01 -9.108777799991470969e-01 1.000000000000000056e-01
4.779116465863453556e+01 -8.690003910479755511e-01 1.000000000000000056e-01
4.819277108433735179e+01 -1.309958812175445519e+00 1.000000000000000056e-01
4.859437751004016093e+01 -1.568307715251443746e+00 1.000000000000000056e-01
4.899598393574297006e+01 -1.713747153368111897e+00 1.000000000000000056e-01
4.939759036144578630e+01 -2.201631395572589245e+00 1.000000000000000056e-01
4.979919678714859543e+01 -2.629503207974929424e+00 1.000000000000000056e-01
5.020080321285140457e+01 -2.763172173564518719e+00 1.000000000000000056e-01
5.060240963855421370e+01 -3.068725085902064720e+00 1.000000000000000056e-01
5.100401606425702994e+01 -2.916066905274931287e+00 1.000000000000000056e-01
5.140562248995983907e+01 -2.375809945923601507e+00 1.000000000000000056e-01
5.180722891566264821e+01 -1.735562247867553198e+00 1.000000000000000056e-01
5.220883534136546444e+01 -1.076364716421167600e+00 1.000000000000000056e-01
5.261044176706827358e+01 -5.907981907560631019e-01 1.000000000000000056e-01
5.301204819277108271e+01 -5.720264492040278981e-01 1.000000000000000056e-01
5.341365461847389184e+01 -7.413732865656323945e-01 1.000000000000000056e-01
5.381526104417670808e+01 -9.715456867969420873e-01 1.000000000000000056e-01
5.421686746987951722e+01 -1.532320682766370679e+00 1.000000000000000056e-01
5.461847389558232635e+01 -2.015161448897613727e+00 1.000000000000000056e-01
5.502008032128514259e+01 -2.377880138697549217e+00 1.000000000000000056e-01
5.542168674698795172e+01 -2.217111454600448006e+00 1.000000000000000056e-01
5.582329317269076085e+01 -2.498228552473082065e+00 1.000000000000000056e-01
5.622489959839357709e+01 -2.527988593206278001e+00 1.000000000000000056e-01
5.662650602409638623e+01 -2.563206287052227417e+00 1.000000000000000056e-01
5.702811244979919536e+01 -2.196292434667109994e+00 1.000000000000000056e-01
5.742971887550200449e+01 -1.642413284931037776e+00 1.000000000000000056e-01
5.783132530120482073e+01 -1.203131616000808091e+00 1.000000000000000056e-01
5.823293172690762987e+01 -7.852577063205875563e-01 1.000000000000000056e-01
5.863453815261043900e+01 -4.829269183188027448e-01 1.000000000000000056e-01
5.903614457831325524e+01 -5.098581356383691254e-01 1.000000000000000056e-01
5.943775100401606437e+01 -2.739364788755624391e-03 1.000000000000000056e-01
5.983935742971887350e+01 4.434047140308954860e-01 1.000000000000000056e-01
6.024096385542168974e+01 1.052989609912817759e+00 1.000000000000000056e-01
6.064257028112449888e+01 1.360084389214892164e+00 1.000000000000000056e-01
6.104417670682730801e+01 1.946318896719981373e+00 1.000000000000000056e-01
6.144578313253011714e+01 2.262638975960103327e+00 1.000000000000000056e-01
6.184738955823293338e+01 2.240682839912107038e+00 1.000000000000000056e-01
6.224899598393574252e+01 2.297726288940272088e+00 1.000000000000000056e-01
6.265060240963855165e+01 1.891906212555219957e+00 1.000000000000000056e-01
6.305220883534136789e+01 1.018361107364800677e+00 1.000000000000000056e-01
6.345381526104417702e+01 3.593798170703847994e-01 1.000000000000000056e-01
6.385542168674698615e+01 1.765490686884074734e-01 1.000000000000000056e-01
6.425702811244980239e+01 4.647146274710473035e-02 1.000000000000000056e-01
6.465863453815261153e+01 -2.181641443324814356e-01 1.000000000000000056e-01
6.506024096385542066e+01 -1.908511100131616289e-01 1.000000000000000056e-01
6.546184738955822979e+01 -1.566499309108448645e-01 1.000000000000000056e-01
6.586345381526103893e+01 -9.237502974788049104e-02 1.000000000000000056e-01
6.626506024096384806e+01 -3.959992832820349862e-02 1.000000000000000056e-01
6.666666666666667140e+01 -3.290766186711159280e-01 1.000000000000000056e-01
6.706827309236948054e+01 -4.645763309182893153e-01 1.000000000000000056e-01
6.746987951807228967e+01 -6.768872384174001722e-01 1.000000000000000056e-01
6.787148594377509880e+01 -5.784519121993105806e-01 1.000000000000000056e-01
6.827309236947790794e+01 -1.417620216313893178e-01 1.000000000000000056e-01
6.867469879518071707e+01 -8.927057015384276539e-02 1.000000000000000056e-01
6.907630522088354041e+01 1.698335425104393892e-01 1.000000000000000056e-01
6.947791164658634955e+01 -2.079999879118136497e-01 1.000000000000000056e-01
6.987951807228915868e+01 -3.307901234178777239e-01 1.000000000000000056e-01
7.028112449799196781e+01 -4.266385884372235759e-01 1.000000000000000056e-01
7.068273092369477695e+01 -3.515162150596071178e-01 1.000000000000000056e-01
7.108433734939758608e+01 -3.917830140394317207e-01 1.000000000000000056e-01
7.148594377510039521e+01 -2.761491080247592267e-01 1.000000000000000056e-01
7.188755020080321856e+01 -3.438357622708506089e-01 1.000000000000000056e-01
7.228915662650602769e+01 -1.828958697742653072e-01 1.000000000000000056e-01
7.269076305220883683e+01 2.072346098258778246e-01 1.000000000000000056e-01
7.309236947791164596e+01 3.939230510989962797e-01 1.000000000000000056e-01
7.349397590361445509e+01 1.641409461553808291e-01 1.000000000000000056e-01
7.389558232931726423e+01 2.505147111847204622e-01 1.000000000000000056e-01
7.429718875502007336e+01 3.117076778782617019e-01 1.000000000000000056e-01
7.469879518072289670e+01 2.342503708363090353e-01 1.000000000000000056e-01
7.510040160642570584e+01 3.742116417101190584e-01 1.000000000000000056e-01
7.550200803212851497e+01 7.060057473896391711e-02 1.000000000000000056e-01
7.590361445783132410e+01 2.058167907424932053e-01 1.000000000000000056e-01
7.630522088353413324e+01 3.052314227677452863e-01 1.000000000000000056e-01
7.670682730923694237e+01 -2.710070239643212753e-02 1.000000000000000056e-01
7.710843373493975150e+01 2.331510997469358748e-01 1.000000000000000056e-01
7.751004016064257485e+01 3.233798873076543789e-01 1.000000000000000056e-01
7.791164658634538398e+01 3.527390672281008888e-01 1.000000000000000056e-01
7.831325301204819311e+01 7.874040725301207910e-01 1.000000000000000056e-01
7.871485943775100225e+01 9.572006519575069206e-01 1.000000000000000056e-01
7.911646586345381138e+01 5.880825152645556830e-01 1.000000000000000056e-01
7.951807228915662051e+01 -1.062171822416569378e-01 1.000000000000000056e-01
7.991967871485944386e+01 -9.374778527868148359e-01 1.000000000000000056e-01
8.032128514056225299e+01 -1.507125054995369418e+00 1.000000000000000056e-01
8.072289156626506212e+01 -1.823121286000233487e+00 1.000000000000000056e-01
8.112449799196787126e+01 -1.535503439191568509e+00 1.000000000000000056e-01
8.152610441767068039e+01 -9.266086231124948114e-01 1.000000000000000056e-01
8.192771084337348952e+01 -4.442627096371219442e-01 1.000000000000000056e-01
8.232931726907629866e+01 3.645237133325797130e-01 1.000000000000000056e-01
8.273092369477912200e+01 9.629982582394770452e-01 1.000000000000000056e-01
8.313253012048193114e+01 1.524407984895625789e+00 1.000000000000000056e-01
8.353413654618474027e+01 1.884225120889399863e+00 1.000000000000000056e-01
8.393574297188754940e+01 1.861930562618521190e+00 1.000000000000000056e-01
8.433734939759035854e+01 1.968820896213978378e+00 1.000000000000000056e-01
8.473895582329316767e+01 2.025283316393119204e+00 1.000000000000000056e-01
8.514056224899597680e+01 1.978671907733978053e+00 1.000000000000000056e-01
8.554216867469880015e+01 1.997652371773232183e+00 1.000000000000000056e-01
8.594377510040160928e+01 1.451070802243224600e+00 1.000000000000000056e-01
8.634538152610441841e+01 1.192865465304741912e+00 1.000000000000000056e-01
8.674698795180722755e+01 7.518443116559422323e-01 1.000000000000000056e-01
8.714859437751003668e+01 6.145517264039165317e-01 1.000000000000000056e-01
8.755020080321284581e+01 7.220969737612694672e-01 1.000000000000000056e-01
8.795180722891566916e+01 1.143713969560264276e+00 1.000000000000000056e-01
8.835341365461847829e+01 1.895985427787157951e+00 1.000000000000000056e-01
8.875502008032128742e+01 2.447700433312897772e+00 1.000000000000000056e-01
8.915662650602409656e+01 3.082225503001962519e+00 1.000000000000000056e-01
8.955823293172690569e+01 3.484768236365022531e+00 1.000000000000000056e-01
8.995983935742971482e+01 3.394094467096202550e+00 1.000000000000000056e-01
9.036144578313252396e+01 2.935804381127140150e+00 1.000000000000000056e-01
9.076305220883534730e+01 2.548437338214856407e+00 1.000000000000000056e-01
9.116465863453815643e+01 1.660980750222949220e+00 1.000000000000000056e-01
9.156626506024096557e+01 9.099241545030182232e-01 1.000000000000000056e-01
9.196787148594377470e+01 3.321436058949077674e-01 1.000000000000000056e-01
9.236947791164658383e+01 -1.143781131477982216e-01 1.000000000000000056e-01
9.277108433734939297e+01 -8.856110989603647662e-03 1.000000000000000056e-01
9.317269076305220210e+01 3.422554848932728433e-01 1.000000000000000056e-01
9.357429718875502545e+01 6.535452162693697886e-01 1.000000000000000056e-01
9.397590361445783458e+01 1.352538510460784105e+00 1.000000000000000056e-01
9.437751004016064371e+01 1.574656126329098349e+00 1.000000000000000056e-01
9.477911646586345285e+01 1.815289163124219396e+00 1.000000000000000056e-01
9.518072289156626198e+01 1.684332381620879060e+00 1.000000000000000056e-01
9.558232931726907111e+01 1.633065089818991344e+00 1.000000000000000056e-01
9.598393574297188025e+01 1.256568745244881047e+00 1.000000000000000056e-01
9.638554216867470359e+01 8.353873055613653120e-01 1.000000000000000056e-01
9.678714859437751272e+01 4.555538692982479265e-01 1.000000000000000056e-01
9.718875502008032186e+01 3.191754717348682102e-01 1.000000000000000056e-01
9.759036144578313099e+01 5.218837306616068705e-01 1.000000000000000056e-01
9.799196787148594012e+01 1.159933969710414292e+00 1.000000000000000056e-01
9.839357429718874926e+01 1.962886256200755852e+00 1.000000000000000056e-01
9.879518072289157260e+01 2.261401948780555671e+00 1.000000000000000056e-01
9.919678714859438173e+01 2.488467006595817654e+00 1.000000000000000056e-01
9.959839357429719087e+01 2.626791603741408743e+00 1.000000000000000056e-01
1.000000000000000000e+02 2.529433514663835592e+00 1.000000000000000056e-01
