0.000000000000000000e+00 1.154322493059934396e-01 1.000000000000000056e-01
4.016064257028112428e-01 5.922007933609603203e-01 1.000000000000000056e-01
8.032128514056224855e-01 6.587080027691277762e-01 1.000000000000000056e-01
1.204819277108433617e+00 8.142632987277241829e-01 1.000000000000000056e-01
1.606425702811244971e+00 8.039637025980770346e-01 1.000000000000000056e-01
2.008032128514056325e+00 9.367601590663088285e-01 1.000000000000000056e-01
2.409638554216867234e+00 5.478436311030768779e-01 1.000000000000000056e-01
2.811244979919678588e+00 5.426400070234811412e-01 1.000000000000000056e-01
3.212851405622489942e+00 3.670304065695174089e-01 1.000000000000000056e-01
3.614457831325301296e+00 5.930061874428899094e-01 1.000000000000000056e-01
4.016064257028112650e+00 4.939229645568809501e-01 1.000000000000000056e-01
4.417670682730923559e+00 9.113002015003743850e-01 1.000000000000000056e-01
4.819277108433734469e+00 1.040915514081674154e+00 1.000000000000000056e-01
5.220883534136546267e+00 1.267279679001849679e+00 1.000000000000000056e-01
5.622489959839357176e+00 1.005158767096225425e+00 1.000000000000000056e-01
6.024096385542168974e+00 1.249274574072382515e+00 1.000000000000000056e-01
6.425702811244979884e+00 8.933499950752076257e-01 1.000000000000000056e-01
6.827309236947790794e+00 9.487863977327576359e-01 1.000000000000000056e-01
7.228915662650602592e+00 7.210329754046829187e-01 1.000000000000000056e-01
7.630522088353413501e+00 7.121160602811017482e-01 1.000000000000000056e-01
8.032128514056225299e+00 3.902081139094388251e-01 1.000000000000000056e-01
8.433734939759036209e+00 1.255592973083047847e-01 1.000000000000000056e-01
8.835341365461847118e+00 -1.028461073109183943e-01 1.000000000000000056e-01
9.236947791164658028e+00 -3.684846703300607706e-01 1.000000000000000056e-01
9.638554216867468938e+00 -4.312872969331554285e-01 1.000000000000000056e-01
1.004016064257028162e+01 -3.373987443929855057e-01 1.000000000000000056e-01
1.044176706827309253e+01 -5.357695095827595955e-01 1.000000000000000056e-01
1.084337349397590344e+01 -5.224027826557556820e-01 1.000000000000000056e-01
1.124497991967871435e+01 -7.929565293414877480e-01 1.000000000000000056e-01
1.164658634538152526e+01 -1.218948280114205751e+00 1.000000000000000056e-01
1.204819277108433795e+01 -1.631654076955264987e+00 1.000000000000000056e-01
1.244979919678714886e+01 -1.975953010749062599e+00 1.000000000000000056e-01
1.285140562248995977e+01 -2.156930928768048261e+00 1.000000000000000056e-01
1.325301204819277068e+01 -2.388913935080351436e+00 1.000000000000000056e-01
1.365461847389558159e+01 -2.423776677008053326e+00 1.000000000000000056e-01
1.405622489959839427e+01 -2.552266579462693752e+00 1.000000000000000056e-01
1.445783132530120518e+01 -2.495155317259502237e+00 1.000000000000000056e-01
1.485943775100401609e+01 -2.343233714429940662e+00 1.000000000000000056e-01
1.526104417670682700e+01 -2.234519955558205595e+00 1.000000000000000056e-01
1.566265060240963791e+01 -1.989844022366444420e+00 1.000000000000000056e-01
1.606425702811245060e+01 -1.914384285892622772e+00 1.000000000000000056e-01
1.646586345381525973e+01 -1.976952843183107600e+00 1.000000000000000056e-01
1.686746987951807242e+01 -2.110848409566675521e+00 1.000000000000000056e-01
1.726907630522088510e+01 -2.131130208133172221e+00 1.000000000000000056e-01
1.767068273092369424e+01 -1.951638029433709676e+00 1.000000000000000056e-01
1.807228915662650692e+01 -1.672096753735922814e+00 1.000000000000000056e-01
1.847389558232931606e+01 -1.465967209453513442e+00 1.000000000000000056e-01
1.887550200803212874e+01 -1.181254910723970486e+00 1.000000000000000056e-01
1.927710843373493788e+01 -1.109767374095386394e+00 1.000000000000000056e-01
1.967871485943775056e+01 -7.696516867862204236e-01 1.000000000000000056e-01
2.008032128514056325e+01 -8.061659369401257269e-01 1.000000000000000056e-01
2.048192771084337238e+01 -8.628609946454718349e-01 1.000000000000000056e-01
2.088353413654618507e+01 -1.103420335462168556e+00 1.000000000000000056e-01
2.128514056224899420e+01 -1.556962968364940636e+00 1.000000000000000056e-01
2.168674698795180689e+01 -1.935600564149009273e+00 1.000000000000000056e-01
2.208835341365461957e+01 -2.297242287918806358e+00 1.000000000000000056e-01
2.248995983935742871e+01 -2.807470100873749708e+00 1.000000000000000056e-01
2.289156626506024139e+01 -2.924457469692616662e+00 1.000000000000000056e-01
2.329317269076305053e+01 -3.133856989235432877e+00 1.000000000000000056e-01
2.369477911646586321e+01 -3.341796782487445494e+00 1.000000000000000056e-01
2.409638554216867590e+01 -3.332086696336735709e+00 1.000000000000000056e-01
2.449799196787148503e+01 -3.589498752459495901e+00 1.000000000000000056e-01
2.489959839357429772e+01 -3.510940992751022449e+00 1.000000000000000056e-01
2.530120481927710685e+01 -3.392205911468015422e+00 1.000000000000000056e-01
2.570281124497991954e+01 -3.463966285780223586e+00 1.000000000000000056e-01
2.610441767068273222e+01 -3.536197194027617563e+00 1.000000000000000056e-01
2.650602409638554136e+01 -3.374729657865270571e+00 1.000000000000000056e-01
2.690763052208835404e+01 -3.375520712729274564e+00 1.000000000000000056e-01
2.730923694779116317e+01 -3.194582525212993129e+00 1.000000000000000056e-01
2.771084337349397586e+01 -2.674234616687489741e+00 1.000000000000000056e-01
2.811244979919678855e+01 -2.332178863314224415e+00 1.000000000000000056e-01
2.851405622489959768e+01 -2.379496803082822964e+00 1.000000000000000056e-01
2.891566265060241037e+01 -2.322153688653620041e+00 1.000000000000000056e-01
2.931726907630521950e+01 -2.326291236730710477e+00 1.000000000000000056e-01
2.971887550200803219e+01 -2.342398156791733133e+00 1.000000000000000056e-01
3.012048192771084487e+01 -2.660348281923966773e+00 1.000000000000000056e-01
3.052208835341365400e+01 -2.836579282106180155e+00 1.000000000000000056e-01
3.092369477911646669e+01 -2.967758165397977432e+00 1.000000000000000056e-01
3.132530120481927582e+01 -2.995498536700890391e+00 1.000000000000000056e-01
3.172690763052208851e+01 -2.800100308988271447e+00 1.000000000000000056e-01
3.212851405622490120e+01 -2.547820622411733460e+00 1.000000000000000056e-01
3.253012048192771033e+01 -2.341700231283185385e+00 1.000000000000000056e-01
3.293172690763051946e+01 -2.155554692833719699e+00 1.000000000000000056e-01
3.333333333333333570e+01 -1.866421776605160954e+00 1.000000000000000056e-01
3.373493975903614484e+01 -1.673151521287660648e+00 1.000000000000000056e-01
3.413654618473895397e+01 -1.564935344052530652e+00 1.000000000000000056e-01
3.453815261044177021e+01 -1.344887991645611791e+00 1.000000000000000056e-01
3.493975903614457934e+01 -1.072938598493049067e+00 1.000000000000000056e-01
3.534136546184738847e+01 -8.558964889460612957e-01 1.000000000000000056e-01
3.574297188755019761e+01 -9.399037601260924468e-01 1.000000000000000056e-01
3.614457831325301385e+01 -1.025930058067602735e+00 1.000000000000000056e-01
3.654618473895582298e+01 -9.657272811853946370e-01 1.000000000000000056e-01
3.694779116465863211e+01 -7.705636954999104393e-01 1.000000000000000056e-01
3.734939759036144835e+01 -7.519078041637263787e-01 1.000000000000000056e-01
3.775100401606425748e+01 -5.172577003670018048e-01 1.000000000000000056e-01
3.815261044176706662e+01 -4.307098364534519552e-01 1.000000000000000056e-01
3.855421686746987575e+01 -1.776656122002756577e-01 1.000000000000000056e-01
3.895582329317269199e+01 2.269505572599769816e-02 1.000000000000000056e-01
3.935742971887550112e+01 -2.832439084068644752e-01 1.000000000000000056e-01
3.975903614457831026e+01 -1.270918728586357682e-01 1.000000000000000056e-01
4.016064257028112650e+01 4.025486869507812621e-02 1.000000000000000056e-01
4.056224899598393563e+01 4.921366505484851134e-02 1.000000000000000056e-01
4.096385542168674476e+01 8.632722527564529180e-03 1.000000000000000056e-01
4.136546184738956100e+01 2.882122141772044954e-02 1.000000000000000056e-01
4.176706827309237013e+01 -3.412565402361510403e-01 1.000000000000000056e-01
4.216867469879517927e+01 -4.019076320812394743e-01 1.000000000000000056e-01
4.257028112449798840e+01 -4.564045799146109750e-01 1.000000000000000056e-01
4.297188755020080464e+01 -3.120827011487579683e-01 1.000000000000000056e-01
4.337349397590361377e+01 -9.854009034190049088e-02 1.000000000000000056e-01
4.377510040160642291e+01 2.394578402067916445e-01 1.000000000000000056e-01
4.417670682730923915e+01 4.853553639204964965e-01 1.000000000000000056e-01
4.457831325301204828e+01 7.776219745918290238e-01 1.000000000000000056e-01
4.497991967871485741e+01 1.473987485754174820e+00 1.000000000000000056e-01
4.538152610441767365e+01 1.703167392265291236e+00 1.000000000000000056e-01
4.578313253012048278e+01 1.712235651722775254e+00 1.000000000000000056e-01
4.618473895582329192e+01 1.792623974548434695e+00 1.000000000000000056e-01
4.658634538152610105e+01 1.709775934565950228e+00 1.000000000000000056e-01
4.698795180722891729e+01 1.965040351929254969e+00 1.000000000000000056e-01
4.738955823293172642e+01 1.776486500346800002e+00 1.000000000000000056e-01
4.779116465863453556e+01 1.474991151402142098e+00 1.000000000000000056e-01
4.819277108433735179e+01 1.636074927266659707e+00 1.000000000000000056e-01
4.859437751004016093e+01 1.309742391787283688e+00 1.000000000000000056e-01
4.899598393574297006e+01 1.163946805725765143e+00 1.000000000000000056e-01
4.939759036144578630e+01 1.111719361856227772e+00 1.000000000000000056e-01
4.979919678714859543e+01 1.263298311631644300e+00 1.000000000000000056e-01
5.020080321285140457e+01 1.145771400021815545e+00 1.000000000000000056e-01
5.060240963855421370e+01 1.347389909475142922e+00 1.000000000000000056e-01
5.100401606425702994e+01 1.361411199806519701e+00 1.000000000000000056e-01
5.140562248995983907e+01 1.486049989219843104e+00 1.000000000000000056e-01
5.180722891566264821e+01 1.540438358782714179e+00 1.000000000000000056e-01
5.220883534136546444e+01 1.756350620383615890e+00 1.000000000000000056e-01
5.261044176706827358e+01 1.838672730530211741e+00 1.000000000000000056e-01
5.301204819277108271e+01 1.957069160365692673e+00 1.000000000000000056e-01
5.341365461847389184e+01 2.081217446069340227e+00 1.000000000000000056e-01
5.381526104417670808e+01 2.200627895099234177e+00 1.000000000000000056e-01
5.421686746987951722e+01 2.377370422320278287e+00 1.000000000000000056e-01
5.461847389558232635e+01 2.151118924031048429e+00 1.000000000000000056e-01
5.502008032128514259e+01 2.103300592749699938e+00 1.000000000000000056e-01
5.542168674698795172e+01 1.901981108782675234e+00 1.000000000000000056e-01
5.582329317269076085e+01 1.474503406818799434e+00 1.000000000000000056e-01
5.622489959839357709e+01 9.245532807118317375e-01 1.000000000000000056e-01
5.662650602409638623e+01 2.740500107580936540e-01 1.000000000000000056e-01
5.702811244979919536e+01 -2.007525813606883536e-01 1.000000000000000056e-01
5.742971887550200449e+01 -1.254056391333308484e+00 1.000000000000000056e-01
5.783132530120482073e+01 -1.553896073432412983e+00 1.000000000000000056e-01
5.823293172690762987e+01 -1.581991558291987898e+00 1.000000000000000056e-01
5.863453815261043900e+01 -1.944196665970888249e+00 1.000000000000000056e-01
5.903614457831325524e+01 -1.698573817224410920e+00 1.000000000000000056e-01
5.943775100401606437e+01 -1.467219754490638906e+00 1.000000000000000056e-01
5.983935742971887350e+01 -1.155794047959358029e+00 1.000000000000000056e-01
6.024096385542168974e+01 -4.901595146214057785e-01 1.000000000000000056e-01
6.064257028112449888e+01 5.093238557878720929e-01 1.000000000000000056e-01
6.104417670682730801e+01 1.264649873712794470e+00 1.000000000000000056e-01
6.144578313253011714e+01 2.354617510764450472e+00 1.000000000000000056e-01
6.184738955823293338e+01 2.600752296638752625e+00 1.000000000000000056e-01
6.224899598393574252e+01 2.913257298789382332e+00 1.000000000000000056e-01
6.265060240963855165e+01 2.994355524589313422e+00 1.000000000000000056e-01
6.305220883534136789e+01 2.581928925579785261e+00 1.000000000000000056e-01
6.345381526104417702e+01 2.394574799286039113e+00 1.000000000000000056e-01
6.385542168674698615e+01 1.928172269195297828e+00 1.000000000000000056e-01
6.425702811244980239e+01 1.353739685705482643e+00 1.000000000000000056e-01
6.465863453815261153e+01 8.847960694605374599e-01 1.000000000000000056e-01
6.506024096385542066e+01 4.207809632413854750e-01 1.000000000000000056e-01
6.546184738955822979e+01 -4.938803785635238058e-02 1.000000000000000056e-01
6.586345381526103893e+01 -4.747910617582371540e-01 1.000000000000000056e-01
6.626506024096384806e+01 -8.710644710525199397e-01 1.000000000000000056e-01
6.666666666666667140e+01 -1.156410574481015807e+00 1.000000000000000056e-01
6.706827309236948054e+01 -1.315571726312368961e+00 1.000000000000000056e-01
6.746987951807228967e+01 -1.830379422625677988e+00 1.000000000000000056e-01
6.787148594377509880e+01 -1.893238172045916379e+00 1.000000000000000056e-01
6.827309236947790794e+01 -1.876059854858876497e+00 1.000000000000000056e-01
6.867469879518071707e+01 -2.126585265649707956e+00 1.000000000000000056e-01
6.907630522088354041e+01 -1.852623743749959973e+00 1.000000000000000056e-01
6.947791164658634955e+01 -1.442270566814778610e+00 1.000000000000000056e-01
6.987951807228915868e+01 -8.371923504243410363e-01 1.000000000000000056e-01
7.028112449799196781e+01 -9.189595134492781203e-02 1.000000000000000056e-01
7.068273092369477695e+01 5.393690134541689885e-01 1.000000000000000056e-01
7.108433734939758608e+01 1.016400347473256138e+00 1.000000000000000056e-01
7.148594377510039521e+01 1.208757579754879519e+00 1.000000000000000056e-01
7.188755020080321856e+01 1.324247378307784384e+00 1.000000000000000056e-01
7.228915662650602769e+01 1.111567774967320066e+00 1.000000000000000056e-01
7.269076305220883683e+01 8.629100898060056979e-01 1.000000000000000056e-01
7.309236947791164596e+01 2.764957430333913613e-01 1.000000000000000056e-01
7.349397590361445509e+01 1.881646980239545450e-02 1.000000000000000056e-01
7.389558232931726423e+01 -6.022069598934973178e-02 1.000000000000000056e-01
7.429718875502007336e+01 -4.138015434076156573e-01 1.000000000000000056e-01
7.469879518072289670e+01 -2.472621449628364665e-01 1.000000000000000056e-01
7.510040160642570584e+01 -2.200771142621036347e-01 1.000000000000000056e-01
7.550200803212851497e+01 1.858478932645224457e-01 1.000000000000000056e-01
7.590361445783132410e+01 1.897332944658988996e-01 1.000000000000000056e-01
7.630522088353413324e+01 1.678709770041220961e-01 1.000000000000000056e-01
7.670682730923694237e+01 1.944506672844595885e-01 1.000000000000000056e-01
7.710843373493975150e+01 -3.944945160431427567e-02 1.000000000000000056e-01
7.751004016064257485e+01 -3.850870442514865988e-01 1.000000000000000056e-01
7.791164658634538398e+01 -6.841650774777505717e-01 1.000000000000000056e-01
7.831325301204819311e+01 -8.761962077795972803e-01 1.000000000000000056e-01
7.871485943775100225e+01 -9.148605899309565359e-01 1.000000000000000056e-01
7.911646586345381138e+01 -8.351651284573002876e-01 1.000000000000000056e-01
7.951807228915662051e+01 -5.512179713929694636e-01 1.000000000000000056e-01
7.991967871485944386e+01 -1.064986272891346453e-01 1.000000000000000056e-01
8.032128514056225299e+01 1.167118208310311267e-01 1.000000000000000056e-01
8.072289156626506212e+01 5.452589688029402248e-01 1.000000000000000056e-01
8.112449799196787126e+01 6.647705735955713457e-01 1.000000000000000056e-01
8.152610441767068039e+01 1.224788595898945065e+00 1.000000000000000056e-01
8.192771084337348952e+01 1.070067502164459894e+00 1.000000000000000056e-01
8.232931726907629866e+01 9.390149302167690726e-01 1.000000000000000056e-01
8.273092369477912200e+01 8.465623994376811901e-01 1.000000000000000056e-01
8.313253012048193114e+01 5.904635003765177359e-01 1.000000000000000056e-01
8.353413654618474027e+01 7.583128575124089554e-01 1.000000000000000056e-01
8.393574297188754940e+01 8.228565293664948932e-01 1.000000000000000056e-01
8.433734939759035854e+01 8.571269612092961010e-01 1.000000000000000056e-01
8.473895582329316767e+01 8.178865628912947994e-01 1.000000000000000056e-01
8.514056224899597680e+01 1.186641309877589867e+00 1.000000000000000056e-01
8.554216867469880015e+01 1.195808823050775960e+00 1.000000000000000056e-01
8.594377510040160928e+01 1.344063883481767752e+00 1.000000000000000056e-01
8.634538152610441841e+01 1.364582476660059385e+00 1.000000000000000056e-01
8.674698795180722755e+01 1.115092195348783344e+00 1.000000000000000056e-01
8.714859437751003668e+01 8.387263651856826652e-01 1.000000000000000056e-01
8.755020080321284581e+01 2.679943684336745235e-01 1.000000000000000056e-01
8.795180722891566916e+01 -3.772379691763398657e-02 1.000000000000000056e-01
8.835341365461847829e+01 -3.338923570166064669e-01 1.000000000000000056e-01
8.875502008032128742e+01 -5.659707175267955082e-01 1.000000000000000056e-01
8.915662650602409656e+01 -7.694626894093238301e-01 1.000000000000000056e-01
8.955823293172690569e+01 -6.524423649218725751e-01 1.000000000000000056e-01
8.995983935742971482e+01 -5.871749100852049486e-01 1.000000000000000056e-01
9.036144578313252396e+01 -5.173603272769771166e-01 1.000000000000000056e-01
9.076305220883534730e+01 -1.600208568345874716e-01 1.000000000000000056e-01
9.116465863453815643e+01 1.288295311619881700e-02 1.000000000000000056e-01
9.156626506024096557e+01 3.932303315118572118e-01 1.000000000000000056e-01
9.196787148594377470e+01 7.836272150341124787e-01 1.000000000000000056e-01
9.236947791164658383e+01 1.149201874257486766e+00 1.000000000000000056e-01
9.277108433734939297e+01 1.634536978860882561e+00 1.000000000000000056e-01
9.317269076305220210e+01 1.835359412804013157e+00 1.000000000000000056e-01
9.357429718875502545e+01 1.811544999488340357e+00 1.000000000000000056e-01
9.397590361445783458e+01 1.922880708627445756e+00 1.000000000000000056e-01
9.437751004016064371e+01 1.939219582464247305e+00 1.000000000000000056e-01
9.477911646586345285e+01 2.029259474609513170e+00 1.000000000000000056e-01
9.518072289156626198e+01 1.789235028609288181e+00 1.000000000000000056e-01
9.558232931726907111e+01 1.806901943949324574e+00 1.000000000000000056e-01
9.598393574297188025e+01 1.716620413961577052e+00 1.000000000000000056e-01
9.638554216867470359e+01 1.464980544119773187e+00 1.000000000000000056e-01
9.678714859437751272e+01 1.138450482930896790e+00 1.000000000000000056e-01
9.718875502008032186e+01 1.026889254939432838e+00 1.000000000000000056e-01
9.759036144578313099e+01 8.238341582875523539e-01 1.000000000000000056e-01
9.799196787148594012e+01 3.147628762190456952e-01 1.000000000000000056e-01
9.839357429718874926e+01 1.060178166017220897e-01 1.000000000000000056e-01
9.879518072289157260e+01 -1.527738515512436224e-01 1.000000000000000056e-01
9.919678714859438173e+01 -8.442745054845282593e-03 1.000000000000000056e-01
9.959839357429719087e+01 -2.167436324111846752e-02 1.000000000000000056e-01
1.000000000000000000e+02 3.707802449989242577e-01 1.000000000000000056e-01
