0.000000000000000000e+00 3.413347591560527694e-01 1.000000000000000056e-01
4.016064257028112428e-01 -1.118133904823044311e+00 1.000000000000000056e-01
8.032128514056224855e-01 -2.272991144431973698e+00 1.000000000000000056e-01
1.204819277108433617e+00 -2.294585093023364664e+00 1.000000000000000056e-01
1.606425702811244971e+00 -1.406550000491914032e+00 1.000000000000000056e-01
2.008032128514056325e+00 -4.972039110576252918e-01 1.000000000000000056e-01
2.409638554216867234e+00 -2.184687871377841428e-01 1.000000000000000056e-01
2.811244979919678588e+00 -8.310083274655275520e-01 1.000000000000000056e-01
3.212851405622489942e+00 -9.508939967978822239e-01 1.000000000000000056e-01
3.614457831325301296e+00 -8.182093127968372848e-01 1.000000000000000056e-01
4.016064257028112650e+00 -9.063745356539187892e-01 1.000000000000000056e-01
4.417670682730923559e+00 -1.952994358022423604e+00 1.000000000000000056e-01
4.819277108433734469e+00 -2.908611704593339731e+00 1.000000000000000056e-01
5.220883534136546267e+00 -3.544985673661747327e+00 1.000000000000000056e-01
5.622489959839357176e+00 -3.317215591197060665e+00 1.000000000000000056e-01
6.024096385542168974e+00 -2.732987488982296487e+00 1.000000000000000056e-01
6.425702811244979884e+00 -1.461818348979514237e+00 1.000000000000000056e-01
6.827309236947790794e+00 -6.403804100056615933e-01 1.000000000000000056e-01
7.228915662650602592e+00 3.779730004643083729e-01 1.000000000000000056e-01
7.630522088353413501e+00 1.484376320278157468e+00 1.000000000000000056e-01
8.032128514056225299e+00 1.668675252276425214e+00 1.000000000000000056e-01
8.433734939759036209e+00 1.975028253790158006e+00 1.000000000000000056e-01
8.835341365461847118e+00 2.141515876217401360e+00 1.000000000000000056e-01
9.236947791164658028e+00 2.114554005771490441e+00 1.000000000000000056e-01
9.638554216867468938e+00 1.498614381858841771e+00 1.000000000000000056e-01
1.004016064257028162e+01 7.922119485060149513e-01 1.000000000000000056e-01
1.044176706827309253e+01 2.677129935043368048e-02 1.000000000000000056e-01
1.084337349397590344e+01 -4.317932731543707714e-01 1.000000000000000056e-01
1.124497991967871435e+01 -7.004173620444235082e-01 1.000000000000000056e-01
1.164658634538152526e+01 -4.559835047489950721e-01 1.000000000000000056e-01
1.204819277108433795e+01 -2.035774158233500386e-01 1.000000000000000056e-01
1.244979919678714886e+01 -5.472856379088127943e-01 1.000000000000000056e-01
1.285140562248995977e+01 -3.847536139899801477e-01 1.000000000000000056e-01
1.325301204819277068e+01 4.091213502873072838e-01 1.000000000000000056e-01
1.365461847389558159e+01 7.995293872450008887e-01 1.000000000000000056e-01
1.405622489959839427e+01 8.328117625493548504e-01 1.000000000000000056e-01
1.445783132530120518e+01 4.760565545768612461e-01 1.000000000000000056e-01
1.485943775100401609e+01 -6.036548907799096919e-02 1.000000000000000056e-01
1.526104417670682700e+01 -5.509544924610662031e-01 1.000000000000000056e-01
1.566265060240963791e+01 -1.767375894840385042e+00 1.000000000000000056e-01
1.606425702811245060e+01 -3.006713315982598278e+00 1.000000000000000056e-01
1.646586345381525973e+01 -2.974067761586336012e+00 1.000000000000000056e-01
1.686746987951807242e+01 -2.351195307285821823e+00 1.000000000000000056e-01
1.726907630522088510e+01 -1.260631409230298372e+00 1.000000000000000056e-01
1.767068273092369424e+01 -1.082939122738107024e-01 1.000000000000000056e-01
1.807228915662650692e+01 2.975653902689225361e-01 1.000000000000000056e-01
1.847389558232931606e+01 8.874686262928446756e-02 1.000000000000000056e-01
1.887550200803212874e+01 -1.664836940610548432e-01 1.000000000000000056e-01
1.927710843373493788e+01 -4.463489698609269807e-01 1.000000000000000056e-01
1.967871485943775056e+01 -8.345673451629681550e-01 1.000000000000000056e-01
2.008032128514056325e+01 -1.271139470527068438e+00 1.000000000000000056e-01
2.048192771084337238e+01 -2.146596555159967945e+00 1.000000000000000056e-01
2.088353413654618507e+01 -2.712860779144462331e+00 1.000000000000000056e-01
2.128514056224899420e+01 -3.101977063721070849e+00 1.000000000000000056e-01
2.168674698795180689e+01 -2.891822957125269156e+00 1.000000000000000056e-01
2.208835341365461957e+01 -1.786249046360183446e+00 1.000000000000000056e-01
2.248995983935742871e+01 -7.666189322595188260e-01 1.000000000000000056e-01
2.289156626506024139e+01 -1.042268793247342451e+00 1.000000000000000056e-01
2.329317269076305053e+01 -1.457828026842176605e+00 1.000000000000000056e-01
2.369477911646586321e+01 -1.534867832643263430e+00 1.000000000000000056e-01
2.409638554216867590e+01 -1.176024821290306166e+00 1.000000000000000056e-01
2.449799196787148503e+01 -5.097331863499568461e-02 1.000000000000000056e-01
2.489959839357429772e+01 9.454732552662701295e-01 1.000000000000000056e-01
2.530120481927710685e+01 1.098097786642783458e+00 1.000000000000000056e-01
2.570281124497991954e+01 1.304031198733722974e+00 1.000000000000000056e-01
2.610441767068273222e+01 1.367784380319519100e+00 1.000000000000000056e-01
2.650602409638554136e+01 1.232577814583894593e+00 1.000000000000000056e-01
2.690763052208835404e+01 1.145100712966892420e+00 1.000000000000000056e-01
2.730923694779116317e+01 8.300361800440011484e-01 1.000000000000000056e-01
2.771084337349397586e+01 8.137872915026738152e-01 1.000000000000000056e-01
2.811244979919678855e+01 1.290699293719987706e+00 1.000000000000000056e-01
2.851405622489959768e+01 1.348366435170559097e+00 1.000000000000000056e-01
2.891566265060241037e+01 2.831767661946030801e-01 1.000000000000000056e-01
2.931726907630521950e+01 -1.390139306043966405e+00 1.000000000000000056e-01
2.971887550200803219e+01 -2.376110658496429107e+00 1.000000000000000056e-01
3.012048192771084487e+01 -2.597052369190804288e+00 1.000000000000000056e-01
3.052208835341365400e+01 -1.438503310863949558e+00 1.000000000000000056e-01
3.092369477911646669e+01 -5.117286579391948642e-01 1.000000000000000056e-01
3.132530120481927582e+01 -9.042241504291803622e-02 1.000000000000000056e-01
3.172690763052208851e+01 -8.593327835161775063e-02 1.000000000000000056e-01
3.212851405622490120e+01 -1.098181089571256264e+00 1.000000000000000056e-01
3.253012048192771033e+01 -2.633531740128785881e+00 1.000000000000000056e-01
3.293172690763051946e+01 -3.601917312126575954e+00 1.000000000000000056e-01
3.333333333333333570e+01 -3.553440362620829518e+00 1.000000000000000056e-01
3.373493975903614484e+01 -2.624137051611289184e+00 1.000000000000000056e-01
3.413654618473895397e+01 -1.371870260701449018e+00 1.000000000000000056e-01
3.453815261044177021e+01 -8.256931001328908781e-01 1.000000000000000056e-01
3.493975903614457934e+01 -6.795887207865646262e-01 1.000000000000000056e-01
3.534136546184738847e+01 -6.786274118164754565e-01 1.000000000000000056e-01
3.574297188755019761e+01 9.433356151782056054e-02 1.000000000000000056e-01
3.614457831325301385e+01 1.598298028894056255e+00 1.000000000000000056e-01
3.654618473895582298e+01 3.105084157333826145e+00 1.000000000000000056e-01
3.694779116465863211e+01 3.485255797371149100e+00 1.000000000000000056e-01
3.734939759036144835e+01 3.144417758519064687e+00 1.000000000000000056e-01
3.775100401606425748e+01 2.613916973408262123e+00 1.000000000000000056e-01
3.815261044176706662e+01 1.890673697584857038e+00 1.000000000000000056e-01
3.855421686746987575e+01 1.454156385253437378e+00 1.000000000000000056e-01
3.895582329317269199e+01 5.784931324032484001e-01 1.000000000000000056e-01
3.935742971887550112e+01 5.821161475023281517e-02 1.000000000000000056e-01
3.975903614457831026e+01 8.101459842276781398e-02 1.000000000000000056e-01
4.016064257028112650e+01 5.714890053992942587e-01 1.000000000000000056e-01
4.056224899598393563e+01 1.167217904678345297e+00 1.000000000000000056e-01
4.096385542168674476e+01 1.124271014711863970e+00 1.000000000000000056e-01
4.136546184738956100e+01 6.731736051938976839e-01 1.000000000000000056e-01
4.176706827309237013e+01 7.365646883978281823e-01 1.000000000000000056e-01
4.216867469879517927e+01 9.933866627268030935e-01 1.000000000000000056e-01
4.257028112449798840e+01 1.858893630705681366e+00 1.000000000000000056e-01
4.297188755020080464e+01 2.731629628102931306e+00 1.000000000000000056e-01
4.337349397590361377e+01 3.073047905853171446e+00 1.000000000000000056e-01
4.377510040160642291e+01 2.796399325758500698e+00 1.000000000000000056e-01
4.417670682730923915e+01 2.115291521755855442e+00 1.000000000000000056e-01
4.457831325301204828e+01 1.474763308026844078e+00 1.000000000000000056e-01
4.497991967871485741e+01 6.876006895519598539e-01 1.000000000000000056e-01
4.538152610441767365e+01 2.931175860441371794e-01 1.000000000000000056e-01
4.578313253012048278e+01 2.655498528750460663e-01 1.000000000000000056e-01
4.618473895582329192e+01 -1.214319410605980004e-01 1.000000000000000056e-01
4.658634538152610105e+01 -6.916029984032274758e-01 1.000000000000000056e-01
4.698795180722891729e+01 -1.165968135947888618e+00 1.000000000000000056e-01
4.738955823293172642e+01 -8.833416478399181981e-01 1.000000000000000056e-01
4.779116465863453556e+01 -4.123943614797043189e-01 1.000000000000000056e-01
4.819277108433735179e+01 -1.224865810038366642e-01 1.000000000000000056e-01
4.859437751004016093e+01 1.192950373144179010e-02 1.000000000000000056e-01
4.899598393574297006e+01 -2.822994502481884771e-01 1.000000000000000056e-01
4.939759036144578630e+01 -6.582404273468844824e-01 1.000000000000000056e-01
4.979919678714859543e+01 -5.196211123259082409e-01 1.000000000000000056e-01
5.020080321285140457e+01 3.453453545316784168e-01 1.000000000000000056e-01
5.060240963855421370e+01 1.266858086862330035e+00 1.000000000000000056e-01
5.100401606425702994e+01 2.782675088061856261e+00 1.000000000000000056e-01
5.140562248995983907e+01 3.939299050288749715e+00 1.000000000000000056e-01
5.180722891566264821e+01 3.506975621802262744e+00 1.000000000000000056e-01
5.220883534136546444e+01 2.254831909567823089e+00 1.000000000000000056e-01
5.261044176706827358e+01 5.290848815624666912e-01 1.000000000000000056e-01
5.301204819277108271e+01 -9.125367806049139441e-01 1.000000000000000056e-01
5.341365461847389184e+01 -1.844425114663801768e+00 1.000000000000000056e-01
5.381526104417670808e+01 -2.454276173811284600e+00 1.000000000000000056e-01
5.421686746987951722e+01 -2.544135506162560567e+00 1.000000000000000056e-01
5.461847389558232635e+01 -1.498078988108030973e+00 1.000000000000000056e-01
5.502008032128514259e+01 1.997210633871869812e-01 1.000000000000000056e-01
5.542168674698795172e+01 1.637700186147245329e+00 1.000000000000000056e-01
5.582329317269076085e+01 2.349352528110366212e+00 1.000000000000000056e-01
5.622489959839357709e+01 1.935681455067465029e+00 1.000000000000000056e-01
5.662650602409638623e+01 6.449148141923434219e-01 1.000000000000000056e-01
5.702811244979919536e+01 -7.590419166468933554e-01 1.000000000000000056e-01
5.742971887550200449e+01 -1.317330190530558998e+00 1.000000000000000056e-01
5.783132530120482073e+01 -1.596426474573514831e+00 1.000000000000000056e-01
5.823293172690762987e+01 -9.816214395274586169e-01 1.000000000000000056e-01
5.863453815261043900e+01 -1.097756846832040001e+00 1.000000000000000056e-01
5.903614457831325524e+01 -1.558559509434736423e+00 1.000000000000000056e-01
5.943775100401606437e+01 -1.403289556259215587e+00 1.000000000000000056e-01
5.983935742971887350e+01 -1.311109678463255879e+00 1.000000000000000056e-01
6.024096385542168974e+01 -3.845150701110772173e-01 1.000000000000000056e-01
6.064257028112449888e+01 2.120342966922107442e-01 1.000000000000000056e-01
6.104417670682730801e+01 9.023406179839561503e-01 1.000000000000000056e-01
6.144578313253011714e+01 7.404350183040602218e-01 1.000000000000000056e-01
6.184738955823293338e+01 1.126989521361496216e+00 1.000000000000000056e-01
6.224899598393574252e+01 1.738515983387898256e+00 1.000000000000000056e-01
6.265060240963855165e+01 2.257424893768144702e+00 1.000000000000000056e-01
6.305220883534136789e+01 1.896426098327686161e+00 1.000000000000000056e-01
6.345381526104417702e+01 7.519721152185996349e-01 1.000000000000000056e-01
6.385542168674698615e+01 -3.653837685353640286e-01 1.000000000000000056e-01
6.425702811244980239e+01 -6.179160415009472551e-01 1.000000000000000056e-01
6.465863453815261153e+01 -1.342885241114188388e-01 1.000000000000000056e-01
6.506024096385542066e+01 5.655060542068081064e-01 1.000000000000000056e-01
6.546184738955822979e+01 6.145772861906945161e-01 1.000000000000000056e-01
6.586345381526103893e+01 4.329874462827380532e-01 1.000000000000000056e-01
6.626506024096384806e+01 7.467527892133805079e-01 1.000000000000000056e-01
6.666666666666667140e+01 9.241019728844122039e-01 1.000000000000000056e-01
6.706827309236948054e+01 9.552535266006236814e-01 1.000000000000000056e-01
6.746987951807228967e+01 3.729892543970686480e-01 1.000000000000000056e-01
6.787148594377509880e+01 -2.737736318665168200e-01 1.000000000000000056e-01
6.827309236947790794e+01 -2.567536017838015772e-01 1.000000000000000056e-01
6.867469879518071707e+01 2.782998911354879201e-01 1.000000000000000056e-01
6.907630522088354041e+01 9.487267146214993785e-01 1.000000000000000056e-01
6.947791164658634955e+01 1.611087228955138118e+00 1.000000000000000056e-01
6.987951807228915868e+01 1.018877792722030051e+00 1.000000000000000056e-01
7.028112449799196781e+01 -3.207231969721977549e-01 1.000000000000000056e-01
7.068273092369477695e+01 -1.925230810762231792e+00 1.000000000000000056e-01
7.108433734939758608e+01 -3.081230842673466253e+00 1.000000000000000056e-01
7.148594377510039521e+01 -3.144397790391986192e+00 1.000000000000000056e-01
7.188755020080321856e+01 -1.969148824652365848e+00 1.000000000000000056e-01
7.228915662650602769e+01 -5.659161987434006003e-01 1.000000000000000056e-01
7.269076305220883683e+01 4.574041837064066196e-01 1.000000000000000056e-01
7.309236947791164596e+01 6.677774783998702279e-01 1.000000000000000056e-01
7.349397590361445509e+01 2.615890045095494720e-01 1.000000000000000056e-01
7.389558232931726423e+01 1.945452103278542677e-01 1.000000000000000056e-01
7.429718875502007336e+01 2.562603025643356847e-01 1.000000000000000056e-01
7.469879518072289670e+01 4.819959848012310144e-01 1.000000000000000056e-01
7.510040160642570584e+01 4.681812733826113959e-01 1.000000000000000056e-01
7.550200803212851497e+01 -3.448730388387873380e-01 1.000000000000000056e-01
7.590361445783132410e+01 -1.137932577188862204e+00 1.000000000000000056e-01
7.630522088353413324e+01 -2.055186302657347142e+00 1.000000000000000056e-01
7.670682730923694237e+01 -2.875472149831469260e+00 1.000000000000000056e-01
7.710843373493975150e+01 -2.867334807496685123e+00 1.000000000000000056e-01
7.751004016064257485e+01 -2.524913288775925135e+00 1.000000000000000056e-01
7.791164658634538398e+01 -1.725638276956305006e+00 1.000000000000000056e-01
7.831325301204819311e+01 -4.747881742483438527e-01 1.000000000000000056e-01
7.871485943775100225e+01 3.607051631483220167e-01 1.000000000000000056e-01
7.911646586345381138e+01 3.852408195364105392e-01 1.000000000000000056e-01
7.951807228915662051e+01 -2.665942567059544910e-01 1.000000000000000056e-01
7.991967871485944386e+01 -4.092755915151646828e-01 1.000000000000000056e-01
8.032128514056225299e+01 2.580819878156191682e-02 1.000000000000000056e-01
8.072289156626506212e+01 8.265390323697781039e-01 1.000000000000000056e-01
8.112449799196787126e+01 1.439746212688833182e+00 1.000000000000000056e-01
8.152610441767068039e+01 1.559337805774160035e+00 1.000000000000000056e-01
8.192771084337348952e+01 1.638606368522334877e+00 1.000000000000000056e-01
8.232931726907629866e+01 1.093664305200190423e+00 1.000000000000000056e-01
8.273092369477912200e+01 1.002620381135363115e+00 1.000000000000000056e-01
8.313253012048193114e+01 1.543916436169271877e+00 1.000000000000000056e-01
8.353413654618474027e+01 2.368411793114661545e+00 1.000000000000000056e-01
8.393574297188754940e+01 3.102960162273364464e+00 1.000000000000000056e-01
8.433734939759035854e+01 2.769040008932948993e+00 1.000000000000000056e-01
8.473895582329316767e+01 2.172488318972291665e+00 1.000000000000000056e-01
8.514056224899597680e+01 2.556564931798709583e+00 1.000000000000000056e-01
8.554216867469880015e+01 3.083432847525914955e+00 1.000000000000000056e-01
8.594377510040160928e+01 3.071605429259028242e+00 1.000000000000000056e-01
8.634538152610441841e+01 2.089682560550885526e+00 1.000000000000000056e-01
8.674698795180722755e+01 1.158917060206301697e+00 1.000000000000000056e-01
8.714859437751003668e+01 1.067797576330394405e+00 1.000000000000000056e-01
8.755020080321284581e+01 1.142975641571955858e+00 1.000000000000000056e-01
8.795180722891566916e+01 9.546003569133343358e-01 1.000000000000000056e-01
8.835341365461847829e+01 6.169141346798318049e-01 1.000000000000000056e-01
8.875502008032128742e+01 3.706722868384745156e-02 1.000000000000000056e-01
8.915662650602409656e+01 -2.505792558482538013e-01 1.000000000000000056e-01
8.955823293172690569e+01 -3.046693515313224632e-01 1.000000000000000056e-01
8.995983935742971482e+01 -9.959050621786995350e-02 1.000000000000000056e-01
9.036144578313252396e+01 2.744647026992855787e-01 1.000000000000000056e-01
9.076305220883534730e+01 4.314776058782975876e-01 1.000000000000000056e-01
9.116465863453815643e+01 -2.205971898803047448e-01 1.000000000000000056e-01
9.156626506024096557e+01 -7.612320009006705579e-01 1.000000000000000056e-01
9.196787148594377470e+01 -8.501856672730518927e-01 1.000000000000000056e-01
9.236947791164658383e+01 -4.828913569674239126e-01 1.000000000000000056e-01
9.277108433734939297e+01 2.368998522956189678e-01 1.000000000000000056e-01
9.317269076305220210e+01 3.496959252380798522e-01 1.000000000000000056e-01
9.357429718875502545e+01 6.058552632365949986e-01 1.000000000000000056e-01
9.397590361445783458e+01 5.697823269704742621e-01 1.000000000000000056e-01
9.437751004016064371e+01 3.618358688421310365e-01 1.000000000000000056e-01
9.477911646586345285e+01 3.336445738158632657e-01 1.000000000000000056e-01
9.518072289156626198e+01 5.249524132255779518e-01 1.000000000000000056e-01
9.558232931726907111e+01 1.776757027793486099e+00 1.000000000000000056e-01
9.598393574297188025e+01 2.224480204791267735e+00 1.000000000000000056e-01
9.638554216867470359e+01 1.669437622846142943e+00 1.000000000000000056e-01
9.678714859437751272e+01 5.964667917633202920e-01 1.000000000000000056e-01
9.718875502008032186e+01 -7.192522958079283768e-02 1.000000000000000056e-01
9.759036144578313099e+01 -8.082057516435682265e-01 1.000000000000000056e-01
9.799196787148594012e+01 -1.438338107407487465e+00 1.000000000000000056e-01
9.839357429718874926e+01 -1.604802249594377228e+00 1.000000000000000056e-01
9.879518072289157260e+01 -1.426839123243032414e+00 1.000000000000000056e-01
9.919678714859438173e+01 -1.061392047648252346e+00 1.000000000000000056e-01
9.959839357429719087e+01 -1.053724370032258051e+00 1.000000000000000056e-01
1.000000000000000000e+02 -2.110743787404346428e+00 1.000000000000000056e-01
