0.000000000000000000e+00 4.921552782459467923e-01 1.000000000000000056e-01
4.016064257028112428e-01 -1.108343471639567368e-01 1.000000000000000056e-01
8.032128514056224855e-01 -7.095874699917721351e-01 1.000000000000000056e-01
1.204819277108433617e+00 -1.022769608955831355e+00 1.000000000000000056e-01
1.606425702811244971e+00 -1.310830486181092880e+00 1.000000000000000056e-01
2.008032128514056325e+00 -1.276084357350903309e+00 1.000000000000000056e-01
2.409638554216867234e+00 -9.885196147754122808e-01 1.000000000000000056e-01
2.811244979919678588e+00 -9.038140450931767544e-01 1.000000000000000056e-01
3.212851405622489942e+00 -1.091794936560530394e+00 1.000000000000000056e-01
3.614457831325301296e+00 -9.723005222275628023e-01 1.000000000000000056e-01
4.016064257028112650e+00 -1.184183804672928053e+00 1.000000000000000056e-01
4.417670682730923559e+00 -1.240716046851398247e+00 1.000000000000000056e-01
4.819277108433734469e+00 -1.123200393050520107e+00 1.000000000000000056e-01
5.220883534136546267e+00 -1.189169511540593138e+00 1.000000000000000056e-01
5.622489959839357176e+00 -1.176778481139783450e+00 1.000000000000000056e-01
6.024096385542168974e+00 -1.291593339094561976e+00 1.000000000000000056e-01
6.425702811244979884e+00 -1.648582431189905328e+00 1.000000000000000056e-01
6.827309236947790794e+00 -1.899729228349564591e+00 1.000000000000000056e-01
7.228915662650602592e+00 -2.419592875023709677e+00 1.000000000000000056e-01
7.630522088353413501e+00 -2.830747936169367929e+00 1.000000000000000056e-01
8.032128514056225299e+00 -2.738289370917036170e+00 1.000000000000000056e-01
8.433734939759036209e+00 -2.807700698149340646e+00 1.000000000000000056e-01
8.835341365461847118e+00 -2.594720095912089963e+00 1.000000000000000056e-01
9.236947791164658028e+00 -2.538446958822089705e+00 1.000000000000000056e-01
9.638554216867468938e+00 -2.792081432597475654e+00 1.000000000000000056e-01
1.004016064257028162e+01 -2.977528261025866207e+00 1.000000000000000056e-01
1.044176706827309253e+01 -3.107817517166119092e+00 1.000000000000000056e-01
1.084337349397590344e+01 -2.799650421662644106e+00 1.000000000000000056e-01
1.124497991967871435e+01 -2.070487584869060260e+00 1.000000000000000056e-01
1.164658634538152526e+01 -1.398780272580697259e+00 1.000000000000000056e-01
1.204819277108433795e+01 -6.976352701441448367e-01 1.000000000000000056e-01
1.244979919678714886e+01 2.215266249309449376e-01 1.000000000000000056e-01
1.285140562248995977e+01 7.535729284784719040e-01 1.000000000000000056e-01
1.325301204819277068e+01 9.743460391598205428e-01 1.000000000000000056e-01
1.365461847389558159e+01 1.056626467152210980e+00 1.000000000000000056e-01
1.405622489959839427e+01 1.127256617966122754e+00 1.000000000000000056e-01
1.445783132530120518e+01 7.710087546695284511e-01 1.000000000000000056e-01
1.485943775100401609e+01 5.732715287341716426e-01 1.000000000000000056e-01
1.526104417670682700e+01 2.228172631257075709e-01 1.000000000000000056e-01
1.566265060240963791e+01 -1.199596087738079714e-01 1.000000000000000056e-01
1.606425702811245060e+01 -7.525829438962602924e-02 1.000000000000000056e-01
1.646586345381525973e+01 -3.222071879747798184e-01 1.000000000000000056e-01
1.686746987951807242e+01 -5.414134330517628158e-01 1.000000000000000056e-01
1.726907630522088510e+01 -8.310414498176809106e-01 1.000000000000000056e-01
1.767068273092369424e+01 -8.987615107709272522e-01 1.000000000000000056e-01
1.807228915662650692e+01 -1.022240368359776275e+00 1.000000000000000056e-01
1.847389558232931606e+01 -6.190791943738469527e-01 1.000000000000000056e-01
1.887550200803212874e+01 -2.136970804913641830e-01 1.000000000000000056e-01
1.927710843373493788e+01 2.643229020342452440e-01 1.000000000000000056e-01
1.967871485943775056e+01 5.189724766900671860e-01 1.000000000000000056e-01
2.008032128514056325e+01 6.504964354837512452e-01 1.000000000000000056e-01
2.048192771084337238e+01 8.957009749888140693e-01 1.000000000000000056e-01
2.088353413654618507e+01 1.283345178689131005e+00 1.000000000000000056e-01
2.128514056224899420e+01 1.154491008660805562e+00 1.000000000000000056e-01
2.168674698795180689e+01 1.015391961108253804e+00 1.000000000000000056e-01
2.208835341365461957e+01 7.186062451619310565e-01 1.000000000000000056e-01
2.248995983935742871e+01 5.836058801327886902e-01 1.000000000000000056e-01
2.289156626506024139e+01 2.814174596661416783e-01 1.000000000000000056e-01
2.329317269076305053e+01 -2.076680233720658575e-01 1.000000000000000056e-01
2.369477911646586321e+01 -4.943983304367439713e-01 1.000000000000000056e-01
2.409638554216867590e+01 -4.835987909378771654e-01 1.000000000000000056e-01
2.449799196787148503e+01 -4.812246084925606571e-01 1.000000000000000056e-01
2.489959839357429772e+01 -2.688790060803357695e-01 1.000000000000000056e-01
2.530120481927710685e+01 -5.095653124599464068e-01 1.000000000000000056e-01
2.570281124497991954e+01 -5.103320936483242143e-01 1.000000000000000056e-01
2.610441767068273222e+01 -1.038377789024758746e+00 1.000000000000000056e-01
2.650602409638554136e+01 -1.562905352134775550e+00 1.000000000000000056e-01
2.690763052208835404e+01 -1.852068875507364876e+00 1.000000000000000056e-01
2.730923694779116317e+01 -1.746669232101181413e+00 1.000000000000000056e-01
2.771084337349397586e+01 -1.434659672142045039e+00 1.000000000000000056e-01
2.811244979919678855e+01 -1.038193025220671029e+00 1.000000000000000056e-01
2.851405622489959768e+01 -6.651219903736316219e-01 1.000000000000000056e-01
2.891566265060241037e+01 -2.173144885592933617e-01 1.000000000000000056e-01
2.931726907630521950e+01 -2.796558389678228951e-02 1.000000000000000056e-01
2.971887550200803219e+01 -1.866183589939648113e-01 1.000000000000000056e-01
3.012048192771084487e+01 -8.946830934566754601e-02 1.000000000000000056e-01
3.052208835341365400e+01 1.084400929647172385e-01 1.000000000000000056e-01
3.092369477911646669e+01 2.988144867969533824e-01 1.000000000000000056e-01
3.132530120481927582e+01 6.009664054244169273e-01 1.000000000000000056e-01
3.172690763052208851e+01 8.973041804540734523e-01 1.000000000000000056e-01
3.212851405622490120e+01 1.023840465885975881e+00 1.000000000000000056e-01
3.253012048192771033e+01 8.111826221465116005e-01 1.000000000000000056e-01
3.293172690763051946e+01 3.426125692953712054e-01 1.000000000000000056e-01
3.333333333333333570e+01 -2.543283970625341284e-01 1.000000000000000056e-01
3.373493975903614484e+01 -5.473328998061650630e-01 1.000000000000000056e-01
3.413654618473895397e+01 -1.092873709803603210e+00 1.000000000000000056e-01
3.453815261044177021e+01 -1.371845015977985138e+00 1.000000000000000056e-01
3.493975903614457934e+01 -1.301156550700169001e+00 1.000000000000000056e-01
3.534136546184738847e+01 -1.567154877214457898e+00 1.000000000000000056e-01
3.574297188755019761e+01 -1.547403159841699294e+00 1.000000000000000056e-01
3.614457831325301385e+01 -1.176269249723580934e+00 1.000000000000000056e-01
3.654618473895582298e+01 -8.468115398302739072e-01 1.000000000000000056e-01
3.694779116465863211e+01 -4.114037826678942911e-01 1.000000000000000056e-01
3.734939759036144835e+01 8.010521413348167807e-02 1.000000000000000056e-01
3.775100401606425748e+01 2.824506752248919228e-01 1.000000000000000056e-01
3.815261044176706662e+01 2.655985234631119130e-01 1.000000000000000056e-01
3.855421686746987575e+01 9.718820374721100219e-02 1.000000000000000056e-01
3.895582329317269199e+01 -2.249859043293175320e-01 1.000000000000000056e-01
3.935742971887550112e+01 -3.348372651633776953e-01 1.000000000000000056e-01
3.975903614457831026e+01 -6.361651433802588684e-01 1.000000000000000056e-01
4.016064257028112650e+01 -5.690522250710600138e-01 1.000000000000000056e-01
4.056224899598393563e+01 -5.596268286787566826e-01 1.000000000000000056e-01
4.096385542168674476e+01 -7.273194523076759177e-01 1.000000000000000056e-01
4.136546184738956100e+01 -9.411840671449505091e-01 1.000000000000000056e-01
4.176706827309237013e+01 -1.342416113730845684e+00 1.000000000000000056e-01
4.216867469879517927e+01 -1.844975855689690913e+00 1.000000000000000056e-01
4.257028112449798840e+01 -2.091155471404347210e+00 1.000000000000000056e-01
4.297188755020080464e+01 -2.183965749682070356e+00 1.000000000000000056e-01
4.337349397590361377e+01 -2.589515410738374879e+00 1.000000000000000056e-01
4.377510040160642291e+01 -2.965300642141313503e+00 1.000000000000000056e-01
4.417670682730923915e+01 -3.490451824524336111e+00 1.000000000000000056e-01
4.457831325301204828e+01 -3.291291277743192190e+00 1.000000000000000056e-01
4.497991967871485741e+01 -3.194643291516671813e+00 1.000000000000000056e-01
4.538152610441767365e+01 -2.531710403199144199e+00 1.000000000000000056e-01
4.578313253012048278e+01 -1.732894794363043722e+00 1.000000000000000056e-01
4.618473895582329192e+01 -1.039434571330530854e+00 1.000000000000000056e-01
4.658634538152610105e+01 -8.237902605215232654e-01 1.000000000000000056e-01
4.698795180722891729e+01 -8.333614319190422171e-01 1.000000000000000056e-01
4.738955823293172642e+01 -9.191500867374536865e-01 1.000000000000000056e-01
4.779116465863453556e+01 -1.536984680019035432e+00 1.000000000000000056e-01
4.819277108433735179e+01 -2.213260267776020029e+00 1.000000000000000056e-01
4.859437751004016093e+01 -2.726426765162645260e+00 1.000000000000000056e-01
4.899598393574297006e+01 -2.440375117073216860e+00 1.000000000000000056e-01
4.939759036144578630e+01 -2.205294826834482524e+00 1.000000000000000056e-01
4.979919678714859543e+01 -1.645999768272649932e+00 1.000000000000000056e-01
5.020080321285140457e+01 -6.746373515791138642e-01 1.000000000000000056e-01
5.060240963855421370e+01 9.467151709938531612e-02 1.000000000000000056e-01
5.100401606425702994e+01 2.010281278262434634e-01 1.000000000000000056e-01
5.140562248995983907e+01 8.615946954782383038e-01 1.000000000000000056e-01
5.180722891566264821e+01 1.152312899993558348e+00 1.000000000000000056e-01
5.220883534136546444e+01 8.036185249598150060e-01 1.000000000000000056e-01
5.261044176706827358e+01 -6.320258135321066284e-02 1.000000000000000056e-01
5.301204819277108271e+01 -6.807075101580009058e-01 1.000000000000000056e-01
5.341365461847389184e+01 -1.652289613231184839e+00 1.000000000000000056e-01
5.381526104417670808e+01 -2.216616586441336967e+00 1.000000000000000056e-01
5.421686746987951722e+01 -3.008729444868155856e+00 1.000000000000000056e-01
5.461847389558232635e+01 -3.721925696601730671e+00 1.000000000000000056e-01
5.502008032128514259e+01 -4.453155660828588935e+00 1.000000000000000056e-01
5.542168674698795172e+01 -4.947038868096583997e+00 1.000000000000000056e-01
5.582329317269076085e+01 -4.921721709651170507e+00 1.000000000000000056e-01
5.622489959839357709e+01 -4.196177985955928946e+00 1.000000000000000056e-01
5.662650602409638623e+01 -3.587098030711338481e+00 1.000000000000000056e-01
5.702811244979919536e+01 -2.584956574160049314e+00 1.000000000000000056e-01
5.742971887550200449e+01 -1.936082102934111093e+00 1.000000000000000056e-01
5.783132530120482073e+01 -1.414286355225086833e+00 1.000000000000000056e-01
5.823293172690762987e+01 -8.845134776106828856e-01 1.000000000000000056e-01
5.863453815261043900e+01 -2.185682554482836215e-01 1.000000000000000056e-01
5.903614457831325524e+01 -1.408630160314985891e-01 1.000000000000000056e-01
5.943775100401606437e+01 2.934416854543512310e-01 1.000000000000000056e-01
5.983935742971887350e+01 2.661871633924609570e-01 1.000000000000000056e-01
6.024096385542168974e+01 -2.826107556645487962e-01 1.000000000000000056e-01
6.064257028112449888e+01 -5.340820199429624493e-01 1.000000000000000056e-01
6.104417670682730801e+01 -1.083260060162865024e+00 1.000000000000000056e-01
6.144578313253011714e+01 -1.533244537339560010e+00 1.000000000000000056e-01
6.184738955823293338e+01 -2.042718805712048891e+00 1.000000000000000056e-01
6.224899598393574252e+01 -1.737265369491316491e+00 1.000000000000000056e-01
6.265060240963855165e+01 -1.540389369572847666e+00 1.000000000000000056e-01
6.305220883534136789e+01 -1.182883302462350628e+00 1.000000000000000056e-01
6.345381526104417702e+01 -6.497385200816978568e-01 1.000000000000000056e-01
6.385542168674698615e+01 -2.824856071174180472e-01 1.000000000000000056e-01
6.425702811244980239e+01 6.750950967311614148e-02 1.000000000000000056e-01
6.465863453815261153e+01 8.981439150875277777e-01 1.000000000000000056e-01
6.506024096385542066e+01 8.838799374308501378e-01 1.000000000000000056e-01
6.546184738955822979e+01 1.183979850183945581e+00 1.000000000000000056e-01
6.586345381526103893e+01 1.081197592378507100e+00 1.000000000000000056e-01
6.626506024096384806e+01 4.423411991567486323e-01 1.000000000000000056e-01
6.666666666666667140e+01 3.231042012589003809e-01 1.000000000000000056e-01
6.706827309236948054e+01 3.988115244526867914e-02 1.000000000000000056e-01
6.746987951807228967e+01 -1.629919817709400143e-01 1.000000000000000056e-01
6.787148594377509880e+01 -1.394033486894827867e-01 1.000000000000000056e-01
6.827309236947790794e+01 -8.847885884951903201e-02 1.000000000000000056e-01
6.867469879518071707e+01 4.079882818996677929e-01 1.000000000000000056e-01
6.907630522088354041e+01 9.016063560483118522e-01 1.000000000000000056e-01
6.947791164658634955e+01 1.519679236817936596e+00 1.000000000000000056e-01
6.987951807228915868e+01 2.134183462283415267e+00 1.000000000000000056e-01
7.028112449799196781e+01 2.912012486826306645e+00 1.000000000000000056e-01
7.068273092369477695e+01 2.955029548741053169e+00 1.000000000000000056e-01
7.108433734939758608e+01 3.202787348506804577e+00 1.000000000000000056e-01
7.148594377510039521e+01 3.036690525466481549e+00 1.000000000000000056e-01
7.188755020080321856e+01 2.775948598334232020e+00 1.000000000000000056e-01
7.228915662650602769e+01 2.780857802946603119e+00 1.000000000000000056e-01
7.269076305220883683e+01 2.861099575349729918e+00 1.000000000000000056e-01
7.309236947791164596e+01 2.430751933217094596e+00 1.000000000000000056e-01
7.349397590361445509e+01 2.117917722773356992e+00 1.000000000000000056e-01
7.389558232931726423e+01 1.753235447963774618e+00 1.000000000000000056e-01
7.429718875502007336e+01 1.059494903652509645e+00 1.000000000000000056e-01
7.469879518072289670e+01 7.847247645804054095e-01 1.000000000000000056e-01
7.510040160642570584e+01 6.239367292194233361e-01 1.000000000000000056e-01
7.550200803212851497e+01 6.744488633795601151e-01 1.000000000000000056e-01
7.590361445783132410e+01 7.777413120655843892e-01 1.000000000000000056e-01
7.630522088353413324e+01 6.728704168677026587e-01 1.000000000000000056e-01
7.670682730923694237e+01 5.245873630792651232e-01 1.000000000000000056e-01
7.710843373493975150e+01 4.752172730204369810e-01 1.000000000000000056e-01
7.751004016064257485e+01 8.239530768423378171e-02 1.000000000000000056e-01
7.791164658634538398e+01 -3.801587504607774060e-01 1.000000000000000056e-01
7.831325301204819311e+01 -3.680816998068123791e-01 1.000000000000000056e-01
7.871485943775100225e+01 -7.403309097715791154e-01 1.000000000000000056e-01
7.911646586345381138e+01 -5.692589553553538684e-01 1.000000000000000056e-01
7.951807228915662051e+01 -3.498397980141771946e-01 1.000000000000000056e-01
7.991967871485944386e+01 -6.826243703869251389e-01 1.000000000000000056e-01
8.032128514056225299e+01 -1.071240610656533088e+00 1.000000000000000056e-01
8.072289156626506212e+01 -1.165738344655672831e+00 1.000000000000000056e-01
8.112449799196787126e+01 -1.504748886907671945e+00 1.000000000000000056e-01
8.152610441767068039e+01 -1.645242883934688427e+00 1.000000000000000056e-01
8.192771084337348952e+01 -1.949130627367757107e+00 1.000000000000000056e-01
8.232931726907629866e+01 -1.593764987337635386e+00 1.000000000000000056e-01
8.273092369477912200e+01 -1.478174687263550835e+00 1.000000000000000056e-01
8.313253012048193114e+01 -1.024259819148265249e+00 1.000000000000000056e-01
8.353413654618474027e+01 -9.896014030839432873e-01 1.000000000000000056e-01
8.393574297188754940e+01 -6.506319048451176812e-01 1.000000000000000056e-01
8.433734939759035854e+01 -4.961704469447338894e-01 1.000000000000000056e-01
8.473895582329316767e+01 -5.403707222248856912e-01 1.000000000000000056e-01
8.514056224899597680e+01 -2.587517501167313494e-01 1.000000000000000056e-01
8.554216867469880015e+01 2.408560220204496172e-02 1.000000000000000056e-01
8.594377510040160928e+01 1.331068243880850210e-01 1.000000000000000056e-01
8.634538152610441841e+01 4.252783610659200408e-01 1.000000000000000056e-01
8.674698795180722755e+01 5.569188632963855135e-01 1.000000000000000056e-01
8.714859437751003668e+01 2.958315696259217753e-01 1.000000000000000056e-01
8.755020080321284581e+01 -2.088682556193058315e-02 1.000000000000000056e-01
8.795180722891566916e+01 -4.093067313968640764e-01 1.000000000000000056e-01
8.835341365461847829e+01 -9.822209219056308172e-01 1.000000000000000056e-01
8.875502008032128742e+01 -1.664808932820363685e+00 1.000000000000000056e-01
8.915662650602409656e+01 -1.965528763639389886e+00 1.000000000000000056e-01
8.955823293172690569e+01 -2.130200475653254433e+00 1.000000000000000056e-01
8.995983935742971482e+01 -1.701610018433001414e+00 1.000000000000000056e-01
9.036144578313252396e+01 -1.512042765673993872e+00 1.000000000000000056e-01
9.076305220883534730e+01 -8.387921837586496121e-01 1.000000000000000056e-01
9.116465863453815643e+01 -3.388630814692842885e-01 1.000000000000000056e-01
9.156626506024096557e+01 2.546505567320631602e-01 1.000000000000000056e-01
9.196787148594377470e+01 4.117808036220295120e-01 1.000000000000000056e-01
9.236947791164658383e+01 1.060130459798521052e+00 1.000000000000000056e-01
9.277108433734939297e+01 1.344427631121128730e+00 1.000000000000000056e-01
9.317269076305220210e+01 1.396459676816992346e+00 1.000000000000000056e-01
9.357429718875502545e+01 1.575308488281356167e+00 1.000000000000000056e-01
9.397590361445783458e+01 1.347975276830778224e+00 1.000000000000000056e-01
9.437751004016064371e+01 1.474776643664883702e+00 1.000000000000000056e-01
9.477911646586345285e+01 1.199380107082672176e+00 1.000000000000000056e-01
9.518072289156626198e+01 8.812718428774373169e-01 1.000000000000000056e-01
9.558232931726907111e+01 7.906078919146029005e-01 1.000000000000000056e-01
9.598393574297188025e+01 1.104884308432869666e+00 1.000000000000000056e-01
9.638554216867470359e+01 8.252454364154542255e-01 1.000000000000000056e-01
9.678714859437751272e+01 7.658608940468052406e-01 1.000000000000000056e-01
9.718875502008032186e+01 1.252041532139035240e+00 1.000000000000000056e-01
9.759036144578313099e+01 1.173930708319526506e+00 1.000000000000000056e-01
9.799196787148594012e+01 1.022974391732871080e+00 1.000000000000000056e-01
9.839357429718874926e+01 6.848548470917523723e-01 1.000000000000000056e-01
9.879518072289157260e+01 4.632942211817077660e-01 1.000000000000000056e-01
9.919678714859438173e+01 1.235278563101684379e-01 1.000000000000000056e-01
9.959839357429719087e+01 -1.305396052652608441e-01 1.000000000000000056e-01
1.000000000000000000e+02 -2.410950510384178014e-01 1.000000000000000056e-01
