0.000000000000000000e+00 -7.799005011550399491e-01 1.000000000000000056e-01
4.016064257028112428e-01 -7.322993834056190643e-02 1.000000000000000056e-01
8.032128514056224855e-01 5.332540178600265746e-01 1.000000000000000056e-01
1.204819277108433617e+00 9.640046003349548309e-01 1.000000000000000056e-01
1.606425702811244971e+00 1.376696399208330313e+00 1.000000000000000056e-01
2.008032128514056325e+00 1.547207987377373417e+00 1.000000000000000056e-01
2.409638554216867234e+00 1.706450075591915416e+00 1.000000000000000056e-01
2.811244979919678588e+00 1.461726684590380909e+00 1.000000000000000056e-01
3.212851405622489942e+00 1.480479685994711136e+00 1.000000000000000056e-01
3.614457831325301296e+00 1.307199958394384742e+00 1.000000000000000056e-01
4.016064257028112650e+00 7.853838691038660391e-01 1.000000000000000056e-01
4.417670682730923559e+00 6.179980379755545261e-01 1.000000000000000056e-01
4.819277108433734469e+00 6.875538184794870444e-01 1.000000000000000056e-01
5.220883534136546267e+00 9.232023703159358829e-01 1.000000000000000056e-01
5.622489959839357176e+00 1.288689246051269111e+00 1.000000000000000056e-01
6.024096385542168974e+00 1.504381415634929553e+00 1.000000000000000056e-01
6.425702811244979884e+00 1.455799025562350968e+00 1.000000000000000056e-01
6.827309236947790794e+00 1.006991321452780141e+00 1.000000000000000056e-01
7.228915662650602592e+00 7.522223738062330245e-01 1.000000000000000056e-01
7.630522088353413501e+00 5.735680199199645335e-01 1.000000000000000056e-01
8.032128514056225299e+00 -5.552070291385220041e-02 1.000000000000000056e-01
8.433734939759036209e+00 -2.771090147932258607e-01 1.000000000000000056e-01
8.835341365461847118e+00 -5.994881551761053196e-01 1.000000000000000056e-01
9.236947791164658028e+00 -2.384578991406228754e-01 1.000000000000000056e-01
9.638554216867468938e+00 -7.559568023245842594e-02 1.000000000000000056e-01
1.004016064257028162e+01 4.663958773897634025e-01 1.000000000000000056e-01
1.044176706827309253e+01 5.144930816314261524e-01 1.000000000000000056e-01
1.084337349397590344e+01 6.386207266900979507e-01 1.000000000000000056e-01
1.124497991967871435e+01 3.099189468108830559e-01 1.000000000000000056e-01
1.164658634538152526e+01 -4.764780043438293644e-02 1.000000000000000056e-01
1.204819277108433795e+01 3.779497017168088058e-01 1.000000000000000056e-01
1.244979919678714886e+01 7.936191370054586081e-01 1.000000000000000056e-01
1.285140562248995977e+01 1.037935090899212875e+00 1.000000000000000056e-01
1.325301204819277068e+01 1.142257505911772109e+00 1.000000000000000056e-01
1.365461847389558159e+01 6.886271389501120721e-01 1.000000000000000056e-01
1.405622489959839427e+01 -3.741214889344380290e-01 1.000000000000000056e-01
1.445783132530120518e+01 -9.396435846167568995e-01 1.000000000000000056e-01
1.485943775100401609e+01 -1.457903720380863355e+00 1.000000000000000056e-01
1.526104417670682700e+01 -1.447569231517439325e+00 1.000000000000000056e-01
1.566265060240963791e+01 -7.904827313803074462e-01 1.000000000000000056e-01
1.606425702811245060e+01 -1.685051836364321043e-01 1.000000000000000056e-01
1.646586345381525973e+01 5.204333197947799139e-01 1.000000000000000056e-01
1.686746987951807242e+01 9.175660936798303302e-01 1.000000000000000056e-01
1.726907630522088510e+01 1.022844040877062488e+00 1.000000000000000056e-01
1.767068273092369424e+01 1.025158982215821135e+00 1.000000000000000056e-01
1.807228915662650692e+01 7.447965515721965968e-01 1.000000000000000056e-01
1.847389558232931606e+01 -1.705853176452956643e-01 1.000000000000000056e-01
1.887550200803212874e+01 -1.268130106388992706e+00 1.000000000000000056e-01
1.927710843373493788e+01 -2.240404265579708731e+00 1.000000000000000056e-01
1.967871485943775056e+01 -2.880007879020466177e+00 1.000000000000000056e-01
2.008032128514056325e+01 -3.167379045162761475e+00 1.000000000000000056e-01
2.048192771084337238e+01 -3.096007615870678187e+00 1.000000000000000056e-01
2.088353413654618507e+01 -2.403485129427646694e+00 1.000000000000000056e-01
2.128514056224899420e+01 -1.516400034793995655e+00 1.000000000000000056e-01
2.168674698795180689e+01 -5.820142900653901830e-01 1.000000000000000056e-01
2.208835341365461957e+01 4.728506692187565141e-01 1.000000000000000056e-01
2.248995983935742871e+01 1.058505474143411451e+00 1.000000000000000056e-01
2.289156626506024139e+01 1.787507973244694126e+00 1.000000000000000056e-01
2.329317269076305053e+01 2.386307800406058721e+00 1.000000000000000056e-01
2.369477911646586321e+01 2.831247220429328415e+00 1.000000000000000056e-01
2.409638554216867590e+01 3.080906440913559141e+00 1.000000000000000056e-01
2.449799196787148503e+01 2.896393079186661002e+00 1.000000000000000056e-01
2.489959839357429772e+01 2.829345766389996353e+00 1.000000000000000056e-01
2.530120481927710685e+01 2.490216760617426139e+00 1.000000000000000056e-01
2.570281124497991954e+01 1.955801600445797650e+00 1.000000000000000056e-01
2.610441767068273222e+01 1.527496374997044715e+00 1.000000000000000056e-01
2.650602409638554136e+01 1.218612001683067714e+00 1.000000000000000056e-01
2.690763052208835404e+01 9.855427487742836057e-01 1.000000000000000056e-01
2.730923694779116317e+01 5.001151268584822507e-01 1.000000000000000056e-01
2.771084337349397586e+01 1.076641411827153616e-01 1.000000000000000056e-01
2.811244979919678855e+01 3.848036167543579522e-02 1.000000000000000056e-01
2.851405622489959768e+01 -3.486181204792308530e-01 1.000000000000000056e-01
2.891566265060241037e+01 -4.467739528310341601e-01 1.000000000000000056e-01
2.931726907630521950e+01 -3.919778029209033399e-01 1.000000000000000056e-01
2.971887550200803219e+01 -8.808209158152799367e-02 1.000000000000000056e-01
3.012048192771084487e+01 7.754649415345894470e-01 1.000000000000000056e-01
3.052208835341365400e+01 1.275256921577593072e+00 1.000000000000000056e-01
3.092369477911646669e+01 1.769206255760978896e+00 1.000000000000000056e-01
3.132530120481927582e+01 1.548713945041453988e+00 1.000000000000000056e-01
3.172690763052208851e+01 1.188006853446691657e+00 1.000000000000000056e-01
3.212851405622490120e+01 5.885586483993714424e-01 1.000000000000000056e-01
3.253012048192771033e+01 3.880874036773324792e-02 1.000000000000000056e-01
3.293172690763051946e+01 -3.197932267442888943e-01 1.000000000000000056e-01
3.333333333333333570e+01 -4.877672793778159988e-01 1.000000000000000056e-01
3.373493975903614484e+01 -4.320581664499992813e-01 1.000000000000000056e-01
3.413654618473895397e+01 -1.697206014538796826e-01 1.000000000000000056e-01
3.453815261044177021e+01 1.432095921963777441e-01 1.000000000000000056e-01
3.493975903614457934e+01 4.673522402754963223e-01 1.000000000000000056e-01
3.534136546184738847e+01 2.793516614665703113e-01 1.000000000000000056e-01
3.574297188755019761e+01 8.425439292567341032e-02 1.000000000000000056e-01
3.614457831325301385e+01 -1.616698092201812320e-01 1.000000000000000056e-01
3.654618473895582298e+01 -5.836880211850377087e-01 1.000000000000000056e-01
3.694779116465863211e+01 -7.338375041716056479e-01 1.000000000000000056e-01
3.734939759036144835e+01 -7.054165561802733242e-01 1.000000000000000056e-01
3.775100401606425748e+01 -4.239046301990223586e-01 1.000000000000000056e-01
3.815261044176706662e+01 -1.073946569677436402e-01 1.000000000000000056e-01
3.855421686746987575e+01 1.641553340666984939e-01 1.000000000000000056e-01
3.895582329317269199e+01 2.637784545918206436e-01 1.000000000000000056e-01
3.935742971887550112e+01 3.052265615455146408e-02 1.000000000000000056e-01
3.975903614457831026e+01 -4.756247466764064735e-01 1.000000000000000056e-01
4.016064257028112650e+01 -7.797821017968050716e-01 1.000000000000000056e-01
4.056224899598393563e+01 -7.165495120825992048e-01 1.000000000000000056e-01
4.096385542168674476e+01 -2.745757547259016218e-01 1.000000000000000056e-01
4.136546184738956100e+01 -1.877474144380021359e-01 1.000000000000000056e-01
4.176706827309237013e+01 -3.091749832299295342e-02 1.000000000000000056e-01
4.216867469879517927e+01 -3.790357129546630399e-01 1.000000000000000056e-01
4.257028112449798840e+01 -4.972895863188717680e-01 1.000000000000000056e-01
4.297188755020080464e+01 -1.161917317228319479e+00 1.000000000000000056e-01
4.337349397590361377e+01 -1.429060289372945380e+00 1.000000000000000056e-01
4.377510040160642291e+01 -1.990905017226475504e+00 1.000000000000000056e-01
4.417670682730923915e+01 -2.137597189019288635e+00 1.000000000000000056e-01
4.457831325301204828e+01 -1.863849199068689400e+00 1.000000000000000056e-01
4.497991967871485741e+01 -1.593180974486412715e+00 1.000000000000000056e-01
4.538152610441767365e+01 -1.191091399270312934e+00 1.000000000000000056e-01
4.578313253012048278e+01 -3.251606209666906278e-01 1.000000000000000056e-01
4.618473895582329192e+01 3.618532781632489703e-01 1.000000000000000056e-01
4.658634538152610105e+01 1.326825565607814283e+00 1.000000000000000056e-01
4.698795180722891729e+01 2.008160775442048962e+00 1.000000000000000056e-01
4.738955823293172642e+01 1.838283850084680537e+00 1.000000000000000056e-01
4.779116465863453556e+01 1.750200671746172443e+00 1.000000000000000056e-01
4.819277108433735179e+01 1.663598509834062433e+00 1.000000000000000056e-01
4.859437751004016093e+01 1.399024919555565960e+00 1.000000000000000056e-01
4.899598393574297006e+01 1.105938409182241511e+00 1.000000000000000056e-01
4.939759036144578630e+01 7.016253401791752164e-01 1.000000000000000056e-01
4.979919678714859543e+01 5.188169225981836830e-01 1.000000000000000056e-01
5.020080321285140457e+01 7.459273940873326625e-01 1.000000000000000056e-01
5.060240963855421370e+01 6.639944553301907471e-01 1.000000000000000056e-01
5.100401606425702994e+01 6.966112798499344283e-01 1.000000000000000056e-01
5.140562248995983907e+01 6.528766655171568400e-01 1.000000000000000056e-01
5.180722891566264821e+01 5.172583140799794643e-01 1.000000000000000056e-01
5.220883534136546444e+01 7.372913195329262592e-01 1.000000000000000056e-01
5.261044176706827358e+01 9.778666110509560694e-01 1.000000000000000056e-01
5.301204819277108271e+01 1.231656234321199861e+00 1.000000000000000056e-01
5.341365461847389184e+01 1.409704610139795866e+00 1.000000000000000056e-01
5.381526104417670808e+01 9.317257841382781125e-01 1.000000000000000056e-01
5.421686746987951722e+01 5.718826767618604423e-01 1.000000000000000056e-01
5.461847389558232635e+01 -1.368345643977002535e-01 1.000000000000000056e-01
5.502008032128514259e+01 -5.388166083708116894e-01 1.000000000000000056e-01
5.542168674698795172e+01 -5.747098454562249437e-01 1.000000000000000056e-01
5.582329317269076085e+01 -7.477093692830379945e-01 1.000000000000000056e-01
5.622489959839357709e+01 -7.693708165264546706e-01 1.000000000000000056e-01
5.662650602409638623e+01 -5.504136224300876234e-01 1.000000000000000056e-01
5.702811244979919536e+01 -6.893119337860227347e-01 1.000000000000000056e-01
5.742971887550200449e+01 -4.990467243610738346e-01 1.000000000000000056e-01
5.783132530120482073e+01 -4.520752917367645840e-01 1.000000000000000056e-01
5.823293172690762987e+01 -8.607318347623750254e-01 1.000000000000000056e-01
5.863453815261043900e+01 -1.100396614912126481e+00 1.000000000000000056e-01
5.903614457831325524e+01 -1.234087014613520994e+00 1.000000000000000056e-01
5.943775100401606437e+01 -1.317790524843035271e+00 1.000000000000000056e-01
5.983935742971887350e+01 -1.374763663030990735e+00 1.000000000000000056e-01
6.024096385542168974e+01 -1.936400671041526911e+00 1.000000000000000056e-01
6.064257028112449888e+01 -2.395215016699146826e+00 1.000000000000000056e-01
6.104417670682730801e+01 -2.954558440891669857e+00 1.000000000000000056e-01
6.144578313253011714e+01 -3.199880081460981351e+00 1.000000000000000056e-01
6.184738955823293338e+01 -2.870770761169352259e+00 1.000000000000000056e-01
6.224899598393574252e+01 -2.827876431357190246e+00 1.000000000000000056e-01
6.265060240963855165e+01 -2.502300182769741976e+00 1.000000000000000056e-01
6.305220883534136789e+01 -1.868472040794978639e+00 1.000000000000000056e-01
6.345381526104417702e+01 -1.743013014820696593e+00 1.000000000000000056e-01
6.385542168674698615e+01 -1.372614588028684635e+00 1.000000000000000056e-01
6.425702811244980239e+01 -1.309748035413594858e+00 1.000000000000000056e-01
6.465863453815261153e+01 -1.226571806138791576e+00 1.000000000000000056e-01
6.506024096385542066e+01 -1.543741194455563681e+00 1.000000000000000056e-01
6.546184738955822979e+01 -1.649619070741912941e+00 1.000000000000000056e-01
6.586345381526103893e+01 -1.716367730178787188e+00 1.000000000000000056e-01
6.626506024096384806e+01 -1.741230981379426446e+00 1.000000000000000056e-01
6.666666666666667140e+01 -1.723341491889162080e+00 1.000000000000000056e-01
6.706827309236948054e+01 -1.740245306811424753e+00 1.000000000000000056e-01
6.746987951807228967e+01 -1.377330894892024427e+00 1.000000000000000056e-01
6.787148594377509880e+01 -7.995757352600264545e-01 1.000000000000000056e-01
6.827309236947790794e+01 -1.535719069150648652e-01 1.000000000000000056e-01
6.867469879518071707e+01 6.171164465309173508e-01 1.000000000000000056e-01
6.907630522088354041e+01 1.524058016802381621e+00 1.000000000000000056e-01
6.947791164658634955e+01 2.147770237155748330e+00 1.000000000000000056e-01
6.987951807228915868e+01 2.122163249212013270e+00 1.000000000000000056e-01
7.028112449799196781e+01 2.402825375681454823e+00 1.000000000000000056e-01
7.068273092369477695e+01 2.279895196329085216e+00 1.000000000000000056e-01
7.108433734939758608e+01 1.665672382787432459e+00 1.000000000000000056e-01
7.148594377510039521e+01 9.456182750621070499e-01 1.000000000000000056e-01
7.188755020080321856e+01 1.261321462684531491e-01 1.000000000000000056e-01
7.228915662650602769e+01 -3.517653572442557830e-01 1.000000000000000056e-01
7.269076305220883683e+01 -9.027521203454098586e-01 1.000000000000000056e-01
7.309236947791164596e+01 -1.130931079608302081e+00 1.000000000000000056e-01
7.349397590361445509e+01 -1.077044301205642984e+00 1.000000000000000056e-01
7.389558232931726423e+01 -1.042027383467843515e+00 1.000000000000000056e-01
7.429718875502007336e+01 -9.203622344546699141e-01 1.000000000000000056e-01
7.469879518072289670e+01 -7.293500660651409673e-01 1.000000000000000056e-01
7.510040160642570584e+01 -8.440105411360516730e-01 1.000000000000000056e-01
7.550200803212851497e+01 -8.534506204900766946e-01 1.000000000000000056e-01
7.590361445783132410e+01 -7.624923202271192135e-01 1.000000000000000056e-01
7.630522088353413324e+01 -8.314654228991369411e-01 1.000000000000000056e-01
7.670682730923694237e+01 -2.559468498121549307e-01 1.000000000000000056e-01
7.710843373493975150e+01 3.208732417332166298e-01 1.000000000000000056e-01
7.751004016064257485e+01 8.891093093373308998e-01 1.000000000000000056e-01
7.791164658634538398e+01 1.322589124002004901e+00 1.000000000000000056e-01
7.831325301204819311e+01 1.092997441065627129e+00 1.000000000000000056e-01
7.871485943775100225e+01 1.454121201974397426e+00 1.000000000000000056e-01
7.911646586345381138e+01 1.614002697565080080e+00 1.000000000000000056e-01
7.951807228915662051e+01 1.836651899926698750e+00 1.000000000000000056e-01
7.991967871485944386e+01 2.374999102956015129e+00 1.000000000000000056e-01
8.032128514056225299e+01 2.604597956927090507e+00 1.000000000000000056e-01
8.072289156626506212e+01 2.896216253212172020e+00 1.000000000000000056e-01
8.112449799196787126e+01 2.251575542411953901e+00 1.000000000000000056e-01
8.152610441767068039e+01 1.691110450358480177e+00 1.000000000000000056e-01
8.192771084337348952e+01 9.048588796705739901e-01 1.000000000000000056e-01
8.232931726907629866e+01 3.115253783382397335e-01 1.000000000000000056e-01
8.273092369477912200e+01 -7.040095021848175039e-02 1.000000000000000056e-01
8.313253012048193114e+01 4.059178036202337747e-02 1.000000000000000056e-01
8.353413654618474027e+01 1.184074933136907148e-01 1.000000000000000056e-01
8.393574297188754940e+01 -3.980858027618099371e-01 1.000000000000000056e-01
8.433734939759035854e+01 -8.463573569473812341e-01 1.000000000000000056e-01
8.473895582329316767e+01 -1.600846009064122111e+00 1.000000000000000056e-01
8.514056224899597680e+01 -2.268051463166004478e+00 1.000000000000000056e-01
8.554216867469880015e+01 -2.729471446159474013e+00 1.000000000000000056e-01
8.594377510040160928e+01 -2.360566186376033215e+00 1.000000000000000056e-01
8.634538152610441841e+01 -1.898358066948943712e+00 1.000000000000000056e-01
8.674698795180722755e+01 -1.171714683422168779e+00 1.000000000000000056e-01
8.714859437751003668e+01 -5.769001236389320608e-01 1.000000000000000056e-01
8.755020080321284581e+01 -8.107823129772413762e-02 1.000000000000000056e-01
8.795180722891566916e+01 3.995581694419168550e-01 1.000000000000000056e-01
8.835341365461847829e+01 3.555109541243463012e-01 1.000000000000000056e-01
8.875502008032128742e+01 9.707707198925273617e-02 1.000000000000000056e-01
8.915662650602409656e+01 -4.530180965340986909e-01 1.000000000000000056e-01
8.955823293172690569e+01 -9.187144194704558453e-01 1.000000000000000056e-01
8.995983935742971482e+01 -1.054471669100632614e+00 1.000000000000000056e-01
9.036144578313252396e+01 -4.106080722991683474e-01 1.000000000000000056e-01
9.076305220883534730e+01 3.553949596773161024e-01 1.000000000000000056e-01
9.116465863453815643e+01 1.181982019972704023e+00 1.000000000000000056e-01
9.156626506024096557e+01 1.611278910821480892e+00 1.000000000000000056e-01
9.196787148594377470e+01 1.666405234522498002e+00 1.000000000000000056e-01
9.236947791164658383e+01 1.276180455029196636e+00 1.000000000000000056e-01
9.277108433734939297e+01 8.863960531305445922e-01 1.000000000000000056e-01
9.317269076305220210e+01 4.665485620614301943e-01 1.000000000000000056e-01
9.357429718875502545e+01 1.642802792045830462e-01 1.000000000000000056e-01
9.397590361445783458e+01 -1.506970162702373772e-01 1.000000000000000056e-01
9.437751004016064371e+01 1.354715198310697810e-02 1.000000000000000056e-01
9.477911646586345285e+01 -2.629242661450708063e-01 1.000000000000000056e-01
9.518072289156626198e+01 -4.102664658671618114e-01 1.000000000000000056e-01
9.558232931726907111e+01 -1.058957382040908612e+00 1.000000000000000056e-01
9.598393574297188025e+01 -1.327087452965554970e+00 1.000000000000000056e-01
9.638554216867470359e+01 -9.589534099304349857e-01 1.000000000000000056e-01
9.678714859437751272e+01 -3.034318945073576912e-01 1.000000000000000056e-01
9.718875502008032186e+01 7.150466679871178011e-01 1.000000000000000056e-01
9.759036144578313099e+01 1.460529445103859292e+00 1.000000000000000056e-01
9.799196787148594012e+01 1.777384508537426466e+00 1.000000000000000056e-01
9.839357429718874926e+01 1.882863809355199480e+00 1.000000000000000056e-01
9.879518072289157260e+01 2.065294417282341310e+00 1.000000000000000056e-01
9.919678714859438173e+01 1.650827881147467036e+00 1.000000000000000056e-01
9.959839357429719087e+01 1.897580935707197325e+00 1.000000000000000056e-01
1.000000000000000000e+02 1.520366177119999884e+00 1.000000000000000056e-01
