0.000000000000000000e+00 6.923316774038330568e-01 1.000000000000000056e-01
4.016064257028112428e-01 7.247537314298507782e-01 1.000000000000000056e-01
8.032128514056224855e-01 5.569810377267608859e-01 1.000000000000000056e-01
1.204819277108433617e+00 4.420748004942772758e-01 1.000000000000000056e-01
1.606425702811244971e+00 5.089007496633011218e-01 1.000000000000000056e-01
2.008032128514056325e+00 5.940033380339684310e-01 1.000000000000000056e-01
2.409638554216867234e+00 7.268642047248861093e-01 1.000000000000000056e-01
2.811244979919678588e+00 7.610940751246337843e-01 1.000000000000000056e-01
3.212851405622489942e+00 9.150498113848287707e-01 1.000000000000000056e-01
3.614457831325301296e+00 8.312399468413865788e-01 1.000000000000000056e-01
4.016064257028112650e+00 1.208298565116580070e+00 1.000000000000000056e-01
4.417670682730923559e+00 1.389396290992511940e+00 1.000000000000000056e-01
4.819277108433734469e+00 1.032652769219712940e+00 1.000000000000000056e-01
5.220883534136546267e+00 1.325220649131795714e+00 1.000000000000000056e-01
5.622489959839357176e+00 1.477217109913919968e+00 1.000000000000000056e-01
6.024096385542168974e+00 1.682231586228513986e+00 1.000000000000000056e-01
6.425702811244979884e+00 1.878162675166016093e+00 1.000000000000000056e-01
6.827309236947790794e+00 1.486648110310476056e+00 1.000000000000000056e-01
7.228915662650602592e+00 1.360600684703324514e+00 1.000000000000000056e-01
7.630522088353413501e+00 1.207062557451551221e+00 1.000000000000000056e-01
8.032128514056225299e+00 7.286519449420112426e-01 1.000000000000000056e-01
8.433734939759036209e+00 1.270395393629707992e-01 1.000000000000000056e-01
8.835341365461847118e+00 -5.893359546159649964e-01 1.000000000000000056e-01
9.236947791164658028e+00 -1.186114302257455400e+00 1.000000000000000056e-01
9.638554216867468938e+00 -1.728588389831337668e+00 1.000000000000000056e-01
1.004016064257028162e+01 -2.365104460904151829e+00 1.000000000000000056e-01
1.044176706827309253e+01 -2.880328419887375091e+00 1.000000000000000056e-01
1.084337349397590344e+01 -2.890914985187267749e+00 1.000000000000000056e-01
1.124497991967871435e+01 -3.208886426474391040e+00 1.000000000000000056e-01
1.164658634538152526e+01 -2.834021583799297694e+00 1.000000000000000056e-01
1.204819277108433795e+01 -2.343112038272942677e+00 1.000000000000000056e-01
1.244979919678714886e+01 -1.824660469932263718e+00 1.000000000000000056e-01
1.285140562248995977e+01 -1.177778348208836423e+00 1.000000000000000056e-01
1.325301204819277068e+01 -2.003380884771628623e-01 1.000000000000000056e-01
1.365461847389558159e+01 5.717090961385653536e-01 1.000000000000000056e-01
1.405622489959839427e+01 1.537054021125072945e+00 1.000000000000000056e-01
1.445783132530120518e+01 1.941537129272565609e+00 1.000000000000000056e-01
1.485943775100401609e+01 2.613461437328451709e+00 1.000000000000000056e-01
1.526104417670682700e+01 2.857478626847211434e+00 1.000000000000000056e-01
1.566265060240963791e+01 3.005710750218283156e+00 1.000000000000000056e-01
1.606425702811245060e+01 3.028615941348693941e+00 1.000000000000000056e-01
1.646586345381525973e+01 2.929519636799848392e+00 1.000000000000000056e-01
1.686746987951807242e+01 2.768321278544950026e+00 1.000000000000000056e-01
1.726907630522088510e+01 2.646080013096901329e+00 1.000000000000000056e-01
1.767068273092369424e+01 2.439681175310035588e+00 1.000000000000000056e-01
1.807228915662650692e+01 2.373652256973907360e+00 1.000000000000000056e-01
1.847389558232931606e+01 2.395486842184833431e+00 1.000000000000000056e-01
1.887550200803212874e+01 2.444352458756203994e+00 1.000000000000000056e-01
1.927710843373493788e+01 2.016953868314045994e+00 1.000000000000000056e-01
1.967871485943775056e+01 1.808040455058160356e+00 1.000000000000000056e-01
2.008032128514056325e+01 1.744003447385076511e+00 1.000000000000000056e-01
2.048192771084337238e+01 1.497749031247859186e+00 1.000000000000000056e-01
2.088353413654618507e+01 1.295702656998745317e+00 1.000000000000000056e-01
2.128514056224899420e+01 1.283986246601666714e+00 1.000000000000000056e-01
2.168674698795180689e+01 1.097425592425021357e+00 1.000000000000000056e-01
2.208835341365461957e+01 8.539855447392492582e-01 1.000000000000000056e-01
2.248995983935742871e+01 7.870913285960915440e-01 1.000000000000000056e-01
2.289156626506024139e+01 9.828916361562434201e-01 1.000000000000000056e-01
2.329317269076305053e+01 1.122107525552116680e+00 1.000000000000000056e-01
2.369477911646586321e+01 1.425014438161252173e+00 1.000000000000000056e-01
2.409638554216867590e+01 1.796693348236282350e+00 1.000000000000000056e-01
2.449799196787148503e+01 2.092967748058419453e+00 1.000000000000000056e-01
2.489959839357429772e+01 2.488208193634121379e+00 1.000000000000000056e-01
2.530120481927710685e+01 2.674909924966622832e+00 1.000000000000000056e-01
2.570281124497991954e+01 3.008909108492660689e+00 1.000000000000000056e-01
2.610441767068273222e+01 3.025107846693273483e+00 1.000000000000000056e-01
2.650602409638554136e+01 2.811733326914422459e+00 1.000000000000000056e-01
2.690763052208835404e+01 2.786017828878306624e+00 1.000000000000000056e-01
2.730923694779116317e+01 2.474283854939912430e+00 1.000000000000000056e-01
2.771084337349397586e+01 1.925689889424809564e+00 1.000000000000000056e-01
2.811244979919678855e+01 1.258024944452451610e+00 1.000000000000000056e-01
2.851405622489959768e+01 8.874040687924507065e-01 1.000000000000000056e-01
2.891566265060241037e+01 3.483608088292712290e-01 1.000000000000000056e-01
2.931726907630521950e+01 -1.828853903564691130e-01 1.000000000000000056e-01
2.971887550200803219e+01 -7.369636055412324138e-01 1.000000000000000056e-01
3.012048192771084487e+01 -1.163814659152316855e+00 1.000000000000000056e-01
3.052208835341365400e+01 -1.588453405613958758e+00 1.000000000000000056e-01
3.092369477911646669e+01 -2.045497808330707379e+00 1.000000000000000056e-01
3.132530120481927582e+01 -2.350687803219281946e+00 1.000000000000000056e-01
3.172690763052208851e+01 -2.609405390892888033e+00 1.000000000000000056e-01
3.212851405622490120e+01 -2.866461026189084826e+00 1.000000000000000056e-01
3.253012048192771033e+01 -2.963855598919515444e+00 1.000000000000000056e-01
3.293172690763051946e+01 -2.969141889558147618e+00 1.000000000000000056e-01
3.333333333333333570e+01 -2.792549219602290744e+00 1.000000000000000056e-01
3.373493975903614484e+01 -2.749641336214229348e+00 1.000000000000000056e-01
3.413654618473895397e+01 -2.709377873957167004e+00 1.000000000000000056e-01
3.453815261044177021e+01 -2.378230604617510568e+00 1.000000000000000056e-01
3.493975903614457934e+01 -2.015505035599609585e+00 1.000000000000000056e-01
3.534136546184738847e+01 -2.229431783225731323e+00 1.000000000000000056e-01
3.574297188755019761e+01 -1.911121720448844208e+00 1.000000000000000056e-01
3.614457831325301385e+01 -1.900061248017583804e+00 1.000000000000000056e-01
3.654618473895582298e+01 -1.738945490119254256e+00 1.000000000000000056e-01
3.694779116465863211e+01 -1.546257141965047266e+00 1.000000000000000056e-01
3.734939759036144835e+01 -1.666015915815248549e+00 1.000000000000000056e-01
3.775100401606425748e+01 -1.615285636633610800e+00 1.000000000000000056e-01
3.815261044176706662e+01 -1.573717843895706903e+00 1.000000000000000056e-01
3.855421686746987575e+01 -1.385425534173716278e+00 1.000000000000000056e-01
3.895582329317269199e+01 -1.215627325764131239e+00 1.000000000000000056e-01
3.935742971887550112e+01 -1.303914134605303810e+00 1.000000000000000056e-01
3.975903614457831026e+01 -1.165857196977427623e+00 1.000000000000000056e-01
4.016064257028112650e+01 -1.083218456812990116e+00 1.000000000000000056e-01
4.056224899598393563e+01 -7.735333760044188489e-01 1.000000000000000056e-01
4.096385542168674476e+01 -6.594055180448031850e-01 1.000000000000000056e-01
4.136546184738956100e+01 -5.934192059978796729e-01 1.000000000000000056e-01
4.176706827309237013e+01 -5.494072552611993787e-01 1.000000000000000056e-01
4.216867469879517927e+01 -3.722967641392361249e-01 1.000000000000000056e-01
4.257028112449798840e+01 -4.278835371438394763e-01 1.000000000000000056e-01
4.297188755020080464e+01 -2.602988599397156322e-01 1.000000000000000056e-01
4.337349397590361377e+01 -2.963693838187757557e-01 1.000000000000000056e-01
4.377510040160642291e+01 -9.536988326429809981e-02 1.000000000000000056e-01
4.417670682730923915e+01 1.039951223961132348e-01 1.000000000000000056e-01
4.457831325301204828e+01 1.168917383053487691e-01 1.000000000000000056e-01
4.497991967871485741e+01 -1.448716265062262032e-01 1.000000000000000056e-01
4.538152610441767365e+01 1.466194976587466281e-02 1.000000000000000056e-01
4.578313253012048278e+01 1.959341039465562623e-02 1.000000000000000056e-01
4.618473895582329192e+01 -9.574304649817752533e-02 1.000000000000000056e-01
4.658634538152610105e+01 -5.406005511304574906e-02 1.000000000000000056e-01
4.698795180722891729e+01 3.845250384562594326e-02 1.000000000000000056e-01
4.738955823293172642e+01 2.736739714542892887e-01 1.000000000000000056e-01
4.779116465863453556e+01 2.199867638619219523e-01 1.000000000000000056e-01
4.819277108433735179e+01 2.771244819864554509e-01 1.000000000000000056e-01
4.859437751004016093e+01 5.540460616883154943e-01 1.000000000000000056e-01
4.899598393574297006e+01 7.277888289115365117e-01 1.000000000000000056e-01
4.939759036144578630e+01 8.011517363495928024e-01 1.000000000000000056e-01
4.979919678714859543e+01 7.932598881777765953e-01 1.000000000000000056e-01
5.020080321285140457e+01 5.949970309453793682e-01 1.000000000000000056e-01
5.060240963855421370e+01 7.428303207206938819e-01 1.000000000000000056e-01
5.100401606425702994e+01 5.199840519366918379e-01 1.000000000000000056e-01
5.140562248995983907e+01 4.585337664978889616e-01 1.000000000000000056e-01
5.180722891566264821e+01 1.203983185983129034e-02 1.000000000000000056e-01
5.220883534136546444e+01 -1.924337349491305749e-01 1.000000000000000056e-01
5.261044176706827358e+01 -1.207855103855571960e-01 1.000000000000000056e-01
5.301204819277108271e+01 -2.942895304755350772e-01 1.000000000000000056e-01
5.341365461847389184e+01 -2.966169677937617322e-01 1.000000000000000056e-01
5.381526104417670808e+01 -4.880539225705136097e-01 1.000000000000000056e-01
5.421686746987951722e+01 -4.967591231838476284e-01 1.000000000000000056e-01
5.461847389558232635e+01 -7.182744926355675297e-01 1.000000000000000056e-01
5.502008032128514259e+01 -8.485352347118551020e-01 1.000000000000000056e-01
5.542168674698795172e+01 -1.230912787062326652e+00 1.000000000000000056e-01
5.582329317269076085e+01 -1.625193210871708871e+00 1.000000000000000056e-01
5.622489959839357709e+01 -1.773224289851012214e+00 1.000000000000000056e-01
5.662650602409638623e+01 -1.851095482763366107e+00 1.000000000000000056e-01
5.702811244979919536e+01 -2.290312646199593516e+00 1.000000000000000056e-01
5.742971887550200449e+01 -2.428330614470470827e+00 1.000000000000000056e-01
5.783132530120482073e+01 -2.106878455448972787e+00 1.000000000000000056e-01
5.823293172690762987e+01 -2.071036412676156679e+00 1.000000000000000056e-01
5.863453815261043900e+01 -1.785451415239545536e+00 1.000000000000000056e-01
5.903614457831325524e+01 -1.581384265078029872e+00 1.000000000000000056e-01
5.943775100401606437e+01 -1.256525627592099292e+00 1.000000000000000056e-01
5.983935742971887350e+01 -1.108730808636995802e+00 1.000000000000000056e-01
6.024096385542168974e+01 -8.561423807583246059e-01 1.000000000000000056e-01
6.064257028112449888e+01 -4.330168899216964573e-01 1.000000000000000056e-01
6.104417670682730801e+01 -3.254858193129343547e-01 1.000000000000000056e-01
6.144578313253011714e+01 -6.314106459652205072e-02 1.000000000000000056e-01
6.184738955823293338e+01 -1.931603007249294013e-02 1.000000000000000056e-01
6.224899598393574252e+01 2.124373149989369214e-01 1.000000000000000056e-01
6.265060240963855165e+01 2.864225630661197397e-01 1.000000000000000056e-01
6.305220883534136789e+01 4.433458093482643414e-01 1.000000000000000056e-01
6.345381526104417702e+01 5.825792222058243652e-01 1.000000000000000056e-01
6.385542168674698615e+01 6.564803743033030825e-01 1.000000000000000056e-01
6.425702811244980239e+01 8.876831256629430511e-01 1.000000000000000056e-01
6.465863453815261153e+01 1.207313625393842127e+00 1.000000000000000056e-01
6.506024096385542066e+01 1.684105358287497189e+00 1.000000000000000056e-01
6.546184738955822979e+01 1.848395214530238917e+00 1.000000000000000056e-01
6.586345381526103893e+01 2.179139220790679676e+00 1.000000000000000056e-01
6.626506024096384806e+01 2.240859491494761713e+00 1.000000000000000056e-01
6.666666666666667140e+01 2.453916289179395971e+00 1.000000000000000056e-01
6.706827309236948054e+01 2.335535365614615610e+00 1.000000000000000056e-01
6.746987951807228967e+01 2.171240050716956027e+00 1.000000000000000056e-01
6.787148594377509880e+01 1.897124625809252008e+00 1.000000000000000056e-01
6.827309236947790794e+01 1.425592547397816379e+00 1.000000000000000056e-01
6.867469879518071707e+01 1.093304541107489536e+00 1.000000000000000056e-01
6.907630522088354041e+01 4.396664895565020048e-01 1.000000000000000056e-01
6.947791164658634955e+01 -1.571096747005897576e-01 1.000000000000000056e-01
6.987951807228915868e+01 -4.368484341458760412e-01 1.000000000000000056e-01
7.028112449799196781e+01 -7.709978232707935808e-01 1.000000000000000056e-01
7.068273092369477695e+01 -9.544314226156039860e-01 1.000000000000000056e-01
7.108433734939758608e+01 -8.554133568065129811e-01 1.000000000000000056e-01
7.148594377510039521e+01 -3.897565473166899053e-01 1.000000000000000056e-01
7.188755020080321856e+01 -3.295718353983266291e-01 1.000000000000000056e-01
7.228915662650602769e+01 2.904595994101480949e-01 1.000000000000000056e-01
7.269076305220883683e+01 5.631828796243950608e-01 1.000000000000000056e-01
7.309236947791164596e+01 8.230942288325006073e-01 1.000000000000000056e-01
7.349397590361445509e+01 1.194350880937269377e+00 1.000000000000000056e-01
7.389558232931726423e+01 1.164979153846146032e+00 1.000000000000000056e-01
7.429718875502007336e+01 1.035594814144121356e+00 1.000000000000000056e-01
7.469879518072289670e+01 9.841422067769253212e-01 1.000000000000000056e-01
7.510040160642570584e+01 8.033788550483593749e-01 1.000000000000000056e-01
7.550200803212851497e+01 7.674018504723759682e-01 1.000000000000000056e-01
7.590361445783132410e+01 7.585093335737701503e-01 1.000000000000000056e-01
7.630522088353413324e+01 5.199154548733692094e-01 1.000000000000000056e-01
7.670682730923694237e+01 6.160930562286388579e-01 1.000000000000000056e-01
7.710843373493975150e+01 9.702118536500143886e-01 1.000000000000000056e-01
7.751004016064257485e+01 6.762879986090317708e-01 1.000000000000000056e-01
7.791164658634538398e+01 7.521536048960337784e-01 1.000000000000000056e-01
7.831325301204819311e+01 1.040678419576265279e+00 1.000000000000000056e-01
7.871485943775100225e+01 9.043591868430710390e-01 1.000000000000000056e-01
7.911646586345381138e+01 9.804058862340249147e-01 1.000000000000000056e-01
7.951807228915662051e+01 9.949033904889158508e-01 1.000000000000000056e-01
7.991967871485944386e+01 8.056523277955739415e-01 1.000000000000000056e-01
8.032128514056225299e+01 3.298614583551680579e-01 1.000000000000000056e-01
8.072289156626506212e+01 3.754535756091838539e-01 1.000000000000000056e-01
8.112449799196787126e+01 2.190004654361358549e-01 1.000000000000000056e-01
8.152610441767068039e+01 -3.671772197379088443e-01 1.000000000000000056e-01
8.192771084337348952e+01 -6.731904055323603142e-01 1.000000000000000056e-01
8.232931726907629866e+01 -1.062657944452244818e+00 1.000000000000000056e-01
8.273092369477912200e+01 -1.212876918948524008e+00 1.000000000000000056e-01
8.313253012048193114e+01 -1.487948222624643435e+00 1.000000000000000056e-01
8.353413654618474027e+01 -1.484240601132023940e+00 1.000000000000000056e-01
8.393574297188754940e+01 -1.214310218746595504e+00 1.000000000000000056e-01
8.433734939759035854e+01 -7.549290175814264980e-01 1.000000000000000056e-01
8.473895582329316767e+01 -7.433747248496268556e-01 1.000000000000000056e-01
8.514056224899597680e+01 -4.163696697164314675e-01 1.000000000000000056e-01
8.554216867469880015e+01 -9.327726218443614659e-02 1.000000000000000056e-01
8.594377510040160928e+01 -6.559467634173106465e-02 1.000000000000000056e-01
8.634538152610441841e+01 1.162942522982829963e-01 1.000000000000000056e-01
8.674698795180722755e+01 2.150831775705030202e-01 1.000000000000000056e-01
8.714859437751003668e+01 2.012858291889703388e-01 1.000000000000000056e-01
8.755020080321284581e+01 2.254857670680558979e-01 1.000000000000000056e-01
8.795180722891566916e+01 6.476193512298178412e-02 1.000000000000000056e-01
8.835341365461847829e+01 3.563716034896760587e-01 1.000000000000000056e-01
8.875502008032128742e+01 4.871489769354973021e-01 1.000000000000000056e-01
8.915662650602409656e+01 7.210555283978566932e-01 1.000000000000000056e-01
8.955823293172690569e+01 1.074131785315160403e+00 1.000000000000000056e-01
8.995983935742971482e+01 1.128335124832338554e+00 1.000000000000000056e-01
9.036144578313252396e+01 1.205973345548736253e+00 1.000000000000000056e-01
9.076305220883534730e+01 1.279486154863822112e+00 1.000000000000000056e-01
9.116465863453815643e+01 1.334598208624580229e+00 1.000000000000000056e-01
9.156626506024096557e+01 1.129699338929606167e+00 1.000000000000000056e-01
9.196787148594377470e+01 1.035913227304448903e+00 1.000000000000000056e-01
9.236947791164658383e+01 9.309511106359686927e-01 1.000000000000000056e-01
9.277108433734939297e+01 5.963156295825962072e-01 1.000000000000000056e-01
9.317269076305220210e+01 3.931061821962697489e-01 1.000000000000000056e-01
9.357429718875502545e+01 1.765729121521106282e-03 1.000000000000000056e-01
9.397590361445783458e+01 1.828235993380586677e-01 1.000000000000000056e-01
9.437751004016064371e+01 -6.786879357216375752e-02 1.000000000000000056e-01
9.477911646586345285e+01 2.054332235521646455e-01 1.000000000000000056e-01
9.518072289156626198e+01 2.229741874992557937e-01 1.000000000000000056e-01
9.558232931726907111e+01 5.595251808879394551e-01 1.000000000000000056e-01
9.598393574297188025e+01 7.816930066969453028e-01 1.000000000000000056e-01
9.638554216867470359e+01 1.093477000842910885e+00 1.000000000000000056e-01
9.678714859437751272e+01 1.079078112272597645e+00 1.000000000000000056e-01
9.718875502008032186e+01 1.372258422466897443e+00 1.000000000000000056e-01
9.759036144578313099e+01 1.200764080329086436e+00 1.000000000000000056e-01
9.799196787148594012e+01 7.097526013730857120e-01 1.000000000000000056e-01
9.839357429718874926e+01 7.244583648516516039e-01 1.000000000000000056e-01
9.879518072289157260e+01 1.231475429605483202e-01 1.000000000000000056e-01
9.919678714859438173e+01 -2.506374159300822080e-01 1.000000000000000056e-01
9.959839357429719087e+01 -6.865852248100741129e-01 1.000000000000000056e-01
1.000000000000000000e+02 -1.305197927467187657e+00 1.000000000000000056e-01
