0.000000000000000000e+00 -2.028603586803352954e+00 1.000000000000000056e-01
4.016064257028112428e-01 -1.631257773700595326e+00 1.000000000000000056e-01
8.032128514056224855e-01 -1.246082812424506026e+00 1.000000000000000056e-01
1.204819277108433617e+00 -7.706888419147266411e-01 1.000000000000000056e-01
1.606425702811244971e+00 -5.150189076672141431e-01 1.000000000000000056e-01
2.008032128514056325e+00 -1.342582270216041429e-01 1.000000000000000056e-01
2.409638554216867234e+00 1.188168318675777435e-01 1.000000000000000056e-01
2.811244979919678588e+00 2.762246388857044210e-01 1.000000000000000056e-01
3.212851405622489942e+00 9.257840701835738928e-01 1.000000000000000056e-01
3.614457831325301296e+00 9.721649770289380044e-01 1.000000000000000056e-01
4.016064257028112650e+00 1.521809169434139797e+00 1.000000000000000056e-01
4.417670682730923559e+00 1.722601360323945396e+00 1.000000000000000056e-01
4.819277108433734469e+00 1.735833826896340470e+00 1.000000000000000056e-01
5.220883534136546267e+00 1.613776326793987081e+00 1.000000000000000056e-01
5.622489959839357176e+00 1.189484502539317701e+00 1.000000000000000056e-01
6.024096385542168974e+00 7.790136357310902815e-01 1.000000000000000056e-01
6.425702811244979884e+00 1.744420433358011280e-01 1.000000000000000056e-01
6.827309236947790794e+00 -3.599820003152434111e-01 1.000000000000000056e-01
7.228915662650602592e+00 -8.436245764599010766e-01 1.000000000000000056e-01
7.630522088353413501e+00 -1.118930396741507405e+00 1.000000000000000056e-01
8.032128514056225299e+00 -1.244442619294804375e+00 1.000000000000000056e-01
8.433734939759036209e+00 -9.891218335837422826e-01 1.000000000000000056e-01
8.835341365461847118e+00 -9.063947236767918580e-01 1.000000000000000056e-01
9.236947791164658028e+00 -4.786983635121543346e-01 1.000000000000000056e-01
9.638554216867468938e+00 -5.744912252006822984e-03 1.000000000000000056e-01
1.004016064257028162e+01 3.865937270953033744e-01 1.000000000000000056e-01
1.044176706827309253e+01 8.634318204726734169e-01 1.000000000000000056e-01
1.084337349397590344e+01 1.397926169446205069e+00 1.000000000000000056e-01
1.124497991967871435e+01 1.752796851066253270e+00 1.000000000000000056e-01
1.164658634538152526e+01 1.850919858108465821e+00 1.000000000000000056e-01
1.204819277108433795e+01 2.064356260616850403e+00 1.000000000000000056e-01
1.244979919678714886e+01 1.970296352363163805e+00 1.000000000000000056e-01
1.285140562248995977e+01 1.928239444064934638e+00 1.000000000000000056e-01
1.325301204819277068e+01 1.812757732580194237e+00 1.000000000000000056e-01
1.365461847389558159e+01 1.939270308620517413e+00 1.000000000000000056e-01
1.405622489959839427e+01 1.462108971664219048e+00 1.000000000000000056e-01
1.445783132530120518e+01 1.305632634406850068e+00 1.000000000000000056e-01
1.485943775100401609e+01 1.248110138847626338e+00 1.000000000000000056e-01
1.526104417670682700e+01 9.866394549291565008e-01 1.000000000000000056e-01
1.566265060240963791e+01 8.949082678624445952e-01 1.000000000000000056e-01
1.606425702811245060e+01 6.803880106339250666e-01 1.000000000000000056e-01
1.646586345381525973e+01 5.681127035965487515e-01 1.000000000000000056e-01
1.686746987951807242e+01 5.649167218517983091e-01 1.000000000000000056e-01
1.726907630522088510e+01 4.771483111367615382e-01 1.000000000000000056e-01
1.767068273092369424e+01 3.209209673177810807e-01 1.000000000000000056e-01
1.807228915662650692e+01 5.919889047439388374e-01 1.000000000000000056e-01
1.847389558232931606e+01 4.081320628120210792e-01 1.000000000000000056e-01
1.887550200803212874e+01 8.287595426112990271e-01 1.000000000000000056e-01
1.927710843373493788e+01 9.010875005701839413e-01 1.000000000000000056e-01
1.967871485943775056e+01 1.085450328240435303e+00 1.000000000000000056e-01
2.008032128514056325e+01 1.211856311473072934e+00 1.000000000000000056e-01
2.048192771084337238e+01 1.303678749138687198e+00 1.000000000000000056e-01
2.088353413654618507e+01 8.830177636341429714e-01 1.000000000000000056e-01
2.128514056224899420e+01 7.901298819943241014e-01 1.000000000000000056e-01
2.168674698795180689e+01 8.937031468244253096e-01 1.000000000000000056e-01
2.208835341365461957e+01 5.800405363358699384e-01 1.000000000000000056e-01
2.248995983935742871e+01 4.114709405115561935e-01 1.000000000000000056e-01
2.289156626506024139e+01 5.021804148016262292e-01 1.000000000000000056e-01
2.329317269076305053e+01 6.743565828697686282e-01 1.000000000000000056e-01
2.369477911646586321e+01 7.811590301586178731e-01 1.000000000000000056e-01
2.409638554216867590e+01 6.921467154955687207e-01 1.000000000000000056e-01
2.449799196787148503e+01 9.748090012699640594e-01 1.000000000000000056e-01
2.489959839357429772e+01 9.101312449887367650e-01 1.000000000000000056e-01
2.530120481927710685e+01 9.059145195407133366e-01 1.000000000000000056e-01
2.570281124497991954e+01 9.916375420322385281e-01 1.000000000000000056e-01
2.610441767068273222e+01 9.674165145407132016e-01 1.000000000000000056e-01
2.650602409638554136e+01 1.169985405302787385e+00 1.000000000000000056e-01
2.690763052208835404e+01 1.273961805333286623e+00 1.000000000000000056e-01
2.730923694779116317e+01 1.001226211793992960e+00 1.000000000000000056e-01
2.771084337349397586e+01 1.398467857001230996e+00 1.000000000000000056e-01
2.811244979919678855e+01 1.583548303070670071e+00 1.000000000000000056e-01
2.851405622489959768e+01 1.744836981713985269e+00 1.000000000000000056e-01
2.891566265060241037e+01 1.784029935194983096e+00 1.000000000000000056e-01
2.931726907630521950e+01 1.914765591171707859e+00 1.000000000000000056e-01
2.971887550200803219e+01 2.104389859227585369e+00 1.000000000000000056e-01
3.012048192771084487e+01 1.958630817701959570e+00 1.000000000000000056e-01
3.052208835341365400e+01 1.799260647873378804e+00 1.000000000000000056e-01
3.092369477911646669e+01 1.744393251959404090e+00 1.000000000000000056e-01
3.132530120481927582e+01 1.706607630333496495e+00 1.000000000000000056e-01
3.172690763052208851e+01 1.758593724349399645e+00 1.000000000000000056e-01
3.212851405622490120e+01 1.692947841382044016e+00 1.000000000000000056e-01
3.253012048192771033e+01 1.350888322115418871e+00 1.000000000000000056e-01
3.293172690763051946e+01 9.336297470250024544e-01 1.000000000000000056e-01
3.333333333333333570e+01 6.627036943700865823e-01 1.000000000000000056e-01
3.373493975903614484e+01 3.002459273521708161e-01 1.000000000000000056e-01
3.413654618473895397e+01 -1.465686684947383189e-01 1.000000000000000056e-01
3.453815261044177021e+01 -6.861420186324046488e-01 1.000000000000000056e-01
3.493975903614457934e+01 -1.165226854794478628e+00 1.000000000000000056e-01
3.534136546184738847e+01 -1.149037881987808207e+00 1.000000000000000056e-01
3.574297188755019761e+01 -1.209013681630536130e+00 1.000000000000000056e-01
3.614457831325301385e+01 -1.245869022849152241e+00 1.000000000000000056e-01
3.654618473895582298e+01 -1.136839243992178616e+00 1.000000000000000056e-01
3.694779116465863211e+01 -7.732758015578133914e-01 1.000000000000000056e-01
3.734939759036144835e+01 -5.050285935073958177e-01 1.000000000000000056e-01
3.775100401606425748e+01 -1.911331830725099268e-02 1.000000000000000056e-01
3.815261044176706662e+01 3.718168395477006727e-01 1.000000000000000056e-01
3.855421686746987575e+01 4.622788767326754256e-01 1.000000000000000056e-01
3.895582329317269199e+01 3.411276169673566616e-01 1.000000000000000056e-01
3.935742971887550112e+01 3.002787149907863995e-01 1.000000000000000056e-01
3.975903614457831026e+01 2.922825583423385720e-02 1.000000000000000056e-01
4.016064257028112650e+01 -1.409203114190278328e-01 1.000000000000000056e-01
4.056224899598393563e+01 -3.256814270647844234e-01 1.000000000000000056e-01
4.096385542168674476e+01 -5.317530829293026784e-01 1.000000000000000056e-01
4.136546184738956100e+01 -1.016734976488213427e+00 1.000000000000000056e-01
4.176706827309237013e+01 -1.067511574095615812e+00 1.000000000000000056e-01
4.216867469879517927e+01 -1.032974477999188068e+00 1.000000000000000056e-01
4.257028112449798840e+01 -1.087290744875864856e+00 1.000000000000000056e-01
4.297188755020080464e+01 -1.252916373707989584e+00 1.000000000000000056e-01
4.337349397590361377e+01 -1.137353504262444304e+00 1.000000000000000056e-01
4.377510040160642291e+01 -8.996919912892558102e-01 1.000000000000000056e-01
4.417670682730923915e+01 -6.907964797326358042e-01 1.000000000000000056e-01
4.457831325301204828e+01 -2.653915243742296370e-01 1.000000000000000056e-01
4.497991967871485741e+01 -2.233414232396829791e-01 1.000000000000000056e-01
4.538152610441767365e+01 -2.590309922144723442e-02 1.000000000000000056e-01
4.578313253012048278e+01 5.457285329942043739e-02 1.000000000000000056e-01
4.618473895582329192e+01 2.341706278313127332e-01 1.000000000000000056e-01
4.658634538152610105e+01 6.290653726352811725e-01 1.000000000000000056e-01
4.698795180722891729e+01 3.484765997204201660e-01 1.000000000000000056e-01
4.738955823293172642e+01 3.168445927373370052e-01 1.000000000000000056e-01
4.779116465863453556e+01 4.962945490877846977e-01 1.000000000000000056e-01
4.819277108433735179e+01 1.722171699302870174e-01 1.000000000000000056e-01
4.859437751004016093e+01 2.202457652084505169e-01 1.000000000000000056e-01
4.899598393574297006e+01 2.068167184460447672e-01 1.000000000000000056e-01
4.939759036144578630e+01 1.380525417524250953e-01 1.000000000000000056e-01
4.979919678714859543e+01 2.668586139274816693e-01 1.000000000000000056e-01
5.020080321285140457e+01 4.087753175285813168e-01 1.000000000000000056e-01
5.060240963855421370e+01 3.994562383729136634e-01 1.000000000000000056e-01
5.100401606425702994e+01 3.602547689380337093e-01 1.000000000000000056e-01
5.140562248995983907e+01 3.526656266773954274e-01 1.000000000000000056e-01
5.180722891566264821e+01 5.195854434823456158e-02 1.000000000000000056e-01
5.220883534136546444e+01 -6.157680239096513519e-02 1.000000000000000056e-01
5.261044176706827358e+01 -5.553202764495402954e-01 1.000000000000000056e-01
5.301204819277108271e+01 -6.148576625385837602e-01 1.000000000000000056e-01
5.341365461847389184e+01 -7.326650992867959067e-01 1.000000000000000056e-01
5.381526104417670808e+01 -1.057799340900543061e+00 1.000000000000000056e-01
5.421686746987951722e+01 -9.877919269679998893e-01 1.000000000000000056e-01
5.461847389558232635e+01 -8.614318425948044311e-01 1.000000000000000056e-01
5.502008032128514259e+01 -8.285594764386292610e-01 1.000000000000000056e-01
5.542168674698795172e+01 -5.735029104253666077e-01 1.000000000000000056e-01
5.582329317269076085e+01 -5.402777434280051638e-01 1.000000000000000056e-01
5.622489959839357709e+01 -3.613261228644777390e-01 1.000000000000000056e-01
5.662650602409638623e+01 -2.632660574802612730e-01 1.000000000000000056e-01
5.702811244979919536e+01 -1.026268506752596732e-01 1.000000000000000056e-01
5.742971887550200449e+01 1.386719131906182512e-01 1.000000000000000056e-01
5.783132530120482073e+01 2.973154693393045833e-01 1.000000000000000056e-01
5.823293172690762987e+01 4.737845500260896570e-01 1.000000000000000056e-01
5.863453815261043900e+01 5.334152463084468332e-01 1.000000000000000056e-01
5.903614457831325524e+01 5.959664456846294200e-01 1.000000000000000056e-01
5.943775100401606437e+01 4.768604784584121181e-01 1.000000000000000056e-01
5.983935742971887350e+01 1.860980839001667442e-01 1.000000000000000056e-01
6.024096385542168974e+01 4.093406650871897479e-02 1.000000000000000056e-01
6.064257028112449888e+01 -5.322956263102868180e-01 1.000000000000000056e-01
6.104417670682730801e+01 -9.415512578028323309e-01 1.000000000000000056e-01
6.144578313253011714e+01 -1.661519820945978276e+00 1.000000000000000056e-01
6.184738955823293338e+01 -1.943104998450833731e+00 1.000000000000000056e-01
6.224899598393574252e+01 -2.391683890218513131e+00 1.000000000000000056e-01
6.265060240963855165e+01 -2.440522432492123528e+00 1.000000000000000056e-01
6.305220883534136789e+01 -2.477203872293184173e+00 1.000000000000000056e-01
6.345381526104417702e+01 -2.193083395078879505e+00 1.000000000000000056e-01
6.385542168674698615e+01 -1.750326240104046471e+00 1.000000000000000056e-01
6.425702811244980239e+01 -1.156040298854438264e+00 1.000000000000000056e-01
6.465863453815261153e+01 -5.985363150336864280e-01 1.000000000000000056e-01
6.506024096385542066e+01 -2.380634474635925923e-02 1.000000000000000056e-01
6.546184738955822979e+01 5.130098247471672757e-01 1.000000000000000056e-01
6.586345381526103893e+01 8.542319509724092264e-01 1.000000000000000056e-01
6.626506024096384806e+01 1.099763307899397358e+00 1.000000000000000056e-01
6.666666666666667140e+01 1.219695431201859082e+00 1.000000000000000056e-01
6.706827309236948054e+01 9.720511827726371346e-01 1.000000000000000056e-01
6.746987951807228967e+01 7.091834515762559521e-01 1.000000000000000056e-01
6.787148594377509880e+01 2.135078277594502638e-01 1.000000000000000056e-01
6.827309236947790794e+01 3.159562913928284922e-03 1.000000000000000056e-01
6.867469879518071707e+01 -2.456248168284294042e-01 1.000000000000000056e-01
6.907630522088354041e+01 -2.674848373912077637e-01 1.000000000000000056e-01
6.947791164658634955e+01 -1.480184998780675609e-01 1.000000000000000056e-01
6.987951807228915868e+01 1.101733883444779294e-01 1.000000000000000056e-01
7.028112449799196781e+01 -5.608519295323970144e-02 1.000000000000000056e-01
7.068273092369477695e+01 1.266032546602686437e-01 1.000000000000000056e-01
7.108433734939758608e+01 1.769129498688736535e-01 1.000000000000000056e-01
7.148594377510039521e+01 -1.563726793664955428e-01 1.000000000000000056e-01
7.188755020080321856e+01 -3.277694849583308034e-01 1.000000000000000056e-01
7.228915662650602769e+01 -5.899999240050157745e-01 1.000000000000000056e-01
7.269076305220883683e+01 -1.313219147803186715e+00 1.000000000000000056e-01
7.309236947791164596e+01 -1.850673083169015687e+00 1.000000000000000056e-01
7.349397590361445509e+01 -2.403385997805107976e+00 1.000000000000000056e-01
7.389558232931726423e+01 -2.509456697774064882e+00 1.000000000000000056e-01
7.429718875502007336e+01 -2.689229048018956014e+00 1.000000000000000056e-01
7.469879518072289670e+01 -2.802170796509229955e+00 1.000000000000000056e-01
7.510040160642570584e+01 -2.880973461249568768e+00 1.000000000000000056e-01
7.550200803212851497e+01 -2.729378585834400628e+00 1.000000000000000056e-01
7.590361445783132410e+01 -2.477264322895146087e+00 1.000000000000000056e-01
7.630522088353413324e+01 -2.354193557270034987e+00 1.000000000000000056e-01
7.670682730923694237e+01 -1.972910931555277969e+00 1.000000000000000056e-01
7.710843373493975150e+01 -1.657798856087631556e+00 1.000000000000000056e-01
7.751004016064257485e+01 -1.449420336955074218e+00 1.000000000000000056e-01
7.791164658634538398e+01 -1.118689753026668843e+00 1.000000000000000056e-01
7.831325301204819311e+01 -7.691153351878274869e-01 1.000000000000000056e-01
7.871485943775100225e+01 -7.028860218288029982e-01 1.000000000000000056e-01
7.911646586345381138e+01 -6.306466550235800828e-01 1.000000000000000056e-01
7.951807228915662051e+01 -6.937807290406204919e-01 1.000000000000000056e-01
7.991967871485944386e+01 -7.477972346989515406e-01 1.000000000000000056e-01
8.032128514056225299e+01 -1.068996327073670205e+00 1.000000000000000056e-01
8.072289156626506212e+01 -1.206540637038324482e+00 1.000000000000000056e-01
8.112449799196787126e+01 -1.488850174119078051e+00 1.000000000000000056e-01
8.152610441767068039e+01 -1.519099025403784164e+00 1.000000000000000056e-01
8.192771084337348952e+01 -1.399982975731484114e+00 1.000000000000000056e-01
8.232931726907629866e+01 -1.219371813300440532e+00 1.000000000000000056e-01
8.273092369477912200e+01 -1.097905037283466223e+00 1.000000000000000056e-01
8.313253012048193114e+01 -9.012331450906270192e-01 1.000000000000000056e-01
8.353413654618474027e+01 -5.112683410745972878e-01 1.000000000000000056e-01
8.393574297188754940e+01 -7.307283676034123654e-02 1.000000000000000056e-01
8.433734939759035854e+01 1.646968120291032733e-02 1.000000000000000056e-01
8.473895582329316767e+01 4.444295029295549648e-01 1.000000000000000056e-01
8.514056224899597680e+01 2.154473724023138470e-01 1.000000000000000056e-01
8.554216867469880015e+01 2.509809803806467565e-01 1.000000000000000056e-01
8.594377510040160928e+01 3.377826183881211808e-01 1.000000000000000056e-01
8.634538152610441841e+01 3.863036295713805912e-01 1.000000000000000056e-01
8.674698795180722755e+01 6.749435625990024556e-01 1.000000000000000056e-01
8.714859437751003668e+01 7.630111544539004420e-01 1.000000000000000056e-01
8.755020080321284581e+01 7.595060553170196460e-01 1.000000000000000056e-01
8.795180722891566916e+01 1.033986723122443108e+00 1.000000000000000056e-01
8.835341365461847829e+01 1.158140490386216692e+00 1.000000000000000056e-01
8.875502008032128742e+01 1.075369681087360751e+00 1.000000000000000056e-01
8.915662650602409656e+01 9.365155666267576118e-01 1.000000000000000056e-01
8.955823293172690569e+01 7.083951944161442915e-01 1.000000000000000056e-01
8.995983935742971482e+01 2.544281867404877273e-01 1.000000000000000056e-01
9.036144578313252396e+01 2.211273932674859000e-01 1.000000000000000056e-01
9.076305220883534730e+01 1.999774637560833290e-01 1.000000000000000056e-01
9.116465863453815643e+01 3.689808701049936968e-01 1.000000000000000056e-01
9.156626506024096557e+01 4.757414890086062997e-01 1.000000000000000056e-01
9.196787148594377470e+01 6.784886272335749480e-01 1.000000000000000056e-01
9.236947791164658383e+01 8.083913330570546840e-01 1.000000000000000056e-01
9.277108433734939297e+01 8.504379544381635014e-01 1.000000000000000056e-01
9.317269076305220210e+01 7.199783303470457252e-01 1.000000000000000056e-01
9.357429718875502545e+01 7.878318187102275605e-01 1.000000000000000056e-01
9.397590361445783458e+01 6.005928987891415716e-01 1.000000000000000056e-01
9.437751004016064371e+01 5.883444596838711682e-01 1.000000000000000056e-01
9.477911646586345285e+01 2.947185797677664976e-02 1.000000000000000056e-01
9.518072289156626198e+01 2.510582546160705086e-01 1.000000000000000056e-01
9.558232931726907111e+01 -8.234757142373204386e-02 1.000000000000000056e-01
9.598393574297188025e+01 -1.877919536155657487e-01 1.000000000000000056e-01
9.638554216867470359e+01 -4.199276171037155669e-01 1.000000000000000056e-01
9.678714859437751272e+01 -4.240872983048285527e-01 1.000000000000000056e-01
9.718875502008032186e+01 -8.143649705826886409e-01 1.000000000000000056e-01
9.759036144578313099e+01 -1.084106433882341403e+00 1.000000000000000056e-01
9.799196787148594012e+01 -1.046459895968554488e+00 1.000000000000000056e-01
9.839357429718874926e+01 -1.117512116654510113e+00 1.000000000000000056e-01
9.879518072289157260e+01 -9.899625161751441915e-01 1.000000000000000056e-01
9.919678714859438173e+01 -7.137279836585338488e-01 1.000000000000000056e-01
9.959839357429719087e+01 -3.884131003534089799e-01 1.000000000000000056e-01
1.000000000000000000e+02 -2.298403796696358858e-01 1.000000000000000056e-01
