0.000000000000000000e+00 2.140734166234012914e+00 1.000000000000000056e-01
4.016064257028112428e-01 2.441300296341538001e+00 1.000000000000000056e-01
8.032128514056224855e-01 2.724673908416308077e+00 1.000000000000000056e-01
1.204819277108433617e+00 3.049226135990713349e+00 1.000000000000000056e-01
1.606425702811244971e+00 3.100979119333324707e+00 1.000000000000000056e-01
2.008032128514056325e+00 2.986088613949837267e+00 1.000000000000000056e-01
2.409638554216867234e+00 2.859154843177423189e+00 1.000000000000000056e-01
2.811244979919678588e+00 2.562126088219345288e+00 1.000000000000000056e-01
3.212851405622489942e+00 2.345095538542841584e+00 1.000000000000000056e-01
3.614457831325301296e+00 2.089907190027907813e+00 1.000000000000000056e-01
4.016064257028112650e+00 1.528254355383396712e+00 1.000000000000000056e-01
4.417670682730923559e+00 7.622414660718872526e-01 1.000000000000000056e-01
4.819277108433734469e+00 2.466144469244097581e-01 1.000000000000000056e-01
5.220883534136546267e+00 1.073996656925699789e-01 1.000000000000000056e-01
5.622489959839357176e+00 7.103512613542398157e-02 1.000000000000000056e-01
6.024096385542168974e+00 3.063485353285724799e-02 1.000000000000000056e-01
6.425702811244979884e+00 3.476956409486395838e-01 1.000000000000000056e-01
6.827309236947790794e+00 4.031206748296185527e-01 1.000000000000000056e-01
7.228915662650602592e+00 8.342600434092530826e-01 1.000000000000000056e-01
7.630522088353413501e+00 6.032151022299250265e-01 1.000000000000000056e-01
8.032128514056225299e+00 5.800405912262698305e-01 1.000000000000000056e-01
8.433734939759036209e+00 4.857175180735795461e-01 1.000000000000000056e-01
8.835341365461847118e+00 -1.840762794926439905e-01 1.000000000000000056e-01
9.236947791164658028e+00 -3.801359943533930141e-01 1.000000000000000056e-01
9.638554216867468938e+00 -6.868347892567896462e-01 1.000000000000000056e-01
1.004016064257028162e+01 -8.490108550383861363e-01 1.000000000000000056e-01
1.044176706827309253e+01 -1.010672547347271522e+00 1.000000000000000056e-01
1.084337349397590344e+01 -1.067914614235394355e+00 1.000000000000000056e-01
1.124497991967871435e+01 -1.170776318526492110e+00 1.000000000000000056e-01
1.164658634538152526e+01 -1.109889236109591781e+00 1.000000000000000056e-01
1.204819277108433795e+01 -1.238934428482607597e+00 1.000000000000000056e-01
1.244979919678714886e+01 -1.031960628292528437e+00 1.000000000000000056e-01
1.285140562248995977e+01 -7.890883149618801440e-01 1.000000000000000056e-01
1.325301204819277068e+01 -2.436422314634701103e-01 1.000000000000000056e-01
1.365461847389558159e+01 4.608350312253034486e-02 1.000000000000000056e-01
1.405622489959839427e+01 3.943822669356000787e-01 1.000000000000000056e-01
1.445783132530120518e+01 8.722515177758299876e-01 1.000000000000000056e-01
1.485943775100401609e+01 9.888965361346654381e-01 1.000000000000000056e-01
1.526104417670682700e+01 1.244409758369786623e+00 1.000000000000000056e-01
1.566265060240963791e+01 1.684463273850651754e+00 1.000000000000000056e-01
1.606425702811245060e+01 1.702102486152374361e+00 1.000000000000000056e-01
1.646586345381525973e+01 1.826342668579125084e+00 1.000000000000000056e-01
1.686746987951807242e+01 1.783029306573951311e+00 1.000000000000000056e-01
1.726907630522088510e+01 1.837839615912040703e+00 1.000000000000000056e-01
1.767068273092369424e+01 1.446695659876315876e+00 1.000000000000000056e-01
1.807228915662650692e+01 1.186804215087328807e+00 1.000000000000000056e-01
1.847389558232931606e+01 8.139516902359572592e-01 1.000000000000000056e-01
1.887550200803212874e+01 4.682553221339308958e-01 1.000000000000000056e-01
1.927710843373493788e+01 2.848857871930081109e-01 1.000000000000000056e-01
1.967871485943775056e+01 1.393837781007299659e-02 1.000000000000000056e-01
2.008032128514056325e+01 -6.415192305697758890e-02 1.000000000000000056e-01
2.048192771084337238e+01 2.599801150688333395e-01 1.000000000000000056e-01
2.088353413654618507e+01 5.215057650262439060e-01 1.000000000000000056e-01
2.128514056224899420e+01 7.765822765472999434e-01 1.000000000000000056e-01
2.168674698795180689e+01 9.760606291622773156e-01 1.000000000000000056e-01
2.208835341365461957e+01 8.473493129513308686e-01 1.000000000000000056e-01
2.248995983935742871e+01 6.731052179290417659e-01 1.000000000000000056e-01
2.289156626506024139e+01 4.267773034854275283e-01 1.000000000000000056e-01
2.329317269076305053e+01 4.818608986814150730e-01 1.000000000000000056e-01
2.369477911646586321e+01 5.088665518492547779e-01 1.000000000000000056e-01
2.409638554216867590e+01 2.511378373331507596e-01 1.000000000000000056e-01
2.449799196787148503e+01 4.301815557138668478e-01 1.000000000000000056e-01
2.489959839357429772e+01 1.312325142494349395e-01 1.000000000000000056e-01
2.530120481927710685e+01 3.090622144155192874e-01 1.000000000000000056e-01
2.570281124497991954e+01 2.168875765568867020e-01 1.000000000000000056e-01
2.610441767068273222e+01 2.429083263146587790e-02 1.000000000000000056e-01
2.650602409638554136e+01 1.898966087149616677e-01 1.000000000000000056e-01
2.690763052208835404e+01 2.835646601084122476e-01 1.000000000000000056e-01
2.730923694779116317e+01 1.831805312717073864e-01 1.000000000000000056e-01
2.771084337349397586e+01 4.045881951723364622e-01 1.000000000000000056e-01
2.811244979919678855e+01 3.555858128642065963e-01 1.000000000000000056e-01
2.851405622489959768e+01 3.016086446018147460e-01 1.000000000000000056e-01
2.891566265060241037e+01 7.232900543793268078e-01 1.000000000000000056e-01
2.931726907630521950e+01 8.450236696072572773e-01 1.000000000000000056e-01
2.971887550200803219e+01 1.151887798910901317e+00 1.000000000000000056e-01
3.012048192771084487e+01 1.390087881150004367e+00 1.000000000000000056e-01
3.052208835341365400e+01 1.907617019819469961e+00 1.000000000000000056e-01
3.092369477911646669e+01 2.148586321238091124e+00 1.000000000000000056e-01
3.132530120481927582e+01 2.199199175989185129e+00 1.000000000000000056e-01
3.172690763052208851e+01 2.081727329125427683e+00 1.000000000000000056e-01
3.212851405622490120e+01 1.854723315444060550e+00 1.000000000000000056e-01
3.253012048192771033e+01 1.447721574372754505e+00 1.000000000000000056e-01
3.293172690763051946e+01 8.236831739262809871e-01 1.000000000000000056e-01
3.333333333333333570e+01 5.347955133714661358e-01 1.000000000000000056e-01
3.373493975903614484e+01 1.400628476075750362e-01 1.000000000000000056e-01
3.413654618473895397e+01 -1.903334143065361916e-02 1.000000000000000056e-01
3.453815261044177021e+01 1.256654546680676526e-02 1.000000000000000056e-01
3.493975903614457934e+01 8.286572155612509372e-02 1.000000000000000056e-01
3.534136546184738847e+01 3.153721589481707777e-01 1.000000000000000056e-01
3.574297188755019761e+01 4.832980347243407415e-01 1.000000000000000056e-01
3.614457831325301385e+01 9.596340867856023582e-01 1.000000000000000056e-01
3.654618473895582298e+01 1.298790361347210487e+00 1.000000000000000056e-01
3.694779116465863211e+01 1.634570720829343404e+00 1.000000000000000056e-01
3.734939759036144835e+01 1.947014407496036492e+00 1.000000000000000056e-01
3.775100401606425748e+01 2.330224752202155525e+00 1.000000000000000056e-01
3.815261044176706662e+01 2.508078019781502022e+00 1.000000000000000056e-01
3.855421686746987575e+01 2.495147731220714871e+00 1.000000000000000056e-01
3.895582329317269199e+01 2.383253476156860451e+00 1.000000000000000056e-01
3.935742971887550112e+01 2.232937077177216345e+00 1.000000000000000056e-01
3.975903614457831026e+01 2.037553541079458963e+00 1.000000000000000056e-01
4.016064257028112650e+01 1.884688277067671613e+00 1.000000000000000056e-01
4.056224899598393563e+01 1.745441063426506068e+00 1.000000000000000056e-01
4.096385542168674476e+01 1.471168691523653260e+00 1.000000000000000056e-01
4.136546184738956100e+01 1.045811850471423332e+00 1.000000000000000056e-01
4.176706827309237013e+01 6.254699627025824826e-01 1.000000000000000056e-01
4.216867469879517927e+01 2.701609913735525947e-01 1.000000000000000056e-01
4.257028112449798840e+01 -1.028945263728064108e-01 1.000000000000000056e-01
4.297188755020080464e+01 -1.609489159802572900e-01 1.000000000000000056e-01
4.337349397590361377e+01 -1.658956343820933710e-01 1.000000000000000056e-01
4.377510040160642291e+01 2.855069803256933825e-01 1.000000000000000056e-01
4.417670682730923915e+01 7.259102383853091034e-01 1.000000000000000056e-01
4.457831325301204828e+01 8.367322681938033080e-01 1.000000000000000056e-01
4.497991967871485741e+01 1.246402846914205664e+00 1.000000000000000056e-01
4.538152610441767365e+01 1.402531484253488392e+00 1.000000000000000056e-01
4.578313253012048278e+01 1.376058530760868814e+00 1.000000000000000056e-01
4.618473895582329192e+01 1.050029180883900182e+00 1.000000000000000056e-01
4.658634538152610105e+01 9.100121704776129583e-01 1.000000000000000056e-01
4.698795180722891729e+01 5.104250660650707649e-01 1.000000000000000056e-01
4.738955823293172642e+01 3.384979332379047801e-01 1.000000000000000056e-01
4.779116465863453556e+01 2.478589385036369108e-01 1.000000000000000056e-01
4.819277108433735179e+01 1.027065150534325760e-01 1.000000000000000056e-01
4.859437751004016093e+01 2.798692508782254507e-01 1.000000000000000056e-01
4.899598393574297006e+01 6.093229254140164475e-01 1.000000000000000056e-01
4.939759036144578630e+01 8.785197291889033089e-01 1.000000000000000056e-01
4.979919678714859543e+01 6.973354970682178466e-01 1.000000000000000056e-01
5.020080321285140457e+01 5.526422973652551640e-01 1.000000000000000056e-01
5.060240963855421370e+01 -3.361482861290864821e-01 1.000000000000000056e-01
5.100401606425702994e+01 -9.115844228833085428e-01 1.000000000000000056e-01
5.140562248995983907e+01 -1.460612662071212098e+00 1.000000000000000056e-01
5.180722891566264821e+01 -1.755388083825169199e+00 1.000000000000000056e-01
5.220883534136546444e+01 -1.593896885484100023e+00 1.000000000000000056e-01
5.261044176706827358e+01 -1.238441756598319454e+00 1.000000000000000056e-01
5.301204819277108271e+01 -9.393324525629019872e-01 1.000000000000000056e-01
5.341365461847389184e+01 -2.559781396889793115e-01 1.000000000000000056e-01
5.381526104417670808e+01 -4.056496067178687326e-02 1.000000000000000056e-01
5.421686746987951722e+01 2.446504686161563025e-01 1.000000000000000056e-01
5.461847389558232635e+01 2.072704673321047186e-01 1.000000000000000056e-01
5.502008032128514259e+01 1.632943233223291268e-01 1.000000000000000056e-01
5.542168674698795172e+01 5.574162037661203328e-01 1.000000000000000056e-01
5.582329317269076085e+01 1.273766424186520974e+00 1.000000000000000056e-01
5.622489959839357709e+01 1.670274535774268765e+00 1.000000000000000056e-01
5.662650602409638623e+01 2.070024893714713432e+00 1.000000000000000056e-01
5.702811244979919536e+01 2.314369929581348018e+00 1.000000000000000056e-01
5.742971887550200449e+01 2.494425220659986842e+00 1.000000000000000056e-01
5.783132530120482073e+01 2.183409991574122966e+00 1.000000000000000056e-01
5.823293172690762987e+01 2.228643596944877459e+00 1.000000000000000056e-01
5.863453815261043900e+01 2.348989170182870012e+00 1.000000000000000056e-01
5.903614457831325524e+01 2.163128622314046900e+00 1.000000000000000056e-01
5.943775100401606437e+01 1.644840193217132152e+00 1.000000000000000056e-01
5.983935742971887350e+01 1.760821882958775175e+00 1.000000000000000056e-01
6.024096385542168974e+01 1.276338653771983411e+00 1.000000000000000056e-01
6.064257028112449888e+01 1.091688423744326508e+00 1.000000000000000056e-01
6.104417670682730801e+01 1.070652008653973253e+00 1.000000000000000056e-01
6.144578313253011714e+01 1.136629364202695447e+00 1.000000000000000056e-01
6.184738955823293338e+01 1.304296923464462798e+00 1.000000000000000056e-01
6.224899598393574252e+01 1.624343072406841060e+00 1.000000000000000056e-01
6.265060240963855165e+01 1.846409844073168660e+00 1.000000000000000056e-01
6.305220883534136789e+01 1.863335572802988782e+00 1.000000000000000056e-01
6.345381526104417702e+01 1.869488080120390139e+00 1.000000000000000056e-01
6.385542168674698615e+01 1.902071479273359955e+00 1.000000000000000056e-01
6.425702811244980239e+01 1.485416932518099031e+00 1.000000000000000056e-01
6.465863453815261153e+01 1.403613566488074671e+00 1.000000000000000056e-01
6.506024096385542066e+01 1.456324710073166884e+00 1.000000000000000056e-01
6.546184738955822979e+01 1.410754099812576046e+00 1.000000000000000056e-01
6.586345381526103893e+01 1.434426956026896072e+00 1.000000000000000056e-01
6.626506024096384806e+01 1.163252449710928671e+00 1.000000000000000056e-01
6.666666666666667140e+01 1.279686639916286284e+00 1.000000000000000056e-01
6.706827309236948054e+01 8.008478668963610048e-01 1.000000000000000056e-01
6.746987951807228967e+01 6.654783499349880005e-01 1.000000000000000056e-01
6.787148594377509880e+01 1.836165244827230314e-01 1.000000000000000056e-01
6.827309236947790794e+01 -1.783831474198186995e-01 1.000000000000000056e-01
6.867469879518071707e+01 -3.838954614024119305e-01 1.000000000000000056e-01
6.907630522088354041e+01 -6.174345475394019678e-01 1.000000000000000056e-01
6.947791164658634955e+01 -9.135233684678039090e-01 1.000000000000000056e-01
6.987951807228915868e+01 -9.060754091584969361e-01 1.000000000000000056e-01
7.028112449799196781e+01 -8.685618422461294230e-01 1.000000000000000056e-01
7.068273092369477695e+01 -1.040489458019835833e+00 1.000000000000000056e-01
7.108433734939758608e+01 -1.142593779640829865e+00 1.000000000000000056e-01
7.148594377510039521e+01 -1.459927401545201286e+00 1.000000000000000056e-01
7.188755020080321856e+01 -1.418626200820310324e+00 1.000000000000000056e-01
7.228915662650602769e+01 -1.672800695174948560e+00 1.000000000000000056e-01
7.269076305220883683e+01 -1.768655001666153970e+00 1.000000000000000056e-01
7.309236947791164596e+01 -1.947656140992716001e+00 1.000000000000000056e-01
7.349397590361445509e+01 -1.965906250733838512e+00 1.000000000000000056e-01
7.389558232931726423e+01 -2.266915208534616255e+00 1.000000000000000056e-01
7.429718875502007336e+01 -1.792400755777579624e+00 1.000000000000000056e-01
7.469879518072289670e+01 -1.368129167785959943e+00 1.000000000000000056e-01
7.510040160642570584e+01 -9.163294526028243903e-01 1.000000000000000056e-01
7.550200803212851497e+01 -8.016106046849608147e-01 1.000000000000000056e-01
7.590361445783132410e+01 -5.819127061456434991e-01 1.000000000000000056e-01
7.630522088353413324e+01 -8.944963435845909583e-01 1.000000000000000056e-01
7.670682730923694237e+01 -1.028221686529251722e+00 1.000000000000000056e-01
7.710843373493975150e+01 -1.037655660288865134e+00 1.000000000000000056e-01
7.751004016064257485e+01 -1.302897460059734946e+00 1.000000000000000056e-01
7.791164658634538398e+01 -1.209252668520264029e+00 1.000000000000000056e-01
7.831325301204819311e+01 -1.096299224170809383e+00 1.000000000000000056e-01
7.871485943775100225e+01 -5.582334822033808708e-01 1.000000000000000056e-01
7.911646586345381138e+01 -2.661797037439656011e-01 1.000000000000000056e-01
7.951807228915662051e+01 6.403527365083152567e-01 1.000000000000000056e-01
7.991967871485944386e+01 1.152395950625191734e+00 1.000000000000000056e-01
8.032128514056225299e+01 1.478355246952620883e+00 1.000000000000000056e-01
8.072289156626506212e+01 1.657088958445114946e+00 1.000000000000000056e-01
8.112449799196787126e+01 1.519284359275326901e+00 1.000000000000000056e-01
8.152610441767068039e+01 1.081581413346269560e+00 1.000000000000000056e-01
8.192771084337348952e+01 6.762758139397588852e-01 1.000000000000000056e-01
8.232931726907629866e+01 3.308074057474908458e-01 1.000000000000000056e-01
8.273092369477912200e+01 1.753133491897472251e-01 1.000000000000000056e-01
8.313253012048193114e+01 1.802202474532215992e-01 1.000000000000000056e-01
8.353413654618474027e+01 7.038730293719558384e-01 1.000000000000000056e-01
8.393574297188754940e+01 4.709142467334631599e-01 1.000000000000000056e-01
8.433734939759035854e+01 9.637182987240434651e-01 1.000000000000000056e-01
8.473895582329316767e+01 7.028184234369730943e-01 1.000000000000000056e-01
8.514056224899597680e+01 7.267242415321153448e-01 1.000000000000000056e-01
8.554216867469880015e+01 1.215818190297172086e-01 1.000000000000000056e-01
8.594377510040160928e+01 -8.692256743931003893e-02 1.000000000000000056e-01
8.634538152610441841e+01 -4.258960893587686036e-01 1.000000000000000056e-01
8.674698795180722755e+01 -4.473319429372283884e-01 1.000000000000000056e-01
8.714859437751003668e+01 -2.956379657149216800e-01 1.000000000000000056e-01
8.755020080321284581e+01 -2.071697956099053661e-01 1.000000000000000056e-01
8.795180722891566916e+01 3.694021674152978690e-02 1.000000000000000056e-01
8.835341365461847829e+01 1.168055312188999995e-01 1.000000000000000056e-01
8.875502008032128742e+01 7.230502641039200373e-01 1.000000000000000056e-01
8.915662650602409656e+01 1.009129565380165072e+00 1.000000000000000056e-01
8.955823293172690569e+01 1.433978473056586544e+00 1.000000000000000056e-01
8.995983935742971482e+01 1.103307021041780134e+00 1.000000000000000056e-01
9.036144578313252396e+01 6.061756125011045215e-01 1.000000000000000056e-01
9.076305220883534730e+01 7.252628366163499374e-02 1.000000000000000056e-01
9.116465863453815643e+01 -2.088671863067347867e-01 1.000000000000000056e-01
9.156626506024096557e+01 -3.582378290863925674e-01 1.000000000000000056e-01
9.196787148594377470e+01 -2.556257837700751101e-02 1.000000000000000056e-01
9.236947791164658383e+01 2.292754963982652217e-01 1.000000000000000056e-01
9.277108433734939297e+01 1.079078934970835846e+00 1.000000000000000056e-01
9.317269076305220210e+01 1.714067850670609960e+00 1.000000000000000056e-01
9.357429718875502545e+01 1.875596549832287074e+00 1.000000000000000056e-01
9.397590361445783458e+01 1.593278619363814208e+00 1.000000000000000056e-01
9.437751004016064371e+01 1.120154480956479626e+00 1.000000000000000056e-01
9.477911646586345285e+01 6.806192485486040056e-01 1.000000000000000056e-01
9.518072289156626198e+01 5.215711778379199526e-01 1.000000000000000056e-01
9.558232931726907111e+01 1.210170476168998255e-01 1.000000000000000056e-01
9.598393574297188025e+01 1.923419751241282338e-01 1.000000000000000056e-01
9.638554216867470359e+01 4.728282345148309140e-01 1.000000000000000056e-01
9.678714859437751272e+01 6.712703625799082419e-01 1.000000000000000056e-01
9.718875502008032186e+01 8.925710209390620431e-01 1.000000000000000056e-01
9.759036144578313099e+01 5.985708950785468829e-01 1.000000000000000056e-01
9.799196787148594012e+01 4.406742890576714755e-01 1.000000000000000056e-01
9.839357429718874926e+01 6.026502775886470875e-01 1.000000000000000056e-01
9.879518072289157260e+01 3.758883705972404510e-01 1.000000000000000056e-01
9.919678714859438173e+01 3.539255931224333795e-01 1.000000000000000056e-01
9.959839357429719087e+01 3.411794028741215179e-01 1.000000000000000056e-01
1.000000000000000000e+02 4.023970801233363037e-01 1.000000000000000056e-01
