0.000000000000000000e+00 -2.876132064821768530e+00 1.000000000000000056e-01
4.016064257028112428e-01 -2.679658848001742921e+00 1.000000000000000056e-01
8.032128514056224855e-01 -2.521458279280351711e+00 1.000000000000000056e-01
1.204819277108433617e+00 -1.878207588417923457e+00 1.000000000000000056e-01
1.606425702811244971e+00 -1.158609126808897605e+00 1.000000000000000056e-01
2.008032128514056325e+00 -6.872051763755291365e-01 1.000000000000000056e-01
2.409638554216867234e+00 -3.572048029430837657e-01 1.000000000000000056e-01
2.811244979919678588e+00 -1.112848876077820598e-01 1.000000000000000056e-01
3.212851405622489942e+00 -1.783973528797642982e-01 1.000000000000000056e-01
3.614457831325301296e+00 -4.203046534137841461e-01 1.000000000000000056e-01
4.016064257028112650e+00 -6.625004244556238486e-01 1.000000000000000056e-01
4.417670682730923559e+00 -1.021770667178039993e+00 1.000000000000000056e-01
4.819277108433734469e+00 -1.184943294450870210e+00 1.000000000000000056e-01
5.220883534136546267e+00 -1.606148473640677921e+00 1.000000000000000056e-01
5.622489959839357176e+00 -1.621569753085218446e+00 1.000000000000000056e-01
6.024096385542168974e+00 -1.585802066544021116e+00 1.000000000000000056e-01
6.425702811244979884e+00 -1.511103301334004723e+00 1.000000000000000056e-01
6.827309236947790794e+00 -1.125559826030330779e+00 1.000000000000000056e-01
7.228915662650602592e+00 -9.025183328647415903e-01 1.000000000000000056e-01
7.630522088353413501e+00 -7.325450168053825317e-01 1.000000000000000056e-01
8.032128514056225299e+00 -5.728226164814586019e-01 1.000000000000000056e-01
8.433734939759036209e+00 -6.101219215983431088e-01 1.000000000000000056e-01
8.835341365461847118e+00 -4.168183192275842774e-01 1.000000000000000056e-01
9.236947791164658028e+00 5.323655434294558009e-02 1.000000000000000056e-01
9.638554216867468938e+00 3.835724653390085170e-01 1.000000000000000056e-01
1.004016064257028162e+01 1.144628092311124723e+00 1.000000000000000056e-01
1.044176706827309253e+01 1.727718578415048611e+00 1.000000000000000056e-01
1.084337349397590344e+01 2.656132410813742961e+00 1.000000000000000056e-01
1.124497991967871435e+01 3.178413822860241211e+00 1.000000000000000056e-01
1.164658634538152526e+01 3.683989412657032947e+00 1.000000000000000056e-01
1.204819277108433795e+01 3.908517671078322042e+00 1.000000000000000056e-01
1.244979919678714886e+01 3.854779962858909226e+00 1.000000000000000056e-01
1.285140562248995977e+01 3.770666227856865671e+00 1.000000000000000056e-01
1.325301204819277068e+01 3.751778286716791921e+00 1.000000000000000056e-01
1.365461847389558159e+01 3.555884410745693724e+00 1.000000000000000056e-01
1.405622489959839427e+01 3.502762030823225459e+00 1.000000000000000056e-01
1.445783132530120518e+01 3.651135662202294352e+00 1.000000000000000056e-01
1.485943775100401609e+01 3.630902572575980258e+00 1.000000000000000056e-01
1.526104417670682700e+01 3.362807427485638545e+00 1.000000000000000056e-01
1.566265060240963791e+01 3.095922704395841052e+00 1.000000000000000056e-01
1.606425702811245060e+01 2.406131134278080008e+00 1.000000000000000056e-01
1.646586345381525973e+01 1.559622054359229404e+00 1.000000000000000056e-01
1.686746987951807242e+01 1.049164353624409074e+00 1.000000000000000056e-01
1.726907630522088510e+01 3.328205322970152480e-01 1.000000000000000056e-01
1.767068273092369424e+01 -2.220481844377273639e-01 1.000000000000000056e-01
1.807228915662650692e+01 -1.338972252246165007e-01 1.000000000000000056e-01
1.847389558232931606e+01 -4.536244308236611067e-01 1.000000000000000056e-01
1.887550200803212874e+01 -1.047451517707204544e-01 1.000000000000000056e-01
1.927710843373493788e+01 -1.548372265940258785e-01 1.000000000000000056e-01
1.967871485943775056e+01 -7.297447461931641510e-02 1.000000000000000056e-01
2.008032128514056325e+01 -1.738984140730058248e-01 1.000000000000000056e-01
2.048192771084337238e+01 -3.291368426587274465e-01 1.000000000000000056e-01
2.088353413654618507e+01 -4.899988828467110591e-01 1.000000000000000056e-01
2.128514056224899420e+01 -6.699714175376042524e-01 1.000000000000000056e-01
2.168674698795180689e+01 -5.132988039060499830e-01 1.000000000000000056e-01
2.208835341365461957e+01 -1.250114191226967542e-01 1.000000000000000056e-01
2.248995983935742871e+01 3.969512625588984545e-01 1.000000000000000056e-01
2.289156626506024139e+01 8.697276900951270706e-01 1.000000000000000056e-01
2.329317269076305053e+01 1.421553068570119427e+00 1.000000000000000056e-01
2.369477911646586321e+01 1.396358680006195119e+00 1.000000000000000056e-01
2.409638554216867590e+01 1.177969309180889823e+00 1.000000000000000056e-01
2.449799196787148503e+01 4.046349770354786268e-01 1.000000000000000056e-01
2.489959839357429772e+01 -3.093169279050503873e-01 1.000000000000000056e-01
2.530120481927710685e+01 -1.018164637424789243e+00 1.000000000000000056e-01
2.570281124497991954e+01 -1.785330471932509155e+00 1.000000000000000056e-01
2.610441767068273222e+01 -1.750898200468372856e+00 1.000000000000000056e-01
2.650602409638554136e+01 -1.872970679383627157e+00 1.000000000000000056e-01
2.690763052208835404e+01 -1.588729402180352190e+00 1.000000000000000056e-01
2.730923694779116317e+01 -1.391284286282574723e+00 1.000000000000000056e-01
2.771084337349397586e+01 -1.258121770660218353e+00 1.000000000000000056e-01
2.811244979919678855e+01 -9.840489125932677661e-01 1.000000000000000056e-01
2.851405622489959768e+01 -1.088833209305355654e+00 1.000000000000000056e-01
2.891566265060241037e+01 -6.472425569869375561e-01 1.000000000000000056e-01
2.931726907630521950e+01 -8.413466129143380989e-01 1.000000000000000056e-01
2.971887550200803219e+01 -2.065868554424417913e-01 1.000000000000000056e-01
3.012048192771084487e+01 4.206413045325037986e-02 1.000000000000000056e-01
3.052208835341365400e+01 2.735895710081523990e-01 1.000000000000000056e-01
3.092369477911646669e+01 8.860026280100421481e-01 1.000000000000000056e-01
3.132530120481927582e+01 1.069178615108517194e+00 1.000000000000000056e-01
3.172690763052208851e+01 1.557899913465877528e+00 1.000000000000000056e-01
3.212851405622490120e+01 1.510058482823417370e+00 1.000000000000000056e-01
3.253012048192771033e+01 1.610148178451068945e+00 1.000000000000000056e-01
3.293172690763051946e+01 1.627650313287582806e+00 1.000000000000000056e-01
3.333333333333333570e+01 1.704822852157297008e+00 1.000000000000000056e-01
3.373493975903614484e+01 1.677302461237485609e+00 1.000000000000000056e-01
3.413654618473895397e+01 1.547968019903509296e+00 1.000000000000000056e-01
3.453815261044177021e+01 1.581766497579595310e+00 1.000000000000000056e-01
3.493975903614457934e+01 1.646308786577539207e+00 1.000000000000000056e-01
3.534136546184738847e+01 1.474086042618460102e+00 1.000000000000000056e-01
3.574297188755019761e+01 1.486706165436959104e+00 1.000000000000000056e-01
3.614457831325301385e+01 1.694742861509409337e+00 1.000000000000000056e-01
3.654618473895582298e+01 1.717227739613881532e+00 1.000000000000000056e-01
3.694779116465863211e+01 1.893647761204439783e+00 1.000000000000000056e-01
3.734939759036144835e+01 2.175838524345159009e+00 1.000000000000000056e-01
3.775100401606425748e+01 2.519616933832093064e+00 1.000000000000000056e-01
3.815261044176706662e+01 2.839425190211371408e+00 1.000000000000000056e-01
3.855421686746987575e+01 3.361872952071363496e+00 1.000000000000000056e-01
3.895582329317269199e+01 3.259977509738792190e+00 1.000000000000000056e-01
3.935742971887550112e+01 3.288473894561628974e+00 1.000000000000000056e-01
3.975903614457831026e+01 3.057992349725151549e+00 1.000000000000000056e-01
4.016064257028112650e+01 2.913262242851623718e+00 1.000000000000000056e-01
4.056224899598393563e+01 2.371670056145409156e+00 1.000000000000000056e-01
4.096385542168674476e+01 1.954836634203835244e+00 1.000000000000000056e-01
4.136546184738956100e+01 1.827044610601163743e+00 1.000000000000000056e-01
4.176706827309237013e+01 1.363938081572009464e+00 1.000000000000000056e-01
4.216867469879517927e+01 9.884878781795312097e-01 1.000000000000000056e-01
4.257028112449798840e+01 6.544059237563164544e-01 1.000000000000000056e-01
4.297188755020080464e+01 5.626390877143973013e-01 1.000000000000000056e-01
4.337349397590361377e+01 5.321528287643502164e-01 1.000000000000000056e-01
4.377510040160642291e+01 2.469302868255431882e-01 1.000000000000000056e-01
4.417670682730923915e+01 2.601997564561472354e-01 1.000000000000000056e-01
4.457831325301204828e+01 4.080079751794677967e-01 1.000000000000000056e-01
4.497991967871485741e+01 4.243692962931283064e-01 1.000000000000000056e-01
4.538152610441767365e+01 7.158957329923084645e-01 1.000000000000000056e-01
4.578313253012048278e+01 7.206705322775103228e-01 1.000000000000000056e-01
4.618473895582329192e+01 6.494123899712458403e-01 1.000000000000000056e-01
4.658634538152610105e+01 6.112207019371180827e-01 1.000000000000000056e-01
4.698795180722891729e+01 5.916390696787712788e-02 1.000000000000000056e-01
4.738955823293172642e+01 8.321152407111245819e-02 1.000000000000000056e-01
4.779116465863453556e+01 -4.354087444215314906e-01 1.000000000000000056e-01
4.819277108433735179e+01 -6.590290058460011036e-01 1.000000000000000056e-01
4.859437751004016093e+01 -8.087349330444951745e-01 1.000000000000000056e-01
4.899598393574297006e+01 -1.093518921881263983e+00 1.000000000000000056e-01
4.939759036144578630e+01 -1.119412235753450391e+00 1.000000000000000056e-01
4.979919678714859543e+01 -1.232877008278610909e+00 1.000000000000000056e-01
5.020080321285140457e+01 -1.491483149791636764e+00 1.000000000000000056e-01
5.060240963855421370e+01 -1.190428157577898327e+00 1.000000000000000056e-01
5.100401606425702994e+01 -1.162106212978385900e+00 1.000000000000000056e-01
5.140562248995983907e+01 -9.691454503711857127e-01 1.000000000000000056e-01
5.180722891566264821e+01 -6.696134202438481786e-01 1.000000000000000056e-01
5.220883534136546444e+01 -4.943029502644762929e-01 1.000000000000000056e-01
5.261044176706827358e+01 -2.589088585221843153e-01 1.000000000000000056e-01
5.301204819277108271e+01 1.355371038010040885e-01 1.000000000000000056e-01
5.341365461847389184e+01 5.640207930292404637e-01 1.000000000000000056e-01
5.381526104417670808e+01 7.411284241909373849e-01 1.000000000000000056e-01
5.421686746987951722e+01 7.164310992685093415e-01 1.000000000000000056e-01
5.461847389558232635e+01 9.112206700327150077e-01 1.000000000000000056e-01
5.502008032128514259e+01 7.926261686101806481e-01 1.000000000000000056e-01
5.542168674698795172e+01 5.002706582384816025e-01 1.000000000000000056e-01
5.582329317269076085e+01 2.147325160959894230e-01 1.000000000000000056e-01
5.622489959839357709e+01 -2.005424828131999737e-01 1.000000000000000056e-01
5.662650602409638623e+01 -6.879588981612920762e-01 1.000000000000000056e-01
5.702811244979919536e+01 -9.979619170704127074e-01 1.000000000000000056e-01
5.742971887550200449e+01 -1.446633374066630173e+00 1.000000000000000056e-01
5.783132530120482073e+01 -1.678762902536439894e+00 1.000000000000000056e-01
5.823293172690762987e+01 -1.545825697695206058e+00 1.000000000000000056e-01
5.863453815261043900e+01 -1.417200598557427416e+00 1.000000000000000056e-01
5.903614457831325524e+01 -1.030436610994209801e+00 1.000000000000000056e-01
5.943775100401606437e+01 -4.906849200645413411e-01 1.000000000000000056e-01
5.983935742971887350e+01 -7.800191012789589595e-02 1.000000000000000056e-01
6.024096385542168974e+01 3.390126885164439496e-01 1.000000000000000056e-01
6.064257028112449888e+01 5.305048586366166719e-01 1.000000000000000056e-01
6.104417670682730801e+01 1.080077899175469147e+00 1.000000000000000056e-01
6.144578313253011714e+01 1.704072542378445299e+00 1.000000000000000056e-01
6.184738955823293338e+01 2.280198390403429087e+00 1.000000000000000056e-01
6.224899598393574252e+01 3.085806950524659698e+00 1.000000000000000056e-01
6.265060240963855165e+01 3.816924148285920637e+00 1.000000000000000056e-01
6.305220883534136789e+01 4.058262090328165428e+00 1.000000000000000056e-01
6.345381526104417702e+01 4.345602984859571194e+00 1.000000000000000056e-01
6.385542168674698615e+01 4.387393363769593435e+00 1.000000000000000056e-01
6.425702811244980239e+01 3.965637688295615249e+00 1.000000000000000056e-01
6.465863453815261153e+01 3.542328769236096520e+00 1.000000000000000056e-01
6.506024096385542066e+01 2.944285776004919697e+00 1.000000000000000056e-01
6.546184738955822979e+01 2.687203891049587678e+00 1.000000000000000056e-01
6.586345381526103893e+01 2.014860716411315700e+00 1.000000000000000056e-01
6.626506024096384806e+01 1.607690123515488345e+00 1.000000000000000056e-01
6.666666666666667140e+01 1.172114343863539743e+00 1.000000000000000056e-01
6.706827309236948054e+01 6.211372210799458449e-01 1.000000000000000056e-01
6.746987951807228967e+01 1.964029020735256759e-01 1.000000000000000056e-01
6.787148594377509880e+01 -1.944294305188093430e-01 1.000000000000000056e-01
6.827309236947790794e+01 -7.527889593037697669e-01 1.000000000000000056e-01
6.867469879518071707e+01 -1.057917943837674457e+00 1.000000000000000056e-01
6.907630522088354041e+01 -9.855857686597163658e-01 1.000000000000000056e-01
6.947791164658634955e+01 -7.074235665933317208e-01 1.000000000000000056e-01
6.987951807228915868e+01 -1.327071482241766187e-01 1.000000000000000056e-01
7.028112449799196781e+01 5.169907417427965779e-01 1.000000000000000056e-01
7.068273092369477695e+01 1.282763035595466894e+00 1.000000000000000056e-01
7.108433734939758608e+01 1.995042660253981914e+00 1.000000000000000056e-01
7.148594377510039521e+01 2.532635962901033100e+00 1.000000000000000056e-01
7.188755020080321856e+01 3.023736902267831095e+00 1.000000000000000056e-01
7.228915662650602769e+01 3.290823180161764228e+00 1.000000000000000056e-01
7.269076305220883683e+01 3.235813347983568899e+00 1.000000000000000056e-01
7.309236947791164596e+01 2.932798265206817412e+00 1.000000000000000056e-01
7.349397590361445509e+01 2.223285641984291239e+00 1.000000000000000056e-01
7.389558232931726423e+01 1.697875842469711571e+00 1.000000000000000056e-01
7.429718875502007336e+01 1.215425400260346178e+00 1.000000000000000056e-01
7.469879518072289670e+01 3.620033976256963326e-01 1.000000000000000056e-01
7.510040160642570584e+01 2.241666256604381985e-02 1.000000000000000056e-01
7.550200803212851497e+01 -4.029587623764533388e-01 1.000000000000000056e-01
7.590361445783132410e+01 -3.857262344189333891e-01 1.000000000000000056e-01
7.630522088353413324e+01 -3.859853931125133419e-01 1.000000000000000056e-01
7.670682730923694237e+01 -2.048754967093229240e-01 1.000000000000000056e-01
7.710843373493975150e+01 6.781452182817709895e-02 1.000000000000000056e-01
7.751004016064257485e+01 2.302209848272550874e-01 1.000000000000000056e-01
7.791164658634538398e+01 2.479276604274631701e-01 1.000000000000000056e-01
7.831325301204819311e+01 1.875286237974709558e-01 1.000000000000000056e-01
7.871485943775100225e+01 2.979571510386906374e-01 1.000000000000000056e-01
7.911646586345381138e+01 3.851457811480634708e-01 1.000000000000000056e-01
7.951807228915662051e+01 6.561182322020493451e-01 1.000000000000000056e-01
7.991967871485944386e+01 4.747629361763190392e-01 1.000000000000000056e-01
8.032128514056225299e+01 6.603085883649050247e-01 1.000000000000000056e-01
8.072289156626506212e+01 8.458099847725943921e-01 1.000000000000000056e-01
8.112449799196787126e+01 8.957573885083710552e-01 1.000000000000000056e-01
8.152610441767068039e+01 9.140107192504447475e-01 1.000000000000000056e-01
8.192771084337348952e+01 9.574446641906873001e-01 1.000000000000000056e-01
8.232931726907629866e+01 1.168013154753770877e+00 1.000000000000000056e-01
8.273092369477912200e+01 1.220293781238488195e+00 1.000000000000000056e-01
8.313253012048193114e+01 1.246634667103765803e+00 1.000000000000000056e-01
8.353413654618474027e+01 1.197201102164404007e+00 1.000000000000000056e-01
8.393574297188754940e+01 9.837049397103356796e-01 1.000000000000000056e-01
8.433734939759035854e+01 1.202372885448412143e+00 1.000000000000000056e-01
8.473895582329316767e+01 1.280791593855505894e+00 1.000000000000000056e-01
8.514056224899597680e+01 1.590987809707392842e+00 1.000000000000000056e-01
8.554216867469880015e+01 1.693275103333087950e+00 1.000000000000000056e-01
8.594377510040160928e+01 1.890952934418533182e+00 1.000000000000000056e-01
8.634538152610441841e+01 1.892185261030419730e+00 1.000000000000000056e-01
8.674698795180722755e+01 1.812929390081828407e+00 1.000000000000000056e-01
8.714859437751003668e+01 1.515925618517062867e+00 1.000000000000000056e-01
8.755020080321284581e+01 1.151501433335720082e+00 1.000000000000000056e-01
8.795180722891566916e+01 8.113700167139746844e-01 1.000000000000000056e-01
8.835341365461847829e+01 4.770146224499229315e-01 1.000000000000000056e-01
8.875502008032128742e+01 3.546161269787809767e-01 1.000000000000000056e-01
8.915662650602409656e+01 4.136627726560470064e-01 1.000000000000000056e-01
8.955823293172690569e+01 5.277263285522416636e-01 1.000000000000000056e-01
8.995983935742971482e+01 6.573792595543860307e-01 1.000000000000000056e-01
9.036144578313252396e+01 1.021628505287508482e+00 1.000000000000000056e-01
9.076305220883534730e+01 1.253887716872044145e+00 1.000000000000000056e-01
9.116465863453815643e+01 1.651159162874988873e+00 1.000000000000000056e-01
9.156626506024096557e+01 2.070035617314518461e+00 1.000000000000000056e-01
9.196787148594377470e+01 2.305300250064677758e+00 1.000000000000000056e-01
9.236947791164658383e+01 2.896164652760725655e+00 1.000000000000000056e-01
9.277108433734939297e+01 2.958609934436150724e+00 1.000000000000000056e-01
9.317269076305220210e+01 3.224566056785942880e+00 1.000000000000000056e-01
9.357429718875502545e+01 3.431084781464697198e+00 1.000000000000000056e-01
9.397590361445783458e+01 3.071343133905180434e+00 1.000000000000000056e-01
9.437751004016064371e+01 2.679713000121434874e+00 1.000000000000000056e-01
9.477911646586345285e+01 2.397634853343001193e+00 1.000000000000000056e-01
9.518072289156626198e+01 1.902016655844749105e+00 1.000000000000000056e-01
9.558232931726907111e+01 1.119943143668527874e+00 1.000000000000000056e-01
9.598393574297188025e+01 8.148486846609533929e-01 1.000000000000000056e-01
9.638554216867470359e+01 1.010810198178984515e-01 1.000000000000000056e-01
9.678714859437751272e+01 -4.392102314452461798e-01 1.000000000000000056e-01
9.718875502008032186e+01 -6.115460310435822944e-01 1.000000000000000056e-01
9.759036144578313099e+01 -8.886524821363561699e-01 1.000000000000000056e-01
9.799196787148594012e+01 -1.051776991893893509e+00 1.000000000000000056e-01
9.839357429718874926e+01 -9.012393163193158641e-01 1.000000000000000056e-01
9.879518072289157260e+01 -7.415488601571206262e-01 1.000000000000000056e-01
9.919678714859438173e+01 -5.215342258185774460e-01 1.000000000000000056e-01
9.959839357429719087e+01 -2.182298684374039399e-01 1.000000000000000056e-01
1.000000000000000000e+02 -1.018278233841108799e-01 1.000000000000000056e-01
