0.000000000000000000e+00 8.231030822836944427e-01 1.000000000000000056e-01
4.016064257028112428e-01 7.065351950090819066e-01 1.000000000000000056e-01
8.032128514056224855e-01 5.267819295158995274e-01 1.000000000000000056e-01
1.204819277108433617e+00 2.780166489052411372e-01 1.000000000000000056e-01
1.606425702811244971e+00 -4.665909402484194612e-02 1.000000000000000056e-01
2.008032128514056325e+00 5.219616355695823329e-02 1.000000000000000056e-01
2.409638554216867234e+00 -2.848894781076373728e-01 1.000000000000000056e-01
2.811244979919678588e+00 -8.510555527096549944e-03 1.000000000000000056e-01
3.212851405622489942e+00 -7.745328541886473128e-02 1.000000000000000056e-01
3.614457831325301296e+00 5.786702038188992064e-02 1.000000000000000056e-01
4.016064257028112650e+00 2.946178361939952861e-01 1.000000000000000056e-01
4.417670682730923559e+00 4.703968105948932443e-01 1.000000000000000056e-01
4.819277108433734469e+00 8.955482713990696730e-01 1.000000000000000056e-01
5.220883534136546267e+00 8.896819264998032661e-01 1.000000000000000056e-01
5.622489959839357176e+00 1.229948833587737322e+00 1.000000000000000056e-01
6.024096385542168974e+00 1.019449572853371899e+00 1.000000000000000056e-01
6.425702811244979884e+00 9.277506781525166613e-01 1.000000000000000056e-01
6.827309236947790794e+00 7.891775648531829113e-01 1.000000000000000056e-01
7.228915662650602592e+00 7.105454014044513267e-01 1.000000000000000056e-01
7.630522088353413501e+00 9.024119617952208738e-01 1.000000000000000056e-01
8.032128514056225299e+00 1.045913612661651948e+00 1.000000000000000056e-01
8.433734939759036209e+00 1.081796549693077480e+00 1.000000000000000056e-01
8.835341365461847118e+00 1.196880090311838396e+00 1.000000000000000056e-01
9.236947791164658028e+00 1.253155296281077247e+00 1.000000000000000056e-01
9.638554216867468938e+00 9.395897747007153633e-01 1.000000000000000056e-01
1.004016064257028162e+01 7.654993437890391661e-01 1.000000000000000056e-01
1.044176706827309253e+01 3.399229710369053858e-01 1.000000000000000056e-01
1.084337349397590344e+01 6.707378514197553931e-02 1.000000000000000056e-01
1.124497991967871435e+01 5.837236838970871755e-02 1.000000000000000056e-01
1.164658634538152526e+01 2.909332816366815844e-01 1.000000000000000056e-01
1.204819277108433795e+01 5.746512416802260770e-01 1.000000000000000056e-01
1.244979919678714886e+01 7.693309798766779783e-01 1.000000000000000056e-01
1.285140562248995977e+01 1.036196983253311998e+00 1.000000000000000056e-01
1.325301204819277068e+01 1.271788800331684621e+00 1.000000000000000056e-01
1.365461847389558159e+01 1.280615791854336383e+00 1.000000000000000056e-01
1.405622489959839427e+01 1.466910070777925235e+00 1.000000000000000056e-01
1.445783132530120518e+01 1.187648360976989892e+00 1.000000000000000056e-01
1.485943775100401609e+01 9.105677462481240880e-01 1.000000000000000056e-01
1.526104417670682700e+01 5.863238212890684586e-01 1.000000000000000056e-01
1.566265060240963791e+01 3.313791546073132088e-01 1.000000000000000056e-01
1.606425702811245060e+01 2.255387905555314987e-01 1.000000000000000056e-01
1.646586345381525973e+01 9.512957019717954710e-02 1.000000000000000056e-01
1.686746987951807242e+01 3.362966698598474635e-01 1.000000000000000056e-01
1.726907630522088510e+01 5.721613683789128491e-01 1.000000000000000056e-01
1.767068273092369424e+01 6.089036130340135244e-01 1.000000000000000056e-01
1.807228915662650692e+01 1.073209283454915619e+00 1.000000000000000056e-01
1.847389558232931606e+01 1.273962897969497909e+00 1.000000000000000056e-01
1.887550200803212874e+01 1.094215479613326325e+00 1.000000000000000056e-01
1.927710843373493788e+01 9.312512510232657803e-01 1.000000000000000056e-01
1.967871485943775056e+01 6.148134186587572714e-01 1.000000000000000056e-01
2.008032128514056325e+01 6.959466241835171596e-01 1.000000000000000056e-01
2.048192771084337238e+01 4.297568391699674861e-01 1.000000000000000056e-01
2.088353413654618507e+01 5.445086787679231932e-01 1.000000000000000056e-01
2.128514056224899420e+01 8.991407986133145291e-01 1.000000000000000056e-01
2.168674698795180689e+01 1.518222024615050403e+00 1.000000000000000056e-01
2.208835341365461957e+01 1.964202180308916024e+00 1.000000000000000056e-01
2.248995983935742871e+01 2.039771126308825622e+00 1.000000000000000056e-01
2.289156626506024139e+01 2.077314490048746354e+00 1.000000000000000056e-01
2.329317269076305053e+01 1.531565017531557604e+00 1.000000000000000056e-01
2.369477911646586321e+01 9.636227402072674586e-01 1.000000000000000056e-01
2.409638554216867590e+01 4.635319165179539735e-02 1.000000000000000056e-01
2.449799196787148503e+01 -7.157959536138703838e-01 1.000000000000000056e-01
2.489959839357429772e+01 -1.624324041074372005e+00 1.000000000000000056e-01
2.530120481927710685e+01 -1.756698972785562418e+00 1.000000000000000056e-01
2.570281124497991954e+01 -2.114400027607140853e+00 1.000000000000000056e-01
2.610441767068273222e+01 -2.592925366008717702e+00 1.000000000000000056e-01
2.650602409638554136e+01 -2.642979455660540378e+00 1.000000000000000056e-01
2.690763052208835404e+01 -3.047737770533192503e+00 1.000000000000000056e-01
2.730923694779116317e+01 -3.034142228139748099e+00 1.000000000000000056e-01
2.771084337349397586e+01 -3.256084468720240377e+00 1.000000000000000056e-01
2.811244979919678855e+01 -3.308881315884862673e+00 1.000000000000000056e-01
2.851405622489959768e+01 -3.358053296849043967e+00 1.000000000000000056e-01
2.891566265060241037e+01 -3.390494840854517911e+00 1.000000000000000056e-01
2.931726907630521950e+01 -3.251832525149635167e+00 1.000000000000000056e-01
2.971887550200803219e+01 -3.340733878264114498e+00 1.000000000000000056e-01
3.012048192771084487e+01 -2.895639344222391109e+00 1.000000000000000056e-01
3.052208835341365400e+01 -2.179708959950921177e+00 1.000000000000000056e-01
3.092369477911646669e+01 -1.279305071362939472e+00 1.000000000000000056e-01
3.132530120481927582e+01 -2.522408957031606613e-01 1.000000000000000056e-01
3.172690763052208851e+01 3.770893597437369738e-01 1.000000000000000056e-01
3.212851405622490120e+01 1.116120416901287493e+00 1.000000000000000056e-01
3.253012048192771033e+01 1.298995378995243755e+00 1.000000000000000056e-01
3.293172690763051946e+01 1.000345173590843073e+00 1.000000000000000056e-01
3.333333333333333570e+01 6.655685292344600823e-01 1.000000000000000056e-01
3.373493975903614484e+01 5.234073264315661778e-01 1.000000000000000056e-01
3.413654618473895397e+01 1.750767494598591822e-01 1.000000000000000056e-01
3.453815261044177021e+01 4.561260992231669920e-01 1.000000000000000056e-01
3.493975903614457934e+01 2.852003742605368486e-01 1.000000000000000056e-01
3.534136546184738847e+01 3.204262753472423286e-01 1.000000000000000056e-01
3.574297188755019761e+01 6.271880195505686872e-01 1.000000000000000056e-01
3.614457831325301385e+01 7.185466208551491984e-01 1.000000000000000056e-01
3.654618473895582298e+01 9.861682455955630422e-01 1.000000000000000056e-01
3.694779116465863211e+01 1.331066553946527842e+00 1.000000000000000056e-01
3.734939759036144835e+01 1.332291672340038646e+00 1.000000000000000056e-01
3.775100401606425748e+01 1.348164492578350027e+00 1.000000000000000056e-01
3.815261044176706662e+01 1.196586867566021617e+00 1.000000000000000056e-01
3.855421686746987575e+01 8.588221991646404208e-01 1.000000000000000056e-01
3.895582329317269199e+01 3.412226580770873485e-01 1.000000000000000056e-01
3.935742971887550112e+01 -3.470735187342214312e-01 1.000000000000000056e-01
3.975903614457831026e+01 -4.111621220862091697e-01 1.000000000000000056e-01
4.016064257028112650e+01 -3.200190664172268828e-01 1.000000000000000056e-01
4.056224899598393563e+01 -1.659032912306371982e-02 1.000000000000000056e-01
4.096385542168674476e+01 5.551551126338867270e-01 1.000000000000000056e-01
4.136546184738956100e+01 1.125079636700691887e+00 1.000000000000000056e-01
4.176706827309237013e+01 1.360203979831529297e+00 1.000000000000000056e-01
4.216867469879517927e+01 1.549448896813023335e+00 1.000000000000000056e-01
4.257028112449798840e+01 1.474016186177351750e+00 1.000000000000000056e-01
4.297188755020080464e+01 1.338142644237781287e+00 1.000000000000000056e-01
4.337349397590361377e+01 9.272797987445680068e-01 1.000000000000000056e-01
4.377510040160642291e+01 5.792336836705525016e-01 1.000000000000000056e-01
4.417670682730923915e+01 1.568445392483711065e-01 1.000000000000000056e-01
4.457831325301204828e+01 2.504789249725303257e-01 1.000000000000000056e-01
4.497991967871485741e+01 3.632623915901160849e-01 1.000000000000000056e-01
4.538152610441767365e+01 2.626899765112657437e-01 1.000000000000000056e-01
4.578313253012048278e+01 2.023063422318104321e-01 1.000000000000000056e-01
4.618473895582329192e+01 -3.353412395264945278e-01 1.000000000000000056e-01
4.658634538152610105e+01 -7.681459068181002436e-01 1.000000000000000056e-01
4.698795180722891729e+01 -1.198167498503762474e+00 1.000000000000000056e-01
4.738955823293172642e+01 -1.368557461701621847e+00 1.000000000000000056e-01
4.779116465863453556e+01 -1.538839581038677906e+00 1.000000000000000056e-01
4.819277108433735179e+01 -1.327738924693610212e+00 1.000000000000000056e-01
4.859437751004016093e+01 -1.270550106859901218e+00 1.000000000000000056e-01
4.899598393574297006e+01 -1.162182676033907125e+00 1.000000000000000056e-01
4.939759036144578630e+01 -7.089037911995025310e-01 1.000000000000000056e-01
4.979919678714859543e+01 -5.370554751349457812e-01 1.000000000000000056e-01
5.020080321285140457e+01 -2.186257738368395653e-01 1.000000000000000056e-01
5.060240963855421370e+01 1.189126895380183957e-01 1.000000000000000056e-01
5.100401606425702994e+01 4.440168139153658489e-01 1.000000000000000056e-01
5.140562248995983907e+01 5.691286191634947755e-01 1.000000000000000056e-01
5.180722891566264821e+01 2.921777256844413362e-01 1.000000000000000056e-01
5.220883534136546444e+01 3.297937266314399096e-02 1.000000000000000056e-01
5.261044176706827358e+01 -7.353358116514296938e-01 1.000000000000000056e-01
5.301204819277108271e+01 -1.425785660735971128e+00 1.000000000000000056e-01
5.341365461847389184e+01 -1.828548103516248746e+00 1.000000000000000056e-01
5.381526104417670808e+01 -2.182503198109180254e+00 1.000000000000000056e-01
5.421686746987951722e+01 -1.907644264425906844e+00 1.000000000000000056e-01
5.461847389558232635e+01 -1.752287342735504128e+00 1.000000000000000056e-01
5.502008032128514259e+01 -1.600497507369523564e+00 1.000000000000000056e-01
5.542168674698795172e+01 -1.100101328343284335e+00 1.000000000000000056e-01
5.582329317269076085e+01 -1.065372318442124433e+00 1.000000000000000056e-01
5.622489959839357709e+01 -1.042068751914286606e+00 1.000000000000000056e-01
5.662650602409638623e+01 -1.014914888976905072e+00 1.000000000000000056e-01
5.702811244979919536e+01 -1.249271667381494311e+00 1.000000000000000056e-01
5.742971887550200449e+01 -1.391973401669615917e+00 1.000000000000000056e-01
5.783132530120482073e+01 -1.491218904685269964e+00 1.000000000000000056e-01
5.823293172690762987e+01 -1.707244236025735384e+00 1.000000000000000056e-01
5.863453815261043900e+01 -1.691411178367921986e+00 1.000000000000000056e-01
5.903614457831325524e+01 -1.873860586744541035e+00 1.000000000000000056e-01
5.943775100401606437e+01 -1.621296188302622898e+00 1.000000000000000056e-01
5.983935742971887350e+01 -1.037417451951375025e+00 1.000000000000000056e-01
6.024096385542168974e+01 -7.404283599844858621e-01 1.000000000000000056e-01
6.064257028112449888e+01 -9.688723559511663863e-02 1.000000000000000056e-01
6.104417670682730801e+01 2.733926727170332138e-01 1.000000000000000056e-01
6.144578313253011714e+01 5.528311058765472685e-01 1.000000000000000056e-01
6.184738955823293338e+01 3.827913539361558204e-01 1.000000000000000056e-01
6.224899598393574252e+01 1.990105202250254113e-01 1.000000000000000056e-01
6.265060240963855165e+01 -2.647126116599685663e-01 1.000000000000000056e-01
6.305220883534136789e+01 -5.078944111137375650e-01 1.000000000000000056e-01
6.345381526104417702e+01 -8.204015155506599877e-01 1.000000000000000056e-01
6.385542168674698615e+01 -7.464148954542455527e-01 1.000000000000000056e-01
6.425702811244980239e+01 -9.456138437724064261e-01 1.000000000000000056e-01
6.465863453815261153e+01 -8.273265443153315912e-01 1.000000000000000056e-01
6.506024096385542066e+01 -9.226774914742169598e-01 1.000000000000000056e-01
6.546184738955822979e+01 -7.096945132816707691e-01 1.000000000000000056e-01
6.586345381526103893e+01 -2.673510080619804219e-01 1.000000000000000056e-01
6.626506024096384806e+01 2.473079362839883111e-01 1.000000000000000056e-01
6.666666666666667140e+01 4.709289960060946134e-01 1.000000000000000056e-01
6.706827309236948054e+01 5.123847829936711840e-01 1.000000000000000056e-01
6.746987951807228967e+01 7.896729616648312522e-01 1.000000000000000056e-01
6.787148594377509880e+01 4.601301272990964697e-01 1.000000000000000056e-01
6.827309236947790794e+01 5.829689306339032040e-01 1.000000000000000056e-01
6.867469879518071707e+01 7.467077040361806972e-01 1.000000000000000056e-01
6.907630522088354041e+01 9.747960357457510217e-01 1.000000000000000056e-01
6.947791164658634955e+01 1.185307109676091430e+00 1.000000000000000056e-01
6.987951807228915868e+01 1.071696828564426163e+00 1.000000000000000056e-01
7.028112449799196781e+01 6.434012122875184536e-01 1.000000000000000056e-01
7.068273092369477695e+01 8.378013285572047386e-02 1.000000000000000056e-01
7.108433734939758608e+01 -5.631770310168300320e-01 1.000000000000000056e-01
7.148594377510039521e+01 -7.885538526979088969e-01 1.000000000000000056e-01
7.188755020080321856e+01 -6.922322066508679317e-01 1.000000000000000056e-01
7.228915662650602769e+01 -2.001307459014493584e-01 1.000000000000000056e-01
7.269076305220883683e+01 4.086903856635166754e-01 1.000000000000000056e-01
7.309236947791164596e+01 1.156164454124930074e+00 1.000000000000000056e-01
7.349397590361445509e+01 1.873049893827350543e+00 1.000000000000000056e-01
7.389558232931726423e+01 1.996252246005442821e+00 1.000000000000000056e-01
7.429718875502007336e+01 1.957374033047920125e+00 1.000000000000000056e-01
7.469879518072289670e+01 1.737291647092698010e+00 1.000000000000000056e-01
7.510040160642570584e+01 1.496342035463304798e+00 1.000000000000000056e-01
7.550200803212851497e+01 1.293768431701426858e+00 1.000000000000000056e-01
7.590361445783132410e+01 8.139297543882598740e-01 1.000000000000000056e-01
7.630522088353413324e+01 2.006953770838762474e-01 1.000000000000000056e-01
7.670682730923694237e+01 1.233777410331707569e-01 1.000000000000000056e-01
7.710843373493975150e+01 -3.141728193710910388e-02 1.000000000000000056e-01
7.751004016064257485e+01 -3.763337732972118488e-01 1.000000000000000056e-01
7.791164658634538398e+01 -3.960111075585887597e-01 1.000000000000000056e-01
7.831325301204819311e+01 -2.977881549196857436e-01 1.000000000000000056e-01
7.871485943775100225e+01 -4.144838740909336239e-01 1.000000000000000056e-01
7.911646586345381138e+01 -4.765794196850738906e-01 1.000000000000000056e-01
7.951807228915662051e+01 -7.747677270410313621e-01 1.000000000000000056e-01
7.991967871485944386e+01 -1.029553029108278617e+00 1.000000000000000056e-01
8.032128514056225299e+01 -1.436374308219690255e+00 1.000000000000000056e-01
8.072289156626506212e+01 -1.720187474884042445e+00 1.000000000000000056e-01
8.112449799196787126e+01 -1.413504544669933916e+00 1.000000000000000056e-01
8.152610441767068039e+01 -1.066308667679837452e+00 1.000000000000000056e-01
8.192771084337348952e+01 -1.716439447737894697e-01 1.000000000000000056e-01
8.232931726907629866e+01 2.080727109297357824e-01 1.000000000000000056e-01
8.273092369477912200e+01 3.098803566818774669e-01 1.000000000000000056e-01
8.313253012048193114e+01 4.738036959511555679e-01 1.000000000000000056e-01
8.353413654618474027e+01 3.225258864601736053e-01 1.000000000000000056e-01
8.393574297188754940e+01 2.179939472687649760e-01 1.000000000000000056e-01
8.433734939759035854e+01 3.366464375594758335e-02 1.000000000000000056e-01
8.473895582329316767e+01 -2.358944255691262648e-01 1.000000000000000056e-01
8.514056224899597680e+01 -4.200008237326509630e-01 1.000000000000000056e-01
8.554216867469880015e+01 -5.200905507180866305e-01 1.000000000000000056e-01
8.594377510040160928e+01 -7.163054307771868912e-01 1.000000000000000056e-01
8.634538152610441841e+01 -9.991108392521809156e-01 1.000000000000000056e-01
8.674698795180722755e+01 -9.606461107476732542e-01 1.000000000000000056e-01
8.714859437751003668e+01 -7.967283791364888623e-01 1.000000000000000056e-01
8.755020080321284581e+01 -7.962365120584385947e-01 1.000000000000000056e-01
8.795180722891566916e+01 -7.525536532773395848e-01 1.000000000000000056e-01
8.835341365461847829e+01 -5.158996220574261216e-01 1.000000000000000056e-01
8.875502008032128742e+01 -8.271360165256917973e-01 1.000000000000000056e-01
8.915662650602409656e+01 -9.268819140399776613e-01 1.000000000000000056e-01
8.955823293172690569e+01 -1.377974412796847403e+00 1.000000000000000056e-01
8.995983935742971482e+01 -1.736547293709733264e+00 1.000000000000000056e-01
9.036144578313252396e+01 -1.776132955528261448e+00 1.000000000000000056e-01
9.076305220883534730e+01 -1.945868833371213968e+00 1.000000000000000056e-01
9.116465863453815643e+01 -1.824574987587350261e+00 1.000000000000000056e-01
9.156626506024096557e+01 -1.618708583374116827e+00 1.000000000000000056e-01
9.196787148594377470e+01 -1.230730662681022602e+00 1.000000000000000056e-01
9.236947791164658383e+01 -1.130705020472993816e+00 1.000000000000000056e-01
9.277108433734939297e+01 -1.066431423620355146e+00 1.000000000000000056e-01
9.317269076305220210e+01 -1.010728644243302554e+00 1.000000000000000056e-01
9.357429718875502545e+01 -9.393886262753241567e-01 1.000000000000000056e-01
9.397590361445783458e+01 -1.285936177131850711e+00 1.000000000000000056e-01
9.437751004016064371e+01 -9.899968172059682159e-01 1.000000000000000056e-01
9.477911646586345285e+01 -1.309856789942351885e+00 1.000000000000000056e-01
9.518072289156626198e+01 -1.356528464308470516e+00 1.000000000000000056e-01
9.558232931726907111e+01 -1.080429116389521882e+00 1.000000000000000056e-01
9.598393574297188025e+01 -8.037944173392745917e-01 1.000000000000000056e-01
9.638554216867470359e+01 -4.271421548478827601e-01 1.000000000000000056e-01
9.678714859437751272e+01 2.231420533123531502e-01 1.000000000000000056e-01
9.718875502008032186e+01 3.709472229680301769e-01 1.000000000000000056e-01
9.759036144578313099e+01 2.174907247429310742e-01 1.000000000000000056e-01
9.799196787148594012e+01 4.949707123593712899e-01 1.000000000000000056e-01
9.839357429718874926e+01 8.707729510819193219e-01 1.000000000000000056e-01
9.879518072289157260e+01 1.528336024397754622e+00 1.000000000000000056e-01
9.919678714859438173e+01 1.985200658426835796e+00 1.000000000000000056e-01
9.959839357429719087e+01 2.466016917391320007e+00 1.000000000000000056e-01
1.000000000000000000e+02 2.804439698626922883e+00 1.000000000000000056e-01
