0.000000000000000000e+00 -5.828880718483009371e-01 1.000000000000000056e-01
4.016064257028112428e-01 -1.112710282194253164e+00 1.000000000000000056e-01
8.032128514056224855e-01 -1.930347961128347389e+00 1.000000000000000056e-01
1.204819277108433617e+00 -2.487359534254770299e+00 1.000000000000000056e-01
1.606425702811244971e+00 -2.876546672026844220e+00 1.000000000000000056e-01
2.008032128514056325e+00 -2.756389533936048686e+00 1.000000000000000056e-01
2.409638554216867234e+00 -2.676898094952826934e+00 1.000000000000000056e-01
2.811244979919678588e+00 -2.368892941660240226e+00 1.000000000000000056e-01
3.212851405622489942e+00 -1.840983113073117572e+00 1.000000000000000056e-01
3.614457831325301296e+00 -1.941224498614794847e+00 1.000000000000000056e-01
4.016064257028112650e+00 -1.459695915837665670e+00 1.000000000000000056e-01
4.417670682730923559e+00 -1.056123970732270267e+00 1.000000000000000056e-01
4.819277108433734469e+00 -1.135805383183200012e+00 1.000000000000000056e-01
5.220883534136546267e+00 -6.937614015785026345e-01 1.000000000000000056e-01
5.622489959839357176e+00 -9.050849405859220376e-01 1.000000000000000056e-01
6.024096385542168974e+00 -5.379864532166989122e-01 1.000000000000000056e-01
6.425702811244979884e+00 -2.643405264529848919e-01 1.000000000000000056e-01
6.827309236947790794e+00 4.824554266755635701e-01 1.000000000000000056e-01
7.228915662650602592e+00 1.358505480796907472e+00 1.000000000000000056e-01
7.630522088353413501e+00 2.274133535080260060e+00 1.000000000000000056e-01
8.032128514056225299e+00 2.601623877936855234e+00 1.000000000000000056e-01
8.433734939759036209e+00 2.589219715173414649e+00 1.000000000000000056e-01
8.835341365461847118e+00 2.311455699813563136e+00 1.000000000000000056e-01
9.236947791164658028e+00 1.953909149979921489e+00 1.000000000000000056e-01
9.638554216867468938e+00 1.459182959056582352e+00 1.000000000000000056e-01
1.004016064257028162e+01 1.139273410742219106e+00 1.000000000000000056e-01
1.044176706827309253e+01 1.200963323229217394e+00 1.000000000000000056e-01
1.084337349397590344e+01 1.076339563911603570e+00 1.000000000000000056e-01
1.124497991967871435e+01 1.162737297981805584e+00 1.000000000000000056e-01
1.164658634538152526e+01 1.057335251217610850e+00 1.000000000000000056e-01
1.204819277108433795e+01 9.791461435954167403e-01 1.000000000000000056e-01
1.244979919678714886e+01 8.580965821765335066e-01 1.000000000000000056e-01
1.285140562248995977e+01 8.891301702568404908e-01 1.000000000000000056e-01
1.325301204819277068e+01 1.204918181936670551e+00 1.000000000000000056e-01
1.365461847389558159e+01 1.448156593293551175e+00 1.000000000000000056e-01
1.405622489959839427e+01 1.509617518862458097e+00 1.000000000000000056e-01
1.445783132530120518e+01 1.550120464537117604e+00 1.000000000000000056e-01
1.485943775100401609e+01 1.721262014246055294e+00 1.000000000000000056e-01
1.526104417670682700e+01 1.605321380961363564e+00 1.000000000000000056e-01
1.566265060240963791e+01 1.283627545610435794e+00 1.000000000000000056e-01
1.606425702811245060e+01 9.325136339160972065e-01 1.000000000000000056e-01
1.646586345381525973e+01 6.224751493810027902e-01 1.000000000000000056e-01
1.686746987951807242e+01 5.315633320222370450e-01 1.000000000000000056e-01
1.726907630522088510e+01 5.467163451394324580e-01 1.000000000000000056e-01
1.767068273092369424e+01 4.234771323577897761e-01 1.000000000000000056e-01
1.807228915662650692e+01 7.068206163822117194e-01 1.000000000000000056e-01
1.847389558232931606e+01 5.097839667603576430e-01 1.000000000000000056e-01
1.887550200803212874e+01 7.206408036412738360e-02 1.000000000000000056e-01
1.927710843373493788e+01 -2.312590506649039312e-01 1.000000000000000056e-01
1.967871485943775056e+01 -6.134690907561188844e-01 1.000000000000000056e-01
2.008032128514056325e+01 -8.929399467430694237e-01 1.000000000000000056e-01
2.048192771084337238e+01 -1.052202422911530100e+00 1.000000000000000056e-01
2.088353413654618507e+01 -6.135649578890132183e-01 1.000000000000000056e-01
2.128514056224899420e+01 -5.081172624707999685e-02 1.000000000000000056e-01
2.168674698795180689e+01 2.316575667627326918e-01 1.000000000000000056e-01
2.208835341365461957e+01 5.321723414091110715e-01 1.000000000000000056e-01
2.248995983935742871e+01 3.860403997935837883e-01 1.000000000000000056e-01
2.289156626506024139e+01 1.743492017598661237e-01 1.000000000000000056e-01
2.329317269076305053e+01 -2.708336374385715839e-01 1.000000000000000056e-01
2.369477911646586321e+01 -2.590279322993330746e-01 1.000000000000000056e-01
2.409638554216867590e+01 -2.106547394345910373e-02 1.000000000000000056e-01
2.449799196787148503e+01 4.739221385396191755e-01 1.000000000000000056e-01
2.489959839357429772e+01 8.367731136739257058e-01 1.000000000000000056e-01
2.530120481927710685e+01 1.052248258945321702e+00 1.000000000000000056e-01
2.570281124497991954e+01 1.204057006460415691e+00 1.000000000000000056e-01
2.610441767068273222e+01 1.135675593797152994e+00 1.000000000000000056e-01
2.650602409638554136e+01 8.591380850017098503e-01 1.000000000000000056e-01
2.690763052208835404e+01 7.002234137435288108e-01 1.000000000000000056e-01
2.730923694779116317e+01 8.316504599596744596e-01 1.000000000000000056e-01
2.771084337349397586e+01 9.093521154742305601e-01 1.000000000000000056e-01
2.811244979919678855e+01 1.195359961028924722e+00 1.000000000000000056e-01
2.851405622489959768e+01 1.719877655600610566e+00 1.000000000000000056e-01
2.891566265060241037e+01 1.437432054697879824e+00 1.000000000000000056e-01
2.931726907630521950e+01 1.255487355810464889e+00 1.000000000000000056e-01
2.971887550200803219e+01 7.871168381859947605e-01 1.000000000000000056e-01
3.012048192771084487e+01 2.039479795936413598e-01 1.000000000000000056e-01
3.052208835341365400e+01 -1.657944355452450613e-01 1.000000000000000056e-01
3.092369477911646669e+01 -6.810453184143236971e-01 1.000000000000000056e-01
3.132530120481927582e+01 -7.511594697077892402e-01 1.000000000000000056e-01
3.172690763052208851e+01 -5.760474223511539149e-01 1.000000000000000056e-01
3.212851405622490120e+01 -5.023454081688655259e-01 1.000000000000000056e-01
3.253012048192771033e+01 -3.656898675142962740e-01 1.000000000000000056e-01
3.293172690763051946e+01 -3.664244473160134241e-01 1.000000000000000056e-01
3.333333333333333570e+01 -2.605858598460624176e-01 1.000000000000000056e-01
3.373493975903614484e+01 -4.254160026296137653e-01 1.000000000000000056e-01
3.413654618473895397e+01 -3.615434576626791463e-01 1.000000000000000056e-01
3.453815261044177021e+01 -6.926242464842506663e-02 1.000000000000000056e-01
3.493975903614457934e+01 6.112877320517681734e-02 1.000000000000000056e-01
3.534136546184738847e+01 4.054452430424236309e-01 1.000000000000000056e-01
3.574297188755019761e+01 7.241751503063728057e-01 1.000000000000000056e-01
3.614457831325301385e+01 8.310501140460934133e-01 1.000000000000000056e-01
3.654618473895582298e+01 9.394281882762787195e-01 1.000000000000000056e-01
3.694779116465863211e+01 7.312391007808217713e-01 1.000000000000000056e-01
3.734939759036144835e+01 4.909365498256898497e-01 1.000000000000000056e-01
3.775100401606425748e+01 -7.817385637264359644e-02 1.000000000000000056e-01
3.815261044176706662e+01 -8.423051328909731961e-01 1.000000000000000056e-01
3.855421686746987575e+01 -1.067857793564416458e+00 1.000000000000000056e-01
3.895582329317269199e+01 -1.556934934316797303e+00 1.000000000000000056e-01
3.935742971887550112e+01 -1.468734522277443277e+00 1.000000000000000056e-01
3.975903614457831026e+01 -1.479918635712405450e+00 1.000000000000000056e-01
4.016064257028112650e+01 -1.480194499196974212e+00 1.000000000000000056e-01
4.056224899598393563e+01 -1.679921761075808151e+00 1.000000000000000056e-01
4.096385542168674476e+01 -1.554587908932110185e+00 1.000000000000000056e-01
4.136546184738956100e+01 -1.666163704274011614e+00 1.000000000000000056e-01
4.176706827309237013e+01 -1.892507256993214648e+00 1.000000000000000056e-01
4.216867469879517927e+01 -1.423551620070780510e+00 1.000000000000000056e-01
4.257028112449798840e+01 -1.202795100335209977e+00 1.000000000000000056e-01
4.297188755020080464e+01 -4.899610710724545681e-01 1.000000000000000056e-01
4.337349397590361377e+01 -1.429188527762567107e-01 1.000000000000000056e-01
4.377510040160642291e+01 -1.076417701685889183e-01 1.000000000000000056e-01
4.417670682730923915e+01 3.480049509603807545e-01 1.000000000000000056e-01
4.457831325301204828e+01 4.855283348356649320e-01 1.000000000000000056e-01
4.497991967871485741e+01 1.888049509783748803e-01 1.000000000000000056e-01
4.538152610441767365e+01 1.978346553940170671e-01 1.000000000000000056e-01
4.578313253012048278e+01 1.023336885310295874e-01 1.000000000000000056e-01
4.618473895582329192e+01 2.797623228235628923e-01 1.000000000000000056e-01
4.658634538152610105e+01 4.618576911090568338e-01 1.000000000000000056e-01
4.698795180722891729e+01 7.914902488286675863e-01 1.000000000000000056e-01
4.738955823293172642e+01 1.378392692395494334e+00 1.000000000000000056e-01
4.779116465863453556e+01 1.506587405706154792e+00 1.000000000000000056e-01
4.819277108433735179e+01 1.871580953544808690e+00 1.000000000000000056e-01
4.859437751004016093e+01 1.861300411244331210e+00 1.000000000000000056e-01
4.899598393574297006e+01 1.927496495193433024e+00 1.000000000000000056e-01
4.939759036144578630e+01 1.401416757539601265e+00 1.000000000000000056e-01
4.979919678714859543e+01 7.117014928557916509e-01 1.000000000000000056e-01
5.020080321285140457e+01 4.213843254244215575e-01 1.000000000000000056e-01
5.060240963855421370e+01 -2.177683564880946721e-01 1.000000000000000056e-01
5.100401606425702994e+01 -1.078278555012894158e+00 1.000000000000000056e-01
5.140562248995983907e+01 -1.645836287709148582e+00 1.000000000000000056e-01
5.180722891566264821e+01 -2.424348852326104975e+00 1.000000000000000056e-01
5.220883534136546444e+01 -2.632682899012106059e+00 1.000000000000000056e-01
5.261044176706827358e+01 -2.744631463104891811e+00 1.000000000000000056e-01
5.301204819277108271e+01 -2.681535943356065044e+00 1.000000000000000056e-01
5.341365461847389184e+01 -2.444579728224416826e+00 1.000000000000000056e-01
5.381526104417670808e+01 -2.222448194888824613e+00 1.000000000000000056e-01
5.421686746987951722e+01 -1.952356401005347797e+00 1.000000000000000056e-01
5.461847389558232635e+01 -1.769811356408502734e+00 1.000000000000000056e-01
5.502008032128514259e+01 -1.597309035596599536e+00 1.000000000000000056e-01
5.542168674698795172e+01 -1.004965787927968313e+00 1.000000000000000056e-01
5.582329317269076085e+01 -7.245205539409714790e-01 1.000000000000000056e-01
5.622489959839357709e+01 -1.429180068965948125e-01 1.000000000000000056e-01
5.662650602409638623e+01 4.806451581350169588e-01 1.000000000000000056e-01
5.702811244979919536e+01 7.544957052710387080e-01 1.000000000000000056e-01
5.742971887550200449e+01 9.445982927624202441e-01 1.000000000000000056e-01
5.783132530120482073e+01 5.181057526907149047e-01 1.000000000000000056e-01
5.823293172690762987e+01 3.923658773572378800e-01 1.000000000000000056e-01
5.863453815261043900e+01 -1.778722134305006919e-01 1.000000000000000056e-01
5.903614457831325524e+01 -7.269522114806341584e-01 1.000000000000000056e-01
5.943775100401606437e+01 -9.976984975756216789e-01 1.000000000000000056e-01
5.983935742971887350e+01 -7.846469460018897779e-01 1.000000000000000056e-01
6.024096385542168974e+01 -4.198293712225075192e-01 1.000000000000000056e-01
6.064257028112449888e+01 2.551778266526140149e-01 1.000000000000000056e-01
6.104417670682730801e+01 1.056612477472119060e+00 1.000000000000000056e-01
6.144578313253011714e+01 1.593930352599087108e+00 1.000000000000000056e-01
6.184738955823293338e+01 2.124840885047201144e+00 1.000000000000000056e-01
6.224899598393574252e+01 2.812011054933366339e+00 1.000000000000000056e-01
6.265060240963855165e+01 2.913962651011226423e+00 1.000000000000000056e-01
6.305220883534136789e+01 3.045002218375315817e+00 1.000000000000000056e-01
6.345381526104417702e+01 2.665093900710541419e+00 1.000000000000000056e-01
6.385542168674698615e+01 1.917728437221081217e+00 1.000000000000000056e-01
6.425702811244980239e+01 9.380285589407914015e-01 1.000000000000000056e-01
6.465863453815261153e+01 1.466824016489938487e-01 1.000000000000000056e-01
6.506024096385542066e+01 -2.503735939857953396e-01 1.000000000000000056e-01
6.546184738955822979e+01 -5.739378139236906984e-01 1.000000000000000056e-01
6.586345381526103893e+01 -5.950660199922319649e-01 1.000000000000000056e-01
6.626506024096384806e+01 3.951534781662159601e-02 1.000000000000000056e-01
6.666666666666667140e+01 3.464985683202317368e-01 1.000000000000000056e-01
6.706827309236948054e+01 5.703353053304524023e-01 1.000000000000000056e-01
6.746987951807228967e+01 3.110050090478344020e-01 1.000000000000000056e-01
6.787148594377509880e+01 -4.264441333476919338e-01 1.000000000000000056e-01
6.827309236947790794e+01 -1.093421948320410397e+00 1.000000000000000056e-01
6.867469879518071707e+01 -2.180952631461722913e+00 1.000000000000000056e-01
6.907630522088354041e+01 -2.939469507216685873e+00 1.000000000000000056e-01
6.947791164658634955e+01 -3.296931588003980007e+00 1.000000000000000056e-01
6.987951807228915868e+01 -3.845491566557832641e+00 1.000000000000000056e-01
7.028112449799196781e+01 -3.506447712795345506e+00 1.000000000000000056e-01
7.068273092369477695e+01 -3.046090410525197356e+00 1.000000000000000056e-01
7.108433734939758608e+01 -2.222609534371982498e+00 1.000000000000000056e-01
7.148594377510039521e+01 -1.695050227365462181e+00 1.000000000000000056e-01
7.188755020080321856e+01 -1.020591594769032717e+00 1.000000000000000056e-01
7.228915662650602769e+01 -6.375970335210943141e-01 1.000000000000000056e-01
7.269076305220883683e+01 -6.579429903796524259e-02 1.000000000000000056e-01
7.309236947791164596e+01 2.585079034314888280e-02 1.000000000000000056e-01
7.349397590361445509e+01 -3.022996064023124041e-01 1.000000000000000056e-01
7.389558232931726423e+01 -1.153184617657250777e-01 1.000000000000000056e-01
7.429718875502007336e+01 1.032978613100344056e-01 1.000000000000000056e-01
7.469879518072289670e+01 1.442310913351110280e-01 1.000000000000000056e-01
7.510040160642570584e+01 1.165427700085580887e-01 1.000000000000000056e-01
7.550200803212851497e+01 4.360430789651206229e-01 1.000000000000000056e-01
7.590361445783132410e+01 8.182911474332378310e-01 1.000000000000000056e-01
7.630522088353413324e+01 1.441495299750747749e+00 1.000000000000000056e-01
7.670682730923694237e+01 2.171477511727661458e+00 1.000000000000000056e-01
7.710843373493975150e+01 2.273325004880847988e+00 1.000000000000000056e-01
7.751004016064257485e+01 2.268882657963141813e+00 1.000000000000000056e-01
7.791164658634538398e+01 1.787026296761634603e+00 1.000000000000000056e-01
7.831325301204819311e+01 1.267652928690390146e+00 1.000000000000000056e-01
7.871485943775100225e+01 8.581872223064228589e-01 1.000000000000000056e-01
7.911646586345381138e+01 1.889567362310126397e-01 1.000000000000000056e-01
7.951807228915662051e+01 1.852448088354189878e-02 1.000000000000000056e-01
7.991967871485944386e+01 -1.698310993226693350e-03 1.000000000000000056e-01
8.032128514056225299e+01 1.112300093197587936e-02 1.000000000000000056e-01
8.072289156626506212e+01 5.087892049472256817e-01 1.000000000000000056e-01
8.112449799196787126e+01 1.001073355868928871e+00 1.000000000000000056e-01
8.152610441767068039e+01 1.609760213062772616e+00 1.000000000000000056e-01
8.192771084337348952e+01 1.719355047503539957e+00 1.000000000000000056e-01
8.232931726907629866e+01 1.890318378341964811e+00 1.000000000000000056e-01
8.273092369477912200e+01 2.146741434016213645e+00 1.000000000000000056e-01
8.313253012048193114e+01 1.671488956054146380e+00 1.000000000000000056e-01
8.353413654618474027e+01 1.204847566224882760e+00 1.000000000000000056e-01
8.393574297188754940e+01 7.255887233237148237e-01 1.000000000000000056e-01
8.433734939759035854e+01 2.734875563084406269e-01 1.000000000000000056e-01
8.473895582329316767e+01 -3.506145776468497233e-02 1.000000000000000056e-01
8.514056224899597680e+01 3.575446759095469995e-03 1.000000000000000056e-01
8.554216867469880015e+01 -1.882304737547074724e-01 1.000000000000000056e-01
8.594377510040160928e+01 -5.124831343591226274e-01 1.000000000000000056e-01
8.634538152610441841e+01 -1.146697364311467515e+00 1.000000000000000056e-01
8.674698795180722755e+01 -1.641166057175700077e+00 1.000000000000000056e-01
8.714859437751003668e+01 -2.246570814396489535e+00 1.000000000000000056e-01
8.755020080321284581e+01 -2.681976385379054584e+00 1.000000000000000056e-01
8.795180722891566916e+01 -2.462473168391507983e+00 1.000000000000000056e-01
8.835341365461847829e+01 -2.607463540333810670e+00 1.000000000000000056e-01
8.875502008032128742e+01 -2.255193457873141849e+00 1.000000000000000056e-01
8.915662650602409656e+01 -2.148406333870768847e+00 1.000000000000000056e-01
8.955823293172690569e+01 -2.065225319433006135e+00 1.000000000000000056e-01
8.995983935742971482e+01 -1.920319612559638456e+00 1.000000000000000056e-01
9.036144578313252396e+01 -1.759411059083772155e+00 1.000000000000000056e-01
9.076305220883534730e+01 -1.200214785160247599e+00 1.000000000000000056e-01
9.116465863453815643e+01 -7.402226136533748280e-01 1.000000000000000056e-01
9.156626506024096557e+01 -1.046892351149344980e-02 1.000000000000000056e-01
9.196787148594377470e+01 3.750852342957347596e-01 1.000000000000000056e-01
9.236947791164658383e+01 6.767191595062049814e-01 1.000000000000000056e-01
9.277108433734939297e+01 2.465769224717658803e-01 1.000000000000000056e-01
9.317269076305220210e+01 -4.568546185797898729e-01 1.000000000000000056e-01
9.357429718875502545e+01 -1.245613243067337894e+00 1.000000000000000056e-01
9.397590361445783458e+01 -2.122605277715855721e+00 1.000000000000000056e-01
9.437751004016064371e+01 -2.596846171270207115e+00 1.000000000000000056e-01
9.477911646586345285e+01 -2.847045539355641086e+00 1.000000000000000056e-01
9.518072289156626198e+01 -2.920776307556004259e+00 1.000000000000000056e-01
9.558232931726907111e+01 -2.916121292382802377e+00 1.000000000000000056e-01
9.598393574297188025e+01 -2.399194434532099240e+00 1.000000000000000056e-01
9.638554216867470359e+01 -1.927525746059084444e+00 1.000000000000000056e-01
9.678714859437751272e+01 -1.439588013890002127e+00 1.000000000000000056e-01
9.718875502008032186e+01 -9.135066021641700118e-01 1.000000000000000056e-01
9.759036144578313099e+01 -3.801630471958400426e-01 1.000000000000000056e-01
9.799196787148594012e+01 -6.473028376744613399e-03 1.000000000000000056e-01
9.839357429718874926e+01 4.709367239580160569e-01 1.000000000000000056e-01
9.879518072289157260e+01 9.432087654462699700e-01 1.000000000000000056e-01
9.919678714859438173e+01 1.373070598023850231e+00 1.000000000000000056e-01
9.959839357429719087e+01 1.515400122448371301e+00 1.000000000000000056e-01
1.000000000000000000e+02 1.515703354554361004e+00 1.000000000000000056e-01
