0.000000000000000000e+00 -1.683760226889277900e-01 1.000000000000000056e-01
4.016064257028112428e-01 -3.393547341250205962e-01 1.000000000000000056e-01
8.032128514056224855e-01 -4.296593283888520132e-01 1.000000000000000056e-01
1.204819277108433617e+00 -1.006570606589676786e-01 1.000000000000000056e-01
1.606425702811244971e+00 2.755655170341458904e-01 1.000000000000000056e-01
2.008032128514056325e+00 5.664812135443534347e-01 1.000000000000000056e-01
2.409638554216867234e+00 1.240578862522609516e+00 1.000000000000000056e-01
2.811244979919678588e+00 1.443114868742484402e+00 1.000000000000000056e-01
3.212851405622489942e+00 1.504441236170280138e+00 1.000000000000000056e-01
3.614457831325301296e+00 1.259759397800565006e+00 1.000000000000000056e-01
4.016064257028112650e+00 1.279302043892918572e+00 1.000000000000000056e-01
4.417670682730923559e+00 1.034540806132613344e+00 1.000000000000000056e-01
4.819277108433734469e+00 6.235140177050421117e-01 1.000000000000000056e-01
5.220883534136546267e+00 5.083806642774137963e-01 1.000000000000000056e-01
5.622489959839357176e+00 2.287475331433967973e-01 1.000000000000000056e-01
6.024096385542168974e+00 3.290872053326801550e-01 1.000000000000000056e-01
6.425702811244979884e+00 2.175822643902565467e-01 1.000000000000000056e-01
6.827309236947790794e+00 5.143990498934228883e-01 1.000000000000000056e-01
7.228915662650602592e+00 4.888894414485354112e-01 1.000000000000000056e-01
7.630522088353413501e+00 7.316330411849519821e-01 1.000000000000000056e-01
8.032128514056225299e+00 9.702196074117125368e-01 1.000000000000000056e-01
8.433734939759036209e+00 8.798168656476490490e-01 1.000000000000000056e-01
8.835341365461847118e+00 9.872167234631504806e-01 1.000000000000000056e-01
9.236947791164658028e+00 7.710940858445974877e-01 1.000000000000000056e-01
9.638554216867468938e+00 3.734809344052435476e-01 1.000000000000000056e-01
1.004016064257028162e+01 8.580742176808553445e-02 1.000000000000000056e-01
1.044176706827309253e+01 -1.780315921633317811e-01 1.000000000000000056e-01
1.084337349397590344e+01 -4.776570797539438917e-01 1.000000000000000056e-01
1.124497991967871435e+01 -7.021546679902043175e-01 1.000000000000000056e-01
1.164658634538152526e+01 -4.338785405092400183e-01 1.000000000000000056e-01
1.204819277108433795e+01 -3.811189706842474934e-01 1.000000000000000056e-01
1.244979919678714886e+01 -1.058665637235843837e-01 1.000000000000000056e-01
1.285140562248995977e+01 2.680534895116516991e-01 1.000000000000000056e-01
1.325301204819277068e+01 6.464257655619553011e-01 1.000000000000000056e-01
1.365461847389558159e+01 8.111345684835189473e-01 1.000000000000000056e-01
1.405622489959839427e+01 1.295954216246028912e+00 1.000000000000000056e-01
1.445783132530120518e+01 1.867075941608783873e+00 1.000000000000000056e-01
1.485943775100401609e+01 2.085986916959903237e+00 1.000000000000000056e-01
1.526104417670682700e+01 2.334891578049843375e+00 1.000000000000000056e-01
1.566265060240963791e+01 2.690437005930574443e+00 1.000000000000000056e-01
1.606425702811245060e+01 2.564380794458036572e+00 1.000000000000000056e-01
1.646586345381525973e+01 2.626661325587248186e+00 1.000000000000000056e-01
1.686746987951807242e+01 2.286274032075285678e+00 1.000000000000000056e-01
1.726907630522088510e+01 1.941233429839629876e+00 1.000000000000000056e-01
1.767068273092369424e+01 1.465761899066148954e+00 1.000000000000000056e-01
1.807228915662650692e+01 9.208898038259396568e-01 1.000000000000000056e-01
1.847389558232931606e+01 9.644512549162709281e-02 1.000000000000000056e-01
1.887550200803212874e+01 -3.256497037655423643e-01 1.000000000000000056e-01
1.927710843373493788e+01 -5.292496639800640112e-01 1.000000000000000056e-01
1.967871485943775056e+01 -1.091458871600171410e+00 1.000000000000000056e-01
2.008032128514056325e+01 -1.337827837856791824e+00 1.000000000000000056e-01
2.048192771084337238e+01 -1.275299119451070995e+00 1.000000000000000056e-01
2.088353413654618507e+01 -1.102375325531138373e+00 1.000000000000000056e-01
2.128514056224899420e+01 -1.261142567956248683e+00 1.000000000000000056e-01
2.168674698795180689e+01 -1.118036766175591445e+00 1.000000000000000056e-01
2.208835341365461957e+01 -1.228420023519734894e+00 1.000000000000000056e-01
2.248995983935742871e+01 -9.824235110129617699e-01 1.000000000000000056e-01
2.289156626506024139e+01 -7.394783169670205991e-01 1.000000000000000056e-01
2.329317269076305053e+01 -8.879530151312613473e-01 1.000000000000000056e-01
2.369477911646586321e+01 -6.491136857613848399e-01 1.000000000000000056e-01
2.409638554216867590e+01 -6.239183818644202795e-01 1.000000000000000056e-01
2.449799196787148503e+01 -3.944273579248683825e-01 1.000000000000000056e-01
2.489959839357429772e+01 -4.020260949256562744e-02 1.000000000000000056e-01
2.530120481927710685e+01 3.287156393864468229e-04 1.000000000000000056e-01
2.570281124497991954e+01 2.488468995668476347e-01 1.000000000000000056e-01
2.610441767068273222e+01 5.466016452330531017e-01 1.000000000000000056e-01
2.650602409638554136e+01 1.243904930373198603e+00 1.000000000000000056e-01
2.690763052208835404e+01 1.787644055215195982e+00 1.000000000000000056e-01
2.730923694779116317e+01 2.168084379859303912e+00 1.000000000000000056e-01
2.771084337349397586e+01 2.574309118605119906e+00 1.000000000000000056e-01
2.811244979919678855e+01 2.935267203011268755e+00 1.000000000000000056e-01
2.851405622489959768e+01 3.015347386735807600e+00 1.000000000000000056e-01
2.891566265060241037e+01 2.676700388428915112e+00 1.000000000000000056e-01
2.931726907630521950e+01 2.190463170137702864e+00 1.000000000000000056e-01
2.971887550200803219e+01 1.795546913993059102e+00 1.000000000000000056e-01
3.012048192771084487e+01 1.403105307374534094e+00 1.000000000000000056e-01
3.052208835341365400e+01 6.989024967705895763e-01 1.000000000000000056e-01
3.092369477911646669e+01 7.382175058636460951e-01 1.000000000000000056e-01
3.132530120481927582e+01 6.239047271813864537e-01 1.000000000000000056e-01
3.172690763052208851e+01 6.854405088593100714e-01 1.000000000000000056e-01
3.212851405622490120e+01 6.656751907744188346e-01 1.000000000000000056e-01
3.253012048192771033e+01 7.700196437372640590e-01 1.000000000000000056e-01
3.293172690763051946e+01 9.569876152348292253e-01 1.000000000000000056e-01
3.333333333333333570e+01 8.429468786150187132e-01 1.000000000000000056e-01
3.373493975903614484e+01 3.460874881102085632e-01 1.000000000000000056e-01
3.413654618473895397e+01 1.935353545745497894e-01 1.000000000000000056e-01
3.453815261044177021e+01 -2.524640575314204827e-01 1.000000000000000056e-01
3.493975903614457934e+01 -7.515866948617146992e-01 1.000000000000000056e-01
3.534136546184738847e+01 -9.477104995610193816e-01 1.000000000000000056e-01
3.574297188755019761e+01 -1.118441973839330306e+00 1.000000000000000056e-01
3.614457831325301385e+01 -1.195161442746960345e+00 1.000000000000000056e-01
3.654618473895582298e+01 -1.197702352682804339e+00 1.000000000000000056e-01
3.694779116465863211e+01 -8.154781077988733085e-01 1.000000000000000056e-01
3.734939759036144835e+01 -8.559414715374347171e-01 1.000000000000000056e-01
3.775100401606425748e+01 -2.433799585761224349e-01 1.000000000000000056e-01
3.815261044176706662e+01 -1.160998787423209305e-01 1.000000000000000056e-01
3.855421686746987575e+01 8.529237149488975989e-02 1.000000000000000056e-01
3.895582329317269199e+01 1.683724548631302387e-01 1.000000000000000056e-01
3.935742971887550112e+01 2.196571871721143543e-01 1.000000000000000056e-01
3.975903614457831026e+01 8.438652775239224857e-03 1.000000000000000056e-01
4.016064257028112650e+01 -1.059650542400863427e-01 1.000000000000000056e-01
4.056224899598393563e+01 -2.460971750954456527e-01 1.000000000000000056e-01
4.096385542168674476e+01 -3.818754613850405266e-01 1.000000000000000056e-01
4.136546184738956100e+01 -3.513024540065379231e-01 1.000000000000000056e-01
4.176706827309237013e+01 -4.537483254727735504e-01 1.000000000000000056e-01
4.216867469879517927e+01 -4.013273815416255053e-01 1.000000000000000056e-01
4.257028112449798840e+01 -1.281729846104074921e-01 1.000000000000000056e-01
4.297188755020080464e+01 -2.821035267229724530e-01 1.000000000000000056e-01
4.337349397590361377e+01 -3.153628079612312285e-01 1.000000000000000056e-01
4.377510040160642291e+01 -6.325714026956043012e-01 1.000000000000000056e-01
4.417670682730923915e+01 -1.208403829903279991e+00 1.000000000000000056e-01
4.457831325301204828e+01 -1.777273621626858535e+00 1.000000000000000056e-01
4.497991967871485741e+01 -2.090741265440319463e+00 1.000000000000000056e-01
4.538152610441767365e+01 -2.431620397747067841e+00 1.000000000000000056e-01
4.578313253012048278e+01 -2.471665739727564759e+00 1.000000000000000056e-01
4.618473895582329192e+01 -2.530277737573576768e+00 1.000000000000000056e-01
4.658634538152610105e+01 -2.217582351024826703e+00 1.000000000000000056e-01
4.698795180722891729e+01 -2.072658635160226304e+00 1.000000000000000056e-01
4.738955823293172642e+01 -1.576656383859767585e+00 1.000000000000000056e-01
4.779116465863453556e+01 -1.468981995514949235e+00 1.000000000000000056e-01
4.819277108433735179e+01 -1.021948949413981733e+00 1.000000000000000056e-01
4.859437751004016093e+01 -5.921799015769038110e-01 1.000000000000000056e-01
4.899598393574297006e+01 -3.230526004190570899e-01 1.000000000000000056e-01
4.939759036144578630e+01 -1.672814230789845813e-01 1.000000000000000056e-01
4.979919678714859543e+01 -3.107568907542482273e-01 1.000000000000000056e-01
5.020080321285140457e+01 -1.696772689723024530e-01 1.000000000000000056e-01
5.060240963855421370e+01 -4.436640257955557498e-01 1.000000000000000056e-01
5.100401606425702994e+01 -6.367181124650133084e-01 1.000000000000000056e-01
5.140562248995983907e+01 -8.553257922841406291e-01 1.000000000000000056e-01
5.180722891566264821e+01 -9.042084166249925170e-01 1.000000000000000056e-01
5.220883534136546444e+01 -8.271514861245954364e-01 1.000000000000000056e-01
5.261044176706827358e+01 -8.870552000559811523e-01 1.000000000000000056e-01
5.301204819277108271e+01 -5.297841584747794430e-01 1.000000000000000056e-01
5.341365461847389184e+01 -3.633039066074275070e-01 1.000000000000000056e-01
5.381526104417670808e+01 6.469891016392934069e-02 1.000000000000000056e-01
5.421686746987951722e+01 4.593344053860655696e-01 1.000000000000000056e-01
5.461847389558232635e+01 2.765499571225727427e-01 1.000000000000000056e-01
5.502008032128514259e+01 3.742861523426882497e-01 1.000000000000000056e-01
5.542168674698795172e+01 4.922057205389653856e-01 1.000000000000000056e-01
5.582329317269076085e+01 2.745355993229917635e-01 1.000000000000000056e-01
5.622489959839357709e+01 1.654019203702993546e-01 1.000000000000000056e-01
5.662650602409638623e+01 -2.155616262788271342e-01 1.000000000000000056e-01
5.702811244979919536e+01 -6.755523093704973725e-01 1.000000000000000056e-01
5.742971887550200449e+01 -7.242784879459218672e-01 1.000000000000000056e-01
5.783132530120482073e+01 -1.229101091629838605e+00 1.000000000000000056e-01
5.823293172690762987e+01 -1.425280504731573750e+00 1.000000000000000056e-01
5.863453815261043900e+01 -1.540227133293936346e+00 1.000000000000000056e-01
5.903614457831325524e+01 -1.464679603601486857e+00 1.000000000000000056e-01
5.943775100401606437e+01 -1.348353318985076710e+00 1.000000000000000056e-01
5.983935742971887350e+01 -1.001247209216893141e+00 1.000000000000000056e-01
6.024096385542168974e+01 -6.269928756571797601e-01 1.000000000000000056e-01
6.064257028112449888e+01 -2.058900671918445502e-01 1.000000000000000056e-01
6.104417670682730801e+01 -2.564430150016445142e-01 1.000000000000000056e-01
6.144578313253011714e+01 -3.147118334363345760e-01 1.000000000000000056e-01
6.184738955823293338e+01 -6.766368824467168253e-01 1.000000000000000056e-01
6.224899598393574252e+01 -9.247001712367844961e-01 1.000000000000000056e-01
6.265060240963855165e+01 -1.503126266869630134e+00 1.000000000000000056e-01
6.305220883534136789e+01 -1.935340583891179023e+00 1.000000000000000056e-01
6.345381526104417702e+01 -2.214410507426266772e+00 1.000000000000000056e-01
6.385542168674698615e+01 -2.389529596839732761e+00 1.000000000000000056e-01
6.425702811244980239e+01 -2.042961338411411809e+00 1.000000000000000056e-01
6.465863453815261153e+01 -2.129010632623012711e+00 1.000000000000000056e-01
6.506024096385542066e+01 -1.645692840031851123e+00 1.000000000000000056e-01
6.546184738955822979e+01 -1.530058696403422402e+00 1.000000000000000056e-01
6.586345381526103893e+01 -1.161574872670212200e+00 1.000000000000000056e-01
6.626506024096384806e+01 -8.718933729873812322e-01 1.000000000000000056e-01
6.666666666666667140e+01 -5.871276805227650941e-01 1.000000000000000056e-01
6.706827309236948054e+01 -4.126334585797807875e-01 1.000000000000000056e-01
6.746987951807228967e+01 -3.445166122740166981e-01 1.000000000000000056e-01
6.787148594377509880e+01 -1.569473702562904638e-01 1.000000000000000056e-01
6.827309236947790794e+01 -2.800111146948419116e-01 1.000000000000000056e-01
6.867469879518071707e+01 -1.818440135229887067e-01 1.000000000000000056e-01
6.907630522088354041e+01 -5.716778371136747861e-02 1.000000000000000056e-01
6.947791164658634955e+01 -2.057428032420639819e-02 1.000000000000000056e-01
6.987951807228915868e+01 -2.245577222464782141e-01 1.000000000000000056e-01
7.028112449799196781e+01 -4.150270044138917314e-01 1.000000000000000056e-01
7.068273092369477695e+01 -1.050248284560104661e+00 1.000000000000000056e-01
7.108433734939758608e+01 -1.198591115666516993e+00 1.000000000000000056e-01
7.148594377510039521e+01 -1.733391952388337653e+00 1.000000000000000056e-01
7.188755020080321856e+01 -2.253092063361909148e+00 1.000000000000000056e-01
7.228915662650602769e+01 -2.603961466632700006e+00 1.000000000000000056e-01
7.269076305220883683e+01 -2.576382961179918052e+00 1.000000000000000056e-01
7.309236947791164596e+01 -2.779045787239254661e+00 1.000000000000000056e-01
7.349397590361445509e+01 -2.269419032564157668e+00 1.000000000000000056e-01
7.389558232931726423e+01 -1.965916233408648184e+00 1.000000000000000056e-01
7.429718875502007336e+01 -1.703991923645511886e+00 1.000000000000000056e-01
7.469879518072289670e+01 -1.178379835653985186e+00 1.000000000000000056e-01
7.510040160642570584e+01 -1.110525985679045702e+00 1.000000000000000056e-01
7.550200803212851497e+01 -7.820587901076426762e-01 1.000000000000000056e-01
7.590361445783132410e+01 -4.793280893133746723e-01 1.000000000000000056e-01
7.630522088353413324e+01 -1.285086891171084156e-01 1.000000000000000056e-01
7.670682730923694237e+01 2.563941675689337396e-01 1.000000000000000056e-01
7.710843373493975150e+01 4.727213375541101659e-01 1.000000000000000056e-01
7.751004016064257485e+01 6.006128829841553829e-01 1.000000000000000056e-01
7.791164658634538398e+01 7.278492162332774740e-01 1.000000000000000056e-01
7.831325301204819311e+01 4.638963058034800691e-01 1.000000000000000056e-01
7.871485943775100225e+01 -2.018573797454854546e-01 1.000000000000000056e-01
7.911646586345381138e+01 -8.226499092355297194e-01 1.000000000000000056e-01
7.951807228915662051e+01 -1.426692874233552288e+00 1.000000000000000056e-01
7.991967871485944386e+01 -1.840181359882030687e+00 1.000000000000000056e-01
8.032128514056225299e+01 -1.844695000861706902e+00 1.000000000000000056e-01
8.072289156626506212e+01 -1.735149995095219833e+00 1.000000000000000056e-01
8.112449799196787126e+01 -1.466795974354255794e+00 1.000000000000000056e-01
8.152610441767068039e+01 -7.291995774133468444e-01 1.000000000000000056e-01
8.192771084337348952e+01 2.583931475166100777e-01 1.000000000000000056e-01
8.232931726907629866e+01 7.466122110055777306e-01 1.000000000000000056e-01
8.273092369477912200e+01 1.115445401943100823e+00 1.000000000000000056e-01
8.313253012048193114e+01 1.144598714922488547e+00 1.000000000000000056e-01
8.353413654618474027e+01 6.553411904037235169e-01 1.000000000000000056e-01
8.393574297188754940e+01 -1.123403189530275403e-01 1.000000000000000056e-01
8.433734939759035854e+01 -7.685773049488965336e-01 1.000000000000000056e-01
8.473895582329316767e+01 -1.874961264699744445e+00 1.000000000000000056e-01
8.514056224899597680e+01 -2.396602056521301538e+00 1.000000000000000056e-01
8.554216867469880015e+01 -2.844519949104964418e+00 1.000000000000000056e-01
8.594377510040160928e+01 -2.994111324045739320e+00 1.000000000000000056e-01
8.634538152610441841e+01 -2.805793935600374045e+00 1.000000000000000056e-01
8.674698795180722755e+01 -2.565340232333934267e+00 1.000000000000000056e-01
8.714859437751003668e+01 -2.051364933006337932e+00 1.000000000000000056e-01
8.755020080321284581e+01 -1.448043473283856075e+00 1.000000000000000056e-01
8.795180722891566916e+01 -1.169627387531185336e+00 1.000000000000000056e-01
8.835341365461847829e+01 -5.515756060419509943e-01 1.000000000000000056e-01
8.875502008032128742e+01 -1.396344844904906790e-01 1.000000000000000056e-01
8.915662650602409656e+01 2.857827126793852091e-01 1.000000000000000056e-01
8.955823293172690569e+01 7.091394288150193459e-01 1.000000000000000056e-01
8.995983935742971482e+01 7.852409129241227914e-01 1.000000000000000056e-01
9.036144578313252396e+01 1.449562097440008079e+00 1.000000000000000056e-01
9.076305220883534730e+01 1.659635106276795780e+00 1.000000000000000056e-01
9.116465863453815643e+01 1.894550321995522868e+00 1.000000000000000056e-01
9.156626506024096557e+01 2.167837932331196260e+00 1.000000000000000056e-01
9.196787148594377470e+01 2.230603381097683968e+00 1.000000000000000056e-01
9.236947791164658383e+01 2.409645987801245948e+00 1.000000000000000056e-01
9.277108433734939297e+01 2.715593423696195607e+00 1.000000000000000056e-01
9.317269076305220210e+01 3.022993112980488561e+00 1.000000000000000056e-01
9.357429718875502545e+01 3.180819549552457381e+00 1.000000000000000056e-01
9.397590361445783458e+01 3.090160970230499515e+00 1.000000000000000056e-01
9.437751004016064371e+01 3.275137499244198391e+00 1.000000000000000056e-01
9.477911646586345285e+01 2.907436205585536726e+00 1.000000000000000056e-01
9.518072289156626198e+01 2.551710285490006225e+00 1.000000000000000056e-01
9.558232931726907111e+01 2.524024836608075972e+00 1.000000000000000056e-01
9.598393574297188025e+01 2.177833051441885104e+00 1.000000000000000056e-01
9.638554216867470359e+01 2.017816698432312705e+00 1.000000000000000056e-01
9.678714859437751272e+01 2.081566358189678390e+00 1.000000000000000056e-01
9.718875502008032186e+01 2.074872046485518595e+00 1.000000000000000056e-01
9.759036144578313099e+01 2.489867504346416016e+00 1.000000000000000056e-01
9.799196787148594012e+01 2.646272392454462441e+00 1.000000000000000056e-01
9.839357429718874926e+01 2.937837857741774528e+00 1.000000000000000056e-01
9.879518072289157260e+01 3.331961014021625367e+00 1.000000000000000056e-01
9.919678714859438173e+01 3.545196119015391112e+00 1.000000000000000056e-01
9.959839357429719087e+01 3.902962370823100713e+00 1.000000000000000056e-01
1.000000000000000000e+02 3.378158857664042447e+00 1.000000000000000056e-01
