0.000000000000000000e+00 -1.637920242244478075e+00 1.000000000000000056e-01
4.016064257028112428e-01 -1.633576111024471533e+00 1.000000000000000056e-01
8.032128514056224855e-01 -1.714913620368232694e+00 1.000000000000000056e-01
1.204819277108433617e+00 -1.474453062978804407e+00 1.000000000000000056e-01
1.606425702811244971e+00 -1.841407495599055588e+00 1.000000000000000056e-01
2.008032128514056325e+00 -2.087197337530912300e+00 1.000000000000000056e-01
2.409638554216867234e+00 -2.327533575701290047e+00 1.000000000000000056e-01
2.811244979919678588e+00 -2.192161136844978930e+00 1.000000000000000056e-01
3.212851405622489942e+00 -2.364422829234606560e+00 1.000000000000000056e-01
3.614457831325301296e+00 -2.118572541735560311e+00 1.000000000000000056e-01
4.016064257028112650e+00 -1.556662331557557621e+00 1.000000000000000056e-01
4.417670682730923559e+00 -1.117595049715589983e+00 1.000000000000000056e-01
4.819277108433734469e+00 -9.949628257742659798e-01 1.000000000000000056e-01
5.220883534136546267e+00 -9.718297339724339956e-01 1.000000000000000056e-01
5.622489959839357176e+00 -1.347090884243087539e+00 1.000000000000000056e-01
6.024096385542168974e+00 -1.540129400772034529e+00 1.000000000000000056e-01
6.425702811244979884e+00 -1.595644509423276514e+00 1.000000000000000056e-01
6.827309236947790794e+00 -1.558409153936471725e+00 1.000000000000000056e-01
7.228915662650602592e+00 -1.212664202913391165e+00 1.000000000000000056e-01
7.630522088353413501e+00 -5.482987572604858251e-01 1.000000000000000056e-01
8.032128514056225299e+00 8.526204873043896626e-02 1.000000000000000056e-01
8.433734939759036209e+00 7.970677400713287453e-01 1.000000000000000056e-01
8.835341365461847118e+00 1.908284810513150909e+00 1.000000000000000056e-01
9.236947791164658028e+00 2.303454586717287533e+00 1.000000000000000056e-01
9.638554216867468938e+00 2.651306549538429813e+00 1.000000000000000056e-01
1.004016064257028162e+01 2.570615368825929892e+00 1.000000000000000056e-01
1.044176706827309253e+01 2.506136878444234828e+00 1.000000000000000056e-01
1.084337349397590344e+01 2.499759229552641404e+00 1.000000000000000056e-01
1.124497991967871435e+01 2.257310683426161368e+00 1.000000000000000056e-01
1.164658634538152526e+01 2.213515216462408564e+00 1.000000000000000056e-01
1.204819277108433795e+01 1.634068016977836990e+00 1.000000000000000056e-01
1.244979919678714886e+01 8.872669784973017393e-01 1.000000000000000056e-01
1.285140562248995977e+01 4.701368611879470083e-01 1.000000000000000056e-01
1.325301204819277068e+01 -2.865190858339235480e-01 1.000000000000000056e-01
1.365461847389558159e+01 -6.345571384182387975e-01 1.000000000000000056e-01
1.405622489959839427e+01 -8.798095152688166776e-01 1.000000000000000056e-01
1.445783132530120518e+01 -7.759270250354118881e-01 1.000000000000000056e-01
1.485943775100401609e+01 -6.578812250995220712e-01 1.000000000000000056e-01
1.526104417670682700e+01 -3.968115834085524929e-01 1.000000000000000056e-01
1.566265060240963791e+01 -1.492725012804706486e-01 1.000000000000000056e-01
1.606425702811245060e+01 -1.636587768000241638e-01 1.000000000000000056e-01
1.646586345381525973e+01 -4.890920300051578296e-01 1.000000000000000056e-01
1.686746987951807242e+01 -1.070255994747357553e+00 1.000000000000000056e-01
1.726907630522088510e+01 -1.570641506906513385e+00 1.000000000000000056e-01
1.767068273092369424e+01 -1.346682800279578540e+00 1.000000000000000056e-01
1.807228915662650692e+01 -7.293188047553327280e-01 1.000000000000000056e-01
1.847389558232931606e+01 -3.621281285381539594e-01 1.000000000000000056e-01
1.887550200803212874e+01 1.774392780686490922e-01 1.000000000000000056e-01
1.927710843373493788e+01 2.184064894694015546e-01 1.000000000000000056e-01
1.967871485943775056e+01 -2.224205890373395500e-01 1.000000000000000056e-01
2.008032128514056325e+01 -9.740048748507927900e-01 1.000000000000000056e-01
2.048192771084337238e+01 -1.909551201012788413e+00 1.000000000000000056e-01
2.088353413654618507e+01 -2.379848815724131761e+00 1.000000000000000056e-01
2.128514056224899420e+01 -2.522173440967305780e+00 1.000000000000000056e-01
2.168674698795180689e+01 -2.049727735047768284e+00 1.000000000000000056e-01
2.208835341365461957e+01 -1.673911253903911600e+00 1.000000000000000056e-01
2.248995983935742871e+01 -9.822948158272206687e-01 1.000000000000000056e-01
2.289156626506024139e+01 -7.379597058104528928e-01 1.000000000000000056e-01
2.329317269076305053e+01 -4.928096945800158335e-01 1.000000000000000056e-01
2.369477911646586321e+01 -6.709219436108031509e-01 1.000000000000000056e-01
2.409638554216867590e+01 -9.268708121707042169e-01 1.000000000000000056e-01
2.449799196787148503e+01 -8.706331570260275043e-01 1.000000000000000056e-01
2.489959839357429772e+01 -8.641751330779896545e-01 1.000000000000000056e-01
2.530120481927710685e+01 -1.093651239290796884e+00 1.000000000000000056e-01
2.570281124497991954e+01 -1.257833958103085070e+00 1.000000000000000056e-01
2.610441767068273222e+01 -2.104768950346840306e+00 1.000000000000000056e-01
2.650602409638554136e+01 -2.370567479522357246e+00 1.000000000000000056e-01
2.690763052208835404e+01 -2.898183627758696534e+00 1.000000000000000056e-01
2.730923694779116317e+01 -3.182684829612354438e+00 1.000000000000000056e-01
2.771084337349397586e+01 -3.561192187656107233e+00 1.000000000000000056e-01
2.811244979919678855e+01 -3.655945205883476046e+00 1.000000000000000056e-01
2.851405622489959768e+01 -3.188235854339532604e+00 1.000000000000000056e-01
2.891566265060241037e+01 -3.133927634044066934e+00 1.000000000000000056e-01
2.931726907630521950e+01 -2.608491987833271075e+00 1.000000000000000056e-01
2.971887550200803219e+01 -2.286607777160837962e+00 1.000000000000000056e-01
3.012048192771084487e+01 -2.320822335296602201e+00 1.000000000000000056e-01
3.052208835341365400e+01 -2.302211014373288123e+00 1.000000000000000056e-01
3.092369477911646669e+01 -2.467743073715963575e+00 1.000000000000000056e-01
3.132530120481927582e+01 -1.991060051572005607e+00 1.000000000000000056e-01
3.172690763052208851e+01 -1.636369778612061232e+00 1.000000000000000056e-01
3.212851405622490120e+01 -7.467896514051998169e-01 1.000000000000000056e-01
3.253012048192771033e+01 -1.058055442371222260e-01 1.000000000000000056e-01
3.293172690763051946e+01 4.116224251022755909e-01 1.000000000000000056e-01
3.333333333333333570e+01 1.063715762823204125e+00 1.000000000000000056e-01
3.373493975903614484e+01 1.449855973711831947e+00 1.000000000000000056e-01
3.413654618473895397e+01 2.052695137096253841e+00 1.000000000000000056e-01
3.453815261044177021e+01 2.444140362993700855e+00 1.000000000000000056e-01
3.493975903614457934e+01 2.422463697422907014e+00 1.000000000000000056e-01
3.534136546184738847e+01 2.060750919098228717e+00 1.000000000000000056e-01
3.574297188755019761e+01 1.508881272785690619e+00 1.000000000000000056e-01
3.614457831325301385e+01 8.577154585581631130e-01 1.000000000000000056e-01
3.654618473895582298e+01 2.274769500180729431e-01 1.000000000000000056e-01
3.694779116465863211e+01 2.032172119098168972e-02 1.000000000000000056e-01
3.734939759036144835e+01 1.419951675799280277e-01 1.000000000000000056e-01
3.775100401606425748e+01 2.498666200342587740e-01 1.000000000000000056e-01
3.815261044176706662e+01 4.401545345919192220e-01 1.000000000000000056e-01
3.855421686746987575e+01 4.640005185566819512e-01 1.000000000000000056e-01
3.895582329317269199e+01 8.701389136762209819e-01 1.000000000000000056e-01
3.935742971887550112e+01 7.996294169996603918e-01 1.000000000000000056e-01
3.975903614457831026e+01 7.157479343120822790e-01 1.000000000000000056e-01
4.016064257028112650e+01 8.018050782298153933e-01 1.000000000000000056e-01
4.056224899598393563e+01 4.693279950395549127e-01 1.000000000000000056e-01
4.096385542168674476e+01 4.898986968094610206e-01 1.000000000000000056e-01
4.136546184738956100e+01 5.941405459064575956e-01 1.000000000000000056e-01
4.176706827309237013e+01 4.204345196637252480e-01 1.000000000000000056e-01
4.216867469879517927e+01 7.227754297826255447e-01 1.000000000000000056e-01
4.257028112449798840e+01 9.120838540710392017e-01 1.000000000000000056e-01
4.297188755020080464e+01 1.204322251896572604e+00 1.000000000000000056e-01
4.337349397590361377e+01 1.396491510903600908e+00 1.000000000000000056e-01
4.377510040160642291e+01 1.716932361082108782e+00 1.000000000000000056e-01
4.417670682730923915e+01 1.911428164271382846e+00 1.000000000000000056e-01
4.457831325301204828e+01 1.715257453724634118e+00 1.000000000000000056e-01
4.497991967871485741e+01 1.613533102148391185e+00 1.000000000000000056e-01
4.538152610441767365e+01 1.479794685457918701e+00 1.000000000000000056e-01
4.578313253012048278e+01 1.308682814623141288e+00 1.000000000000000056e-01
4.618473895582329192e+01 1.196849090502792645e+00 1.000000000000000056e-01
4.658634538152610105e+01 8.185525868339007527e-01 1.000000000000000056e-01
4.698795180722891729e+01 7.842885338604541623e-01 1.000000000000000056e-01
4.738955823293172642e+01 5.653228943528121331e-01 1.000000000000000056e-01
4.779116465863453556e+01 1.689156883124969255e-01 1.000000000000000056e-01
4.819277108433735179e+01 4.024769984683373436e-01 1.000000000000000056e-01
4.859437751004016093e+01 5.188545723606495796e-01 1.000000000000000056e-01
4.899598393574297006e+01 6.046298078481050498e-01 1.000000000000000056e-01
4.939759036144578630e+01 4.731404380319500502e-01 1.000000000000000056e-01
4.979919678714859543e+01 7.324978675083806401e-01 1.000000000000000056e-01
5.020080321285140457e+01 1.136415133564150581e+00 1.000000000000000056e-01
5.060240963855421370e+01 1.836624802794454059e+00 1.000000000000000056e-01
5.100401606425702994e+01 2.566122792808652520e+00 1.000000000000000056e-01
5.140562248995983907e+01 3.259887753858096371e+00 1.000000000000000056e-01
5.180722891566264821e+01 3.651739812864347012e+00 1.000000000000000056e-01
5.220883534136546444e+01 3.700289132333303144e+00 1.000000000000000056e-01
5.261044176706827358e+01 3.438521000124842075e+00 1.000000000000000056e-01
5.301204819277108271e+01 2.966050316576913648e+00 1.000000000000000056e-01
5.341365461847389184e+01 2.247848214989708104e+00 1.000000000000000056e-01
5.381526104417670808e+01 2.064295583451022598e+00 1.000000000000000056e-01
5.421686746987951722e+01 1.777324309502685384e+00 1.000000000000000056e-01
5.461847389558232635e+01 1.965633159452120804e+00 1.000000000000000056e-01
5.502008032128514259e+01 1.983446977479443873e+00 1.000000000000000056e-01
5.542168674698795172e+01 2.038072715957001790e+00 1.000000000000000056e-01
5.582329317269076085e+01 1.757697241772067098e+00 1.000000000000000056e-01
5.622489959839357709e+01 1.185464148563820652e+00 1.000000000000000056e-01
5.662650602409638623e+01 8.644448575469496632e-01 1.000000000000000056e-01
5.702811244979919536e+01 7.545002331526531325e-01 1.000000000000000056e-01
5.742971887550200449e+01 6.516674257864562003e-01 1.000000000000000056e-01
5.783132530120482073e+01 5.033165189048389720e-01 1.000000000000000056e-01
5.823293172690762987e+01 5.476189914933848879e-01 1.000000000000000056e-01
5.863453815261043900e+01 -1.035649173018816926e-01 1.000000000000000056e-01
5.903614457831325524e+01 -7.180395419807166224e-01 1.000000000000000056e-01
5.943775100401606437e+01 -1.390119794318949831e+00 1.000000000000000056e-01
5.983935742971887350e+01 -1.582861344009992344e+00 1.000000000000000056e-01
6.024096385542168974e+01 -1.848086157223870263e+00 1.000000000000000056e-01
6.064257028112449888e+01 -1.859945089560347542e+00 1.000000000000000056e-01
6.104417670682730801e+01 -1.802610872820641807e+00 1.000000000000000056e-01
6.144578313253011714e+01 -1.822034569302822815e+00 1.000000000000000056e-01
6.184738955823293338e+01 -1.889325747382694320e+00 1.000000000000000056e-01
6.224899598393574252e+01 -1.732747658785194433e+00 1.000000000000000056e-01
6.265060240963855165e+01 -1.255785843515733635e+00 1.000000000000000056e-01
6.305220883534136789e+01 -1.002168984182966405e+00 1.000000000000000056e-01
6.345381526104417702e+01 -9.299686395026861563e-01 1.000000000000000056e-01
6.385542168674698615e+01 -7.585455456953272835e-01 1.000000000000000056e-01
6.425702811244980239e+01 -7.400560944213808723e-01 1.000000000000000056e-01
6.465863453815261153e+01 -1.125866067734221376e+00 1.000000000000000056e-01
6.506024096385542066e+01 -1.443607470049125263e+00 1.000000000000000056e-01
6.546184738955822979e+01 -1.700218954936743687e+00 1.000000000000000056e-01
6.586345381526103893e+01 -1.660335558467080252e+00 1.000000000000000056e-01
6.626506024096384806e+01 -1.670410843213161467e+00 1.000000000000000056e-01
6.666666666666667140e+01 -1.412450745111335282e+00 1.000000000000000056e-01
6.706827309236948054e+01 -8.185956630420102575e-01 1.000000000000000056e-01
6.746987951807228967e+01 -4.534941737294403419e-01 1.000000000000000056e-01
6.787148594377509880e+01 -2.540477477288421992e-01 1.000000000000000056e-01
6.827309236947790794e+01 -2.701450139773940995e-01 1.000000000000000056e-01
6.867469879518071707e+01 -4.482394748369369908e-01 1.000000000000000056e-01
6.907630522088354041e+01 -4.766973341513058848e-01 1.000000000000000056e-01
6.947791164658634955e+01 -3.282266507402222810e-01 1.000000000000000056e-01
6.987951807228915868e+01 -9.124017837226744421e-02 1.000000000000000056e-01
7.028112449799196781e+01 6.029963803388307952e-02 1.000000000000000056e-01
7.068273092369477695e+01 4.917297407139168408e-01 1.000000000000000056e-01
7.108433734939758608e+01 7.719270526082869788e-01 1.000000000000000056e-01
7.148594377510039521e+01 7.359283911358068808e-01 1.000000000000000056e-01
7.188755020080321856e+01 7.437285968489708576e-01 1.000000000000000056e-01
7.228915662650602769e+01 4.334861319108206934e-01 1.000000000000000056e-01
7.269076305220883683e+01 2.465507971662156683e-01 1.000000000000000056e-01
7.309236947791164596e+01 -1.602892627064697872e-01 1.000000000000000056e-01
7.349397590361445509e+01 -3.407628119784853471e-01 1.000000000000000056e-01
7.389558232931726423e+01 -3.198205348182898700e-01 1.000000000000000056e-01
7.429718875502007336e+01 -4.863490606779283798e-01 1.000000000000000056e-01
7.469879518072289670e+01 -6.870684367796223158e-02 1.000000000000000056e-01
7.510040160642570584e+01 2.148090615534152537e-02 1.000000000000000056e-01
7.550200803212851497e+01 -5.114749695204436064e-02 1.000000000000000056e-01
7.590361445783132410e+01 -8.944058620269393356e-02 1.000000000000000056e-01
7.630522088353413324e+01 -3.213339814389238325e-01 1.000000000000000056e-01
7.670682730923694237e+01 -3.911791876555799630e-01 1.000000000000000056e-01
7.710843373493975150e+01 -5.125289608024452548e-01 1.000000000000000056e-01
7.751004016064257485e+01 -5.176967789023871891e-01 1.000000000000000056e-01
7.791164658634538398e+01 -2.348081023435374670e-01 1.000000000000000056e-01
7.831325301204819311e+01 -4.685398350533603873e-02 1.000000000000000056e-01
7.871485943775100225e+01 4.211267540028423850e-02 1.000000000000000056e-01
7.911646586345381138e+01 -2.854823078326352292e-01 1.000000000000000056e-01
7.951807228915662051e+01 -4.853907530682476379e-01 1.000000000000000056e-01
7.991967871485944386e+01 -5.095625375535470791e-01 1.000000000000000056e-01
8.032128514056225299e+01 -3.739112243105872646e-01 1.000000000000000056e-01
8.072289156626506212e+01 -3.024036721404214090e-01 1.000000000000000056e-01
8.112449799196787126e+01 -5.115294824583196398e-01 1.000000000000000056e-01
8.152610441767068039e+01 -5.777062478528186551e-01 1.000000000000000056e-01
8.192771084337348952e+01 -2.783640753459726835e-01 1.000000000000000056e-01
8.232931726907629866e+01 3.413899765537341535e-01 1.000000000000000056e-01
8.273092369477912200e+01 7.399149852352089329e-01 1.000000000000000056e-01
8.313253012048193114e+01 1.092367339733618437e+00 1.000000000000000056e-01
8.353413654618474027e+01 1.494752255516191841e+00 1.000000000000000056e-01
8.393574297188754940e+01 1.865003764236719652e+00 1.000000000000000056e-01
8.433734939759035854e+01 1.825827999999998452e+00 1.000000000000000056e-01
8.473895582329316767e+01 1.831539698330354904e+00 1.000000000000000056e-01
8.514056224899597680e+01 1.809387180745483104e+00 1.000000000000000056e-01
8.554216867469880015e+01 1.363279189025804916e+00 1.000000000000000056e-01
8.594377510040160928e+01 1.010847395858830211e+00 1.000000000000000056e-01
8.634538152610441841e+01 2.958057837217523689e-01 1.000000000000000056e-01
8.674698795180722755e+01 -1.385046344310590927e-01 1.000000000000000056e-01
8.714859437751003668e+01 -5.566106629450072729e-01 1.000000000000000056e-01
8.755020080321284581e+01 -9.319601432458199941e-01 1.000000000000000056e-01
8.795180722891566916e+01 -1.048607158716984067e+00 1.000000000000000056e-01
8.835341365461847829e+01 -1.464855496430047088e+00 1.000000000000000056e-01
8.875502008032128742e+01 -1.828054994821660451e+00 1.000000000000000056e-01
8.915662650602409656e+01 -2.260710995748483221e+00 1.000000000000000056e-01
8.955823293172690569e+01 -2.035339988411434931e+00 1.000000000000000056e-01
8.995983935742971482e+01 -1.638547083878544974e+00 1.000000000000000056e-01
9.036144578313252396e+01 -6.261254534049729426e-01 1.000000000000000056e-01
9.076305220883534730e+01 7.447822637730724393e-01 1.000000000000000056e-01
9.116465863453815643e+01 2.005048816248904853e+00 1.000000000000000056e-01
9.156626506024096557e+01 2.578951323434666598e+00 1.000000000000000056e-01
9.196787148594377470e+01 2.655990985635506174e+00 1.000000000000000056e-01
9.236947791164658383e+01 2.313090142734052002e+00 1.000000000000000056e-01
9.277108433734939297e+01 1.418843244560184180e+00 1.000000000000000056e-01
9.317269076305220210e+01 3.609097961259383203e-01 1.000000000000000056e-01
9.357429718875502545e+01 -4.244743680145141029e-01 1.000000000000000056e-01
9.397590361445783458e+01 -8.793433050990832056e-01 1.000000000000000056e-01
9.437751004016064371e+01 -1.543223883062391222e+00 1.000000000000000056e-01
9.477911646586345285e+01 -2.032530291939194100e+00 1.000000000000000056e-01
9.518072289156626198e+01 -2.228349074046153788e+00 1.000000000000000056e-01
9.558232931726907111e+01 -2.609469323243556182e+00 1.000000000000000056e-01
9.598393574297188025e+01 -2.369894793022672808e+00 1.000000000000000056e-01
9.638554216867470359e+01 -2.492772716507858810e+00 1.000000000000000056e-01
9.678714859437751272e+01 -2.148777779619190920e+00 1.000000000000000056e-01
9.718875502008032186e+01 -1.943484810960056652e+00 1.000000000000000056e-01
9.759036144578313099e+01 -1.625435134951435323e+00 1.000000000000000056e-01
9.799196787148594012e+01 -1.427568773934666746e+00 1.000000000000000056e-01
9.839357429718874926e+01 -8.662237657432249049e-01 1.000000000000000056e-01
9.879518072289157260e+01 -4.592590752314259506e-01 1.000000000000000056e-01
9.919678714859438173e+01 -1.626377349547962481e-01 1.000000000000000056e-01
9.959839357429719087e+01 6.138418250849217439e-02 1.000000000000000056e-01
1.000000000000000000e+02 5.048046706726273536e-01 1.000000000000000056e-01
